time,run,dwelling_id,hp_elec_kw,boiler_gas_kw,ev_charge_kw,appliance_kw,tariff_elec_price,tariff_gas_price,tariff_offset_steps,Tin_C,T_tank_C,V_stor_m3,Q_hp_space_w,Q_bo_space_w,Q_hp_hw_w,Q_bo_hw_w,ev_soc_kwh,solve_status
2021-02-07 00:00:00,1,81,0.0,0.0,0.0,0.06459999999999999,6.615,6.0,-4,21.0,55.0,0.12,0.0,0.0,0.0,0.0,47.952,optimal
2021-02-07 00:30:00,1,81,0.0,0.0,0.0,0.1108,6.174,6.0,-4,20.860390081171882,55.0,0.12,0.0,0.0,0.0,0.0,47.904047999999996,optimal
2021-02-07 01:00:00,1,81,2.0,0.0,0.0,0.056,3.906,6.0,-4,20.724651543822052,55.0,0.096,7000.0,0.0,0.0,0.0,47.856143952,optimal
2021-02-07 01:30:00,1,81,2.0,0.0,0.0,0.1174,2.3415,6.0,-4,21.142399404195377,55.0,0.096,7000.0,0.0,0.0,0.0,47.80828780804799,optimal
2021-02-07 02:00:00,1,81,2.0,0.0,0.0,0.058,2.205,6.0,-4,21.536834993376722,55.0,0.096,7000.0,0.0,0.0,0.0,47.76047952023995,optimal
2021-02-07 02:30:00,1,81,2.0,0.0,1.416873126649316,0.058,0.882,6.0,-4,21.922812666985962,55.0,0.096,7000.0,0.0,0.0,0.0,48.38573377587813,optimal
2021-02-07 03:00:00,1,81,2.0,0.0,0.0,0.1174,1.5435,6.0,-4,22.304492063238026,55.0,0.096,7000.0,0.0,0.0,0.0,48.33734804210225,optimal
2021-02-07 03:30:00,1,81,2.0,0.0,0.0,0.058,1.5435,6.0,-4,22.686438259938598,55.0,0.096,7000.0,0.0,0.0,0.0,48.289010694060146,optimal
2021-02-07 04:00:00,1,81,0.0,0.0,0.0,0.058,5.0715,6.0,-4,23.06003700472789,55.0,0.096,0.0,0.0,0.0,0.0,48.240721683366075,optimal
2021-02-07 04:30:00,1,81,0.0,0.0,0.0,0.058,5.376,6.0,-4,22.896397120041208,55.0,0.096,0.0,0.0,0.0,0.0,48.192480961682705,optimal
2021-02-07 05:00:00,1,81,0.723856266174327,0.0,0.0,0.1009,5.0715,6.0,-4,22.734204564417723,55.0,0.096,2533.496931610144,0.0,0.0,0.0,48.144288480721016,optimal
2021-02-07 05:30:00,1,81,0.0,0.0,0.0,0.0745,5.5125,6.0,-4,22.769801869501606,55.0,0.096,0.0,0.0,0.0,0.0,48.096144192240295,optimal
2021-02-07 06:00:00,1,81,0.0,0.0,0.0,0.058,9.261,6.0,-4,22.60998651504827,55.0,0.096,0.0,0.0,0.0,0.0,48.048048048048045,optimal
2021-02-07 06:30:00,1,81,0.0,0.0,0.0,0.10286666666666666,11.7075,6.0,-4,22.450327146205062,55.0,0.09266666666666666,0.0,0.0,0.0,0.0,48.0,optimal
2021-02-07 07:00:00,1,81,0.0,0.0,0.0,0.0692,12.348,6.0,-4,22.299020184496037,55.0,0.09066666666666667,0.0,0.0,0.0,0.0,47.66995110443155,optimal
2021-02-07 07:30:00,1,81,0.0,0.0,0.0,0.056,12.348,6.0,-4,22.143502960950098,55.0,0.08533333333333333,0.0,0.0,0.0,0.0,47.340232257758665,optimal
2021-02-07 08:00:00,1,81,0.0,0.0,0.0,0.07856666666666666,12.1275,6.0,-4,22.0,55.0,0.08533333333333333,0.0,0.0,0.0,0.0,47.010843129932454,optimal
2021-02-07 08:30:00,1,81,0.0,0.0,0.0,0.11723333333333331,12.5265,6.0,-4,21.866568303338585,55.0,0.08133333333333333,0.0,0.0,0.0,0.0,46.68178339123407,optimal
2021-02-07 09:00:00,1,81,0.0,0.0,0.0,0.068,11.7495,6.0,-4,21.71640647193637,55.0,0.08133333333333333,0.0,0.0,0.0,0.0,46.35305271227438,optimal
2021-02-07 09:30:00,1,81,0.0,0.0,0.0,0.09440000000000001,13.23,6.0,-4,21.541022448407237,55.0,0.08133333333333333,0.0,0.0,0.0,0.0,46.024650763993655,optimal
2021-02-07 10:00:00,1,81,0.0,0.0,0.0,0.101,14.3325,6.0,-4,21.36964388328376,55.0,0.08133333333333333,0.0,0.0,0.0,0.0,45.69657721766121,optimal
2021-02-07 10:30:00,1,81,0.0,0.0,0.0,0.0845,14.994,6.0,-4,21.200726332371357,55.0,0.08133333333333333,0.0,0.0,0.0,0.0,45.368831744875095,optimal
2021-02-07 11:00:00,1,81,0.0,0.0,0.0,0.11090000000000001,14.8155,6.0,-4,21.03116081250081,55.0,0.08133333333333333,0.0,0.0,0.0,0.0,45.04141401756177,optimal
2021-02-07 11:30:00,1,81,0.0,0.0,0.0,0.068,14.112,6.0,-4,20.864222602838087,55.0,0.08133333333333333,0.0,0.0,0.0,0.0,44.71432370797576,optimal
2021-02-07 12:00:00,1,81,0.0,0.0,0.0,0.068,14.007,6.0,-4,20.69549135034882,55.0,0.08133333333333333,0.0,0.0,0.0,0.0,44.38756048869933,optimal
2021-02-07 12:30:00,1,81,0.0,0.0,0.0,0.0845,13.23,6.0,-4,20.528252460696724,55.0,0.08133333333333333,0.0,0.0,0.0,0.0,44.06112403264218,optimal
2021-02-07 13:00:00,1,81,2.0,0.0,0.0,0.11090000000000001,11.382,6.0,-4,20.36375024888046,55.0,0.08133333333333333,7000.0,0.0,0.0,0.0,43.73501401304108,optimal
2021-02-07 13:30:00,1,81,1.76637260296019,0.0,0.0,0.068,11.7495,6.0,-4,20.73620708654671,55.0,0.08133333333333333,6182.304110360666,0.0,0.0,0.0,43.40923010345959,optimal
2021-02-07 14:00:00,1,81,0.0,0.0,0.0,0.1274,24.3285,6.0,-4,21.040223197056,55.0,0.08133333333333333,0.0,0.0,0.0,0.0,43.083771977787684,optimal
2021-02-07 14:30:00,1,81,0.0,0.0,0.0,0.068,28.917,6.0,-4,20.875346812321677,55.0,0.08133333333333333,0.0,0.0,0.0,0.0,42.75863931024144,optimal
2021-02-07 15:00:00,1,81,0.0,0.0,0.0,0.068,31.3635,6.0,-4,20.707843861648556,55.0,0.08133333333333333,0.0,0.0,0.0,0.0,42.43383177536275,optimal
2021-02-07 15:30:00,1,81,0.0,0.0,0.0,0.09770000000000001,33.306,6.0,-4,20.54226463959141,55.0,0.08133333333333333,0.0,0.0,0.0,0.0,42.109349048018935,optimal
2021-02-07 16:00:00,1,81,0.0,0.0,0.0,0.09770000000000001,31.3425,6.0,-4,20.37908674013114,55.0,0.08133333333333333,0.0,0.0,0.0,0.0,41.785190803402465,optimal
2021-02-07 16:30:00,1,81,0.0,0.0,0.0,1.336266666666667,28.2555,6.0,-4,20.216025388482286,55.0,0.076,0.0,0.0,0.0,0.0,41.46135671703061,optimal
2021-02-07 17:00:00,1,81,0.0,0.0,0.0,0.09309999999999999,15.6975,6.0,-4,20.114894789562843,55.0,0.074,0.0,0.0,0.0,0.0,41.13784646474513,optimal
2021-02-07 17:30:00,1,81,0.44500191680630635,0.0,0.0,0.0932,12.5475,6.0,-4,20.0,55.0,0.07,1557.5067088220721,0.0,0.0,0.0,40.81465972271194,optimal
2021-02-07 18:00:00,1,81,0.39544808888762656,0.0,0.0,0.371,12.0855,6.0,-4,20.0,55.0,0.066,1384.068311106693,0.0,0.0,0.0,40.49179616742077,optimal
2021-02-07 18:30:00,1,81,1.4631668372718591,0.0,0.0,0.1175,11.907,6.0,-4,20.0,55.0,0.066,5121.083930451507,0.0,0.0,0.0,40.1692554756849,optimal
2021-02-07 19:00:00,1,81,0.0,0.0,0.0,0.20633333333333329,12.5685,6.0,-4,20.235190092298485,55.0,0.06066666666666667,0.0,0.0,0.0,0.0,40.12908622020922,optimal
2021-02-07 19:30:00,1,81,0.0,0.0,0.0,0.4274333333333333,13.146,6.0,-4,20.107117148768374,55.0,0.059333333333333335,0.0,0.0,0.0,0.0,40.088957133989005,optimal
2021-02-07 20:00:00,1,81,0.4093037799159287,0.0,0.0,0.24159999999999998,10.584,6.0,-4,20.0,55.0,0.058666666666666666,1432.5632297057505,0.0,0.0,0.0,40.04886817685502,optimal
2021-02-07 20:30:00,1,81,0.0,0.0,0.0,0.177,6.678,6.0,-4,20.0,55.0,0.058666666666666666,0.0,0.0,0.0,0.0,40.00881930867816,optimal
2021-02-07 21:00:00,1,81,0.0,0.0,0.0,0.2329,7.938,6.0,-4,19.89885739976308,55.0,0.056666666666666664,0.0,0.0,0.0,0.0,39.96881048936948,optimal
2021-02-07 21:30:00,1,81,0.0,0.0,0.0,0.18059999999999998,5.292,6.0,-4,19.811461055916034,55.0,0.056666666666666664,0.0,0.0,0.0,0.0,39.92884167888011,optimal
2021-02-07 22:00:00,1,81,0.0,0.0,0.0,0.241,9.261,6.0,-4,19.720165831373734,55.0,0.050973333333333336,0.0,0.0,0.0,0.0,39.88891283720123,optimal
2021-02-07 22:30:00,1,81,0.0,0.0,0.0,1.5378333333333332,10.3635,6.0,-4,19.636491532277603,55.0,0.048666666666666664,0.0,0.0,0.0,0.0,39.84902392436403,optimal
2021-02-07 23:00:00,1,81,0.0,0.0,0.0,0.3125,8.274,6.0,-4,19.568450873048707,55.0,0.04630666666666667,0.0,0.0,0.0,0.0,39.80917490043967,optimal
2021-02-07 23:30:00,1,81,0.0,0.0,0.0,0.08356666666666666,7.7175,6.0,-4,19.48141608031132,55.0,0.046,0.0,0.0,0.0,0.0,39.76936572553923,optimal
2021-02-08 00:00:00,1,81,0.0,0.0,0.0,0.05,11.2455,6.0,2,19.48141608031132,55.0,0.046,0.0,0.0,0.0,0.0,39.72959635981369,optimal
2021-02-08 00:30:00,1,81,0.0,0.0,0.0,0.1356,11.025,6.0,2,19.34082733149959,55.0,0.046,0.0,0.0,0.0,0.0,39.68986676345388,optimal
2021-02-08 01:00:00,1,81,2.0,0.0,0.0,0.12133333333333332,5.9745,6.0,2,19.208005879580043,55.0,0.11298564593301436,0.0,0.0,7000.0,0.0,39.650176896690425,optimal
2021-02-08 01:30:00,1,81,0.0,0.0,0.0,0.05,7.938,6.0,2,19.07527187241761,55.0,0.11298564593301436,0.0,0.0,0.0,0.0,39.61052671979373,optimal
2021-02-08 02:00:00,1,81,0.0,0.0,0.0,0.16613333333333333,8.6835,6.0,2,18.937833076099192,55.0,0.11298564593301436,0.0,0.0,0.0,0.0,39.57091619307394,optimal
2021-02-08 02:30:00,1,81,1.6881718857103107,0.0,0.0,0.1028,7.665,6.0,2,18.809866101977406,55.0,0.12933333333333333,4200.268266652754,0.0,1708.3333333333333,0.0,39.53134527688087,optimal
2021-02-08 03:00:00,1,81,2.0,0.0,0.0,0.058,6.7725,6.0,2,18.998152322710638,55.0,0.12933333333333333,7000.0,0.0,0.0,0.0,39.49181393160399,optimal
2021-02-08 03:30:00,1,81,2.0,0.0,3.3652642832374706,0.05,5.5755,6.0,2,19.395329916452063,55.0,0.12933333333333333,7000.0,0.0,0.0,0.0,41.05082265221018,optimal
2021-02-08 04:00:00,1,81,2.0,0.0,5.0,0.2069333333333333,5.0925,6.0,2,19.78855240396085,55.0,0.12933333333333333,7000.0,0.0,0.0,0.0,43.38477182955796,optimal
2021-02-08 04:30:00,1,81,2.0,0.0,5.0,0.05,4.1895,6.0,2,20.189815150655697,55.0,0.12933333333333333,7000.0,0.0,0.0,0.0,45.716387057728404,optimal
2021-02-08 05:00:00,1,81,2.0,0.0,0.0,0.16413333333333333,7.056,6.0,2,20.574684045567906,55.0,0.12933333333333333,7000.0,0.0,0.0,0.0,45.670670670670674,optimal
2021-02-08 05:30:00,1,81,2.0,0.0,5.0,0.3175,5.271,6.0,2,20.963962930983357,55.0,0.11066666666666666,7000.0,0.0,0.0,0.0,48.0,optimal
2021-02-08 06:00:00,1,81,2.0,0.0,0.0,1.3140333333333334,7.938,6.0,2,21.367777290069682,55.0,0.06133333333333333,7000.0,0.0,0.0,0.0,47.86573369683583,optimal
2021-02-08 06:30:00,1,81,2.0,0.0,0.0,0.45626666666666665,7.938,6.0,2,21.796616578829678,55.0,0.058666666666666666,7000.0,0.0,0.0,0.0,47.73160165997483,optimal
2021-02-08 07:00:00,1,81,0.0,0.0,0.0,0.4984333333333333,11.907,6.0,2,22.218165595133037,55.0,0.03866666666666667,0.0,0.0,0.0,0.0,47.597603755150686,optimal
2021-02-08 07:30:00,1,81,0.0,0.0,0.0,0.3031333333333333,11.025,6.0,2,22.11446192275861,55.0,0.036,0.0,0.0,0.0,0.0,47.46373984823137,optimal
2021-02-08 08:00:00,1,81,0.46317445409483793,0.0,0.0,0.249,11.2875,6.0,2,22.0,55.0,0.03266666666666666,1621.1105893319327,0.0,0.0,0.0,47.33000980521897,optimal
2021-02-08 08:30:00,1,81,0.0,0.0,0.0,0.16733333333333333,12.936,6.0,2,22.0,55.0,0.012666666666666666,0.0,0.0,0.0,0.0,47.19641349224958,optimal
2021-02-08 09:00:00,1,81,0.0,0.0,0.0,0.1812666666666667,13.0095,6.0,2,21.838043315820904,55.0,0.012666666666666666,0.0,0.0,0.0,0.0,47.062950775593166,optimal
2021-02-08 09:30:00,1,81,0.0,0.0,0.0,0.06,13.671,6.0,2,21.66222525071524,55.0,0.012666666666666666,0.0,0.0,0.0,0.0,46.92962152165341,optimal
2021-02-08 10:00:00,1,81,0.0,0.0,0.0,0.06,13.188,6.0,2,21.480046800568235,55.0,0.012666666666666666,0.0,0.0,0.0,0.0,46.79642559696759,optimal
2021-02-08 10:30:00,1,81,0.0,0.0,0.0,0.2169333333333333,13.8495,6.0,2,21.300806341439305,55.0,0.012666666666666666,0.0,0.0,0.0,0.0,46.663362868206455,optimal
2021-02-08 11:00:00,1,81,0.0,0.0,0.0,0.06,13.23,6.0,2,21.133784886520985,55.0,0.012666666666666666,0.0,0.0,0.0,0.0,46.53043320217408,optimal
2021-02-08 11:30:00,1,81,0.0,0.0,0.0,0.17413333333333333,13.3665,6.0,2,20.954953602538968,55.0,0.012666666666666666,0.0,0.0,0.0,0.0,46.39763646580774,optimal
2021-02-08 12:00:00,1,81,0.14564847289269245,0.0,0.0,0.1028,13.0515,6.0,2,20.78728693044482,55.0,0.012666666666666666,509.76965512442354,0.0,0.0,0.0,46.26497252617777,optimal
2021-02-08 12:30:00,1,81,0.0,0.0,0.0,0.06,13.5345,6.0,2,20.65540227911349,55.0,0.012666666666666666,0.0,0.0,0.0,0.0,46.132441250487425,optimal
2021-02-08 13:00:00,1,81,0.0,0.0,0.0,0.06,14.154,6.0,2,20.48433993875312,55.0,0.012666666666666666,0.0,0.0,0.0,0.0,46.000042506072774,optimal
2021-02-08 13:30:00,1,81,0.0,0.0,0.0,0.1242,14.112,6.0,2,20.316559495013713,55.0,0.012666666666666666,0.0,0.0,0.0,0.0,45.867776160402535,optimal
2021-02-08 14:00:00,1,81,0.0,0.0,0.0,0.15273333333333333,14.2485,6.0,2,20.156040346161507,55.0,0.012666666666666666,0.0,0.0,0.0,0.0,45.73564208107797,optimal
2021-02-08 14:30:00,1,81,1.187778795099212,0.0,0.0,0.06,12.789,6.0,2,20.0,55.0,0.012666666666666666,4157.225782847242,0.0,0.0,0.0,45.60364013583273,optimal
2021-02-08 15:00:00,1,81,0.0,0.0,0.0,0.2169333333333333,13.0095,6.0,2,20.153780861857236,55.0,0.012666666666666666,0.0,0.0,0.0,0.0,45.47177019253273,optimal
2021-02-08 15:30:00,1,81,2.0,0.0,0.0,0.06,12.1275,6.0,2,20.0,55.0,0.012666666666666666,7000.0,0.0,0.0,0.0,45.34003211917603,optimal
2021-02-08 16:00:00,1,81,1.2223378064345463,0.0,0.0,0.1812666666666667,12.348,6.0,2,20.36955318262941,55.0,0.012666666666666666,4278.182322520912,0.0,0.0,0.0,45.208425783892686,optimal
2021-02-08 16:30:00,1,81,2.0,0.0,0.0,0.09566666666666669,12.348,6.0,2,20.53808384875254,55.0,0.012666666666666666,7000.0,0.0,0.0,0.0,45.07695105494463,optimal
2021-02-08 17:00:00,1,81,0.0,0.0,0.0,0.09566666666666669,25.389,6.0,2,20.904711699380194,55.0,0.012666666666666666,0.0,0.0,0.0,0.0,44.94560780072552,optimal
2021-02-08 17:30:00,1,81,0.0,0.0,0.0,0.1812666666666667,29.1375,6.0,2,20.733278109346884,55.0,0.012666666666666666,0.0,0.0,0.0,0.0,44.814395889760625,optimal
2021-02-08 18:00:00,1,81,0.0,0.0,0.0,0.06,30.597,6.0,2,20.568115706758118,55.0,0.012666666666666666,0.0,0.0,0.0,0.0,44.6833151907067,optimal
2021-02-08 18:30:00,1,81,0.0,0.0,0.0,0.3227333333333333,33.684,6.0,2,20.393403062646588,55.0,0.012666666666666666,0.0,0.0,0.0,0.0,44.552365572351825,optimal
2021-02-08 19:00:00,1,81,0.0,0.0,0.0,1.9615,32.445,6.0,2,20.247230574019277,55.0,0.012666666666666666,0.0,0.0,0.0,0.0,44.42154690361531,optimal
2021-02-08 19:30:00,1,81,0.0,0.0,0.0,0.3939333333333333,28.917,6.0,2,20.239984448394193,55.0,0.01,0.0,0.0,0.0,0.0,44.29085905354753,optimal
2021-02-08 20:00:00,1,81,0.0,0.0,0.0,0.4969333333333333,15.876,6.0,2,20.110990349022693,55.0,0.00764,0.0,0.0,0.0,0.0,44.160301891329816,optimal
2021-02-08 20:30:00,1,81,0.0,0.0,0.0,0.44153333333333333,12.348,6.0,2,20.0,55.0,0.007333333333333333,0.0,0.0,0.0,0.0,44.116141589438485,optimal
2021-02-08 21:00:00,1,81,0.0,0.0,0.0,0.5579333333333333,12.1275,6.0,2,19.898895165442063,55.0,0.006,0.0,0.0,0.0,0.0,44.07202544784904,optimal
2021-02-08 21:30:00,1,81,0.0,0.0,0.0,0.5904666666666667,12.348,6.0,2,19.819500527705795,55.0,0.002666666666666666,0.0,0.0,0.0,0.0,44.0279534224012,optimal
2021-02-08 22:00:00,1,81,0.0,0.0,0.0,0.4158,12.1275,6.0,2,19.75234989631297,55.0,0.002666666666666666,0.0,0.0,0.0,0.0,43.983925468978796,optimal
2021-02-08 22:30:00,1,81,0.0,0.0,0.0,0.3116666666666667,12.1275,6.0,2,19.686256125984748,55.0,0.001333333333333333,0.0,0.0,0.0,0.0,43.93994154350982,optimal
2021-02-08 23:00:00,1,81,0.0,0.0,0.0,0.44646666666666657,11.2665,6.0,2,19.611060043172984,55.0,0.0,0.0,0.0,0.0,0.0,43.896001601966304,optimal
2021-02-08 23:30:00,1,81,0.0,0.0,0.0,0.1328,10.143,6.0,2,19.54037761009043,55.0,0.0,0.0,0.0,0.0,0.0,43.85210560036434,optimal
2021-02-09 00:00:00,1,81,2.0,0.0,0.0,0.16119999999999998,10.8045,6.0,1,19.54037761009043,55.0,0.0,7000.0,0.0,0.0,0.0,43.808253494763974,optimal
2021-02-09 00:30:00,1,81,2.0,0.0,5.0,0.066,10.584,6.0,1,19.933213232409358,55.0,0.06698564593301436,0.0,0.0,7000.0,0.0,46.13944524126921,optimal
2021-02-09 01:00:00,1,81,2.0,0.0,0.0,0.066,11.2455,6.0,1,19.78226905050232,55.0,0.114,2087.0,0.0,4913.0,0.0,46.09330579602794,optimal
2021-02-09 01:30:00,1,81,0.0,0.0,0.0,0.16119999999999998,12.1275,6.0,1,19.79215898880944,55.0,0.114,0.0,0.0,0.0,0.0,46.047212490231914,optimal
2021-02-09 02:00:00,1,81,0.0,0.0,0.0,0.066,11.823,6.0,1,19.649275637254398,55.0,0.114,0.0,0.0,0.0,0.0,46.001165277741684,optimal
2021-02-09 02:30:00,1,81,0.919301869859786,0.0,0.0,0.066,11.7705,6.0,1,19.499516079587924,55.0,0.114,3217.556544509251,0.0,0.0,0.0,45.95516411246394,optimal
2021-02-09 03:00:00,1,81,2.0,0.0,0.0,0.1408,11.13,6.0,1,19.5967434431392,55.0,0.114,7000.0,0.0,0.0,0.0,45.90920894835148,optimal
2021-02-09 03:30:00,1,81,2.0,0.0,0.0,0.0864,11.6865,6.0,1,19.987525783986534,55.0,0.114,7000.0,0.0,0.0,0.0,45.863299739403125,optimal
2021-02-09 04:00:00,1,81,2.0,0.0,0.0,0.066,10.7205,6.0,1,20.371590276300353,55.0,0.114,7000.0,0.0,0.0,0.0,45.81743643966372,optimal
2021-02-09 04:30:00,1,81,2.0,0.0,0.0,0.16119999999999998,11.424,6.0,1,20.751587583943877,55.0,0.114,7000.0,0.0,0.0,0.0,45.77161900322406,optimal
2021-02-09 05:00:00,1,81,2.0,0.0,4.990098543198865,0.066,10.689,6.0,1,21.134595000299736,55.0,0.114,7000.0,0.0,0.0,0.0,48.096144192240295,optimal
2021-02-09 05:30:00,1,81,2.0,0.0,0.0,0.1272,11.361,6.0,1,21.50607491789676,55.0,0.114,7000.0,0.0,0.0,0.0,48.048048048048045,optimal
2021-02-09 06:00:00,1,81,2.0,0.0,0.0,0.1,11.571,6.0,1,21.878933489750317,55.0,0.094,7000.0,0.0,0.0,0.0,48.0,optimal
2021-02-09 06:30:00,1,81,0.0,0.0,0.0,0.1566,14.3745,6.0,1,22.24952061439636,55.0,0.07733333333333334,0.0,0.0,0.0,0.0,47.61241963056637,optimal
2021-02-09 07:00:00,1,81,0.0,0.0,0.0,0.2872,13.23,6.0,1,22.092021000950222,55.0,0.06133333333333333,0.0,0.0,0.0,0.0,47.22522684150218,optimal
2021-02-09 07:30:00,1,81,0.0,0.0,0.0,0.1956,13.9755,6.0,1,21.944495815689958,55.0,0.05,0.0,0.0,0.0,0.0,46.838421245227046,optimal
2021-02-09 08:00:00,1,81,0.0,0.0,0.0,0.204,14.994,6.0,1,21.796301123524287,55.0,0.038,0.0,0.0,0.0,0.0,46.45200245454819,optimal
2021-02-09 08:30:00,1,81,0.0,0.0,0.0,0.47226666666666667,13.671,6.0,1,21.639730074998965,55.0,0.038,0.0,0.0,0.0,0.0,46.065970082660016,optimal
2021-02-09 09:00:00,1,81,0.0,0.0,0.0,0.3212,15.981,6.0,1,21.511041188169273,55.0,0.034666666666666665,0.0,0.0,0.0,0.0,45.68032374314373,optimal
2021-02-09 09:30:00,1,81,0.0,0.0,0.0,0.8657999999999999,15.6345,6.0,1,21.367816582668826,55.0,0.03266666666666666,0.0,0.0,0.0,0.0,45.29506304996696,optimal
2021-02-09 10:00:00,1,81,0.0,0.0,0.0,2.963,16.5375,6.0,1,21.24390616147159,55.0,0.03266666666666666,0.0,0.0,0.0,0.0,44.910187617483366,optimal
2021-02-09 10:30:00,1,81,0.0,0.0,0.0,2.618866666666667,14.7735,6.0,1,21.111033726810238,55.0,0.03266666666666666,0.0,0.0,0.0,0.0,44.52569706043226,optimal
2021-02-09 11:00:00,1,81,0.0,0.0,0.0,0.13040000000000002,15.2145,6.0,1,20.978789745122754,55.0,0.03266666666666666,0.0,0.0,0.0,0.0,44.1415909939382,optimal
2021-02-09 11:30:00,1,81,0.0,0.0,0.0,0.076,14.553,6.0,1,20.812824985383628,55.0,0.03266666666666666,0.0,0.0,0.0,0.0,43.75786903351064,optimal
2021-02-09 12:00:00,1,81,0.0,0.0,0.0,0.16440000000000002,14.3325,6.0,1,20.64462435170889,55.0,0.03266666666666666,0.0,0.0,0.0,0.0,43.3745307950435,optimal
2021-02-09 12:30:00,1,81,0.0,0.0,0.0,0.0828,14.595,6.0,1,20.485090862132203,55.0,0.03266666666666666,0.0,0.0,0.0,0.0,42.99157589481483,optimal
2021-02-09 13:00:00,1,81,0.0,0.0,0.0,0.076,14.994,6.0,1,20.32030715902488,55.0,0.03266666666666666,0.0,0.0,0.0,0.0,42.609003949486386,optimal
2021-02-09 13:30:00,1,81,0.0,0.0,0.0,0.1712,14.3325,6.0,1,20.15602042330506,55.0,0.03266666666666666,0.0,0.0,0.0,0.0,42.22681457610327,optimal
2021-02-09 14:00:00,1,81,0.6085871494475183,0.0,0.0,0.076,13.8915,6.0,1,20.0,55.0,0.03266666666666666,2130.055023066314,0.0,0.0,0.0,41.84500739209354,optimal
2021-02-09 14:30:00,1,81,0.5927593039333707,0.0,0.0,0.1372,13.8915,6.0,1,20.0,55.0,0.03266666666666666,2074.6575637667975,0.0,0.0,0.0,41.463582015267825,optimal
2021-02-09 15:00:00,1,81,2.0,0.0,0.0,0.11,13.4715,6.0,1,20.0,55.0,0.03266666666666666,7000.0,0.0,0.0,0.0,41.08253806381893,optimal
2021-02-09 15:30:00,1,81,2.0,0.0,0.0,0.076,13.23,6.0,1,20.372860642262044,55.0,0.03266666666666666,7000.0,0.0,0.0,0.0,40.701875156321485,optimal
2021-02-09 16:00:00,1,81,1.3429757935384128,0.0,0.0,0.13040000000000002,13.8915,6.0,1,20.739832234691217,55.0,0.03266666666666666,4700.415277384444,0.0,0.0,0.0,40.321592911731535,optimal
2021-02-09 16:30:00,1,81,0.0,0.0,0.0,0.16453333333333334,26.9325,6.0,1,20.932445497701615,55.0,0.03266666666666666,0.0,0.0,0.0,0.0,39.94169094938618,optimal
2021-02-09 17:00:00,1,81,0.0,0.0,0.0,0.2529333333333333,30.303,6.0,1,20.771538466788517,55.0,0.028666666666666667,0.0,0.0,0.0,0.0,39.56216888900317,optimal
2021-02-09 17:30:00,1,81,0.0,0.0,0.0,1.786,32.886,6.0,1,20.632286251174794,55.0,0.027333333333333334,0.0,0.0,0.0,0.0,39.183026350680535,optimal
2021-02-09 18:00:00,1,81,0.0,0.0,0.0,0.2413333333333333,34.9965,6.0,1,20.542885204917958,55.0,0.023333333333333334,0.0,0.0,0.0,0.0,38.80426295489623,optimal
2021-02-09 18:30:00,1,81,0.0,0.0,0.0,1.4978,33.327,6.0,1,20.416433639130133,55.0,0.023333333333333334,0.0,0.0,0.0,0.0,38.42587832250771,optimal
2021-02-09 19:00:00,1,81,0.0,0.0,0.0,0.2047333333333333,31.122,6.0,1,20.322345532450726,55.0,0.021333333333333333,0.0,0.0,0.0,0.0,38.047872074751574,optimal
2021-02-09 19:30:00,1,81,0.0,0.0,0.0,1.6701333333333335,17.9025,6.0,1,20.19959530084097,55.0,0.007333333333333332,0.0,0.0,0.0,0.0,37.6702438332432,optimal
2021-02-09 20:00:00,1,81,0.0,0.0,0.0,0.4641,15.6555,6.0,1,20.109099384737792,55.0,0.007333333333333332,0.0,0.0,0.0,0.0,37.29299321997633,optimal
2021-02-09 20:30:00,1,81,0.0,0.0,0.0,0.276,14.553,6.0,1,20.0,55.0,0.007333333333333332,0.0,0.0,0.0,0.0,36.91611985732273,optimal
2021-02-09 21:00:00,1,81,0.0,0.0,0.0,0.13326666666666667,14.3325,6.0,1,19.869166350933245,55.0,0.007333333333333332,0.0,0.0,0.0,0.0,36.539623368031776,optimal
2021-02-09 21:30:00,1,81,0.0,0.0,0.0,0.1596,13.335,6.0,1,19.724546626880592,55.0,0.007333333333333332,0.0,0.0,0.0,0.0,36.50308374466375,optimal
2021-02-09 22:00:00,1,81,0.0,0.0,0.0,0.16133333333333336,12.1275,6.0,1,19.586441075258005,55.0,0.0,0.0,0.0,0.0,0.0,36.466580660919085,optimal
2021-02-09 22:30:00,1,81,0.0,0.0,0.0,0.15653333333333333,12.2955,6.0,1,19.46144040817768,55.0,0.0,0.0,0.0,0.0,0.0,36.430114080258164,optimal
2021-02-09 23:00:00,1,81,0.0,0.0,0.0,0.37860000000000005,11.6865,6.0,1,19.333839015774704,55.0,0.0,0.0,0.0,0.0,0.0,36.3936839661779,optimal
2021-02-09 23:30:00,1,81,0.0,0.0,0.0,0.2037333333333333,11.466,6.0,1,19.2305758455049,55.0,0.0,0.0,0.0,0.0,0.0,36.35729028221173,optimal
2021-02-10 00:00:00,1,81,2.0,0.0,0.0,0.037666666666666654,11.844,6.0,-4,19.2305758455049,55.0,0.0,7000.0,0.0,0.0,0.0,36.32093299192952,optimal
2021-02-10 00:30:00,1,81,2.0,0.0,0.0,0.098,11.508,6.0,-4,19.61748533001914,55.0,0.06698564593301436,0.0,0.0,7000.0,0.0,36.28461205893759,optimal
2021-02-10 01:00:00,1,81,2.0,0.0,0.47725902620994165,0.078,11.508,6.0,-4,19.46888262156989,55.0,0.084,5222.0,0.0,1778.0,0.0,36.47502548432838,optimal
2021-02-10 01:30:00,1,81,2.0,0.0,5.0,0.088,10.4475,6.0,-4,19.717170604750006,55.0,0.084,7000.0,0.0,0.0,0.0,38.81355045884405,optimal
2021-02-10 02:00:00,1,81,2.0,0.0,5.0,0.088,10.8675,6.0,-4,20.09864723756416,55.0,0.084,7000.0,0.0,0.0,0.0,41.1497369083852,optimal
2021-02-10 02:30:00,1,81,2.0,0.0,5.0,0.038,10.542,6.0,-4,20.475865402919375,55.0,0.084,7000.0,0.0,0.0,0.0,43.48358717147681,optimal
2021-02-10 03:00:00,1,81,2.0,0.0,5.0,0.043,11.025,6.0,-4,20.845936567457194,55.0,0.084,7000.0,0.0,0.0,0.0,45.81510358430533,optimal
2021-02-10 03:30:00,1,81,2.0,0.0,5.0,0.133,11.025,6.0,-4,21.21311566692652,55.0,0.084,7000.0,0.0,0.0,0.0,48.144288480721016,optimal
2021-02-10 04:00:00,1,81,2.0,0.0,0.0,0.043,14.553,6.0,-4,21.583906398458442,55.0,0.084,7000.0,0.0,0.0,0.0,48.096144192240295,optimal
2021-02-10 04:30:00,1,81,2.0,0.0,0.0,0.133,13.0935,6.0,-4,21.94455845113709,55.0,0.084,7000.0,0.0,0.0,0.0,48.048048048048045,optimal
2021-02-10 05:00:00,1,81,0.0,0.0,0.0,0.2268,15.6345,6.0,-4,22.307995405145412,55.0,0.084,0.0,0.0,0.0,0.0,48.0,optimal
2021-02-10 05:30:00,1,81,0.0,0.0,0.0,0.16966666666666666,18.102,6.0,-4,22.146137098680185,55.0,0.08133333333333333,0.0,0.0,0.0,0.0,47.60216581285188,optimal
2021-02-10 06:00:00,1,81,0.0,0.0,0.0,0.2287,17.199,6.0,-4,21.976861629639632,55.0,0.062,0.0,0.0,0.0,0.0,47.204729459890906,optimal
2021-02-10 06:30:00,1,81,0.0,0.0,0.0,0.33686666666666665,18.2805,6.0,-4,21.821714006709,55.0,0.062,0.0,0.0,0.0,0.0,46.807690543282895,optimal
2021-02-10 07:00:00,1,81,0.0,0.0,0.0,0.24766666666666662,17.4615,6.0,-4,21.678840398006244,55.0,0.062,0.0,0.0,0.0,0.0,46.411048665591494,optimal
2021-02-10 07:30:00,1,81,0.0,0.0,0.0,1.2948,18.3225,6.0,-4,21.537030528899034,55.0,0.06133333333333333,0.0,0.0,0.0,0.0,46.014803429777785,optimal
2021-02-10 08:00:00,1,81,0.0,0.0,0.0,1.0611,17.094,6.0,-4,21.41029216207839,55.0,0.046,0.0,0.0,0.0,0.0,45.61895443919989,optimal
2021-02-10 08:30:00,1,81,0.0,0.0,0.0,0.193,17.094,6.0,-4,21.265882928722558,55.0,0.046,0.0,0.0,0.0,0.0,45.22350129761257,optimal
2021-02-10 09:00:00,1,81,0.0,0.0,0.0,0.4477,17.094,6.0,-4,21.127558221076075,55.0,0.028986666666666668,0.0,0.0,0.0,0.0,44.82844360916684,optimal
2021-02-10 09:30:00,1,81,0.0,0.0,0.0,0.238,17.3565,6.0,-4,21.00655139628832,55.0,0.02,0.0,0.0,0.0,0.0,44.43378097840955,optimal
2021-02-10 10:00:00,1,81,0.0,0.0,0.0,0.7889666666666667,17.115,6.0,-4,20.884471472780863,55.0,0.02,0.0,0.0,0.0,0.0,44.039513010283024,optimal
2021-02-10 10:30:00,1,81,0.0,0.0,0.0,1.0209,17.241,6.0,-4,20.79297266601706,55.0,0.02,0.0,0.0,0.0,0.0,43.64563931012462,optimal
2021-02-10 11:00:00,1,81,0.0,0.0,0.0,0.39280000000000004,17.094,6.0,-4,20.700282352968927,55.0,0.02,0.0,0.0,0.0,0.0,43.252159483666375,optimal
2021-02-10 11:30:00,1,81,2.0,0.0,0.0,0.2513333333333333,16.5165,6.0,-4,20.57271775028248,55.0,0.02,7000.0,0.0,0.0,0.0,42.85907313703459,optimal
2021-02-10 12:00:00,1,81,0.0,0.0,0.0,0.048,17.8185,6.0,-4,20.962077167190255,55.0,0.02,0.0,0.0,0.0,0.0,42.466379876749436,optimal
2021-02-10 12:30:00,1,81,0.7989774625345933,0.0,0.0,0.138,17.094,6.0,-4,20.78576374197184,55.0,0.02,2796.4211188710765,0.0,0.0,0.0,42.07407930972457,optimal
2021-02-10 13:00:00,1,81,2.0,0.0,0.0,0.058,16.8945,6.0,-4,20.83099299159675,55.0,0.02,7000.0,0.0,0.0,0.0,41.68217104326672,optimal
2021-02-10 13:30:00,1,81,0.0,0.0,0.0,0.048,18.123,6.0,-4,21.190093152420513,55.0,0.02,0.0,0.0,0.0,0.0,41.29065468507533,optimal
2021-02-10 14:00:00,1,81,0.0,0.0,0.0,0.2307,31.647,6.0,-4,21.01353193599563,55.0,0.02,0.0,0.0,0.0,0.0,40.899529843242135,optimal
2021-02-10 14:30:00,1,81,0.0,0.0,0.0,0.15766666666666665,34.9965,6.0,-4,20.861897518494267,55.0,0.02,0.0,0.0,0.0,0.0,40.50879612625077,optimal
2021-02-10 15:00:00,1,81,0.0,0.0,0.0,0.048,34.9965,6.0,-4,20.710821791486097,55.0,0.02,0.0,0.0,0.0,0.0,40.1184531429764,optimal
2021-02-10 15:30:00,1,81,0.0,0.0,0.0,0.4248,34.9965,6.0,-4,20.540268452039985,55.0,0.019333333333333334,0.0,0.0,0.0,0.0,39.72850050268531,optimal
2021-02-10 16:00:00,1,81,0.0,0.0,0.0,0.30443333333333333,34.9965,6.0,-4,20.42876730072883,55.0,0.014,0.0,0.0,0.0,0.0,39.338937815034505,optimal
2021-02-10 16:30:00,1,81,0.0,0.0,0.0,0.187,34.9965,6.0,-4,20.31798124826868,55.0,0.014,0.0,0.0,0.0,0.0,38.949764690071355,optimal
2021-02-10 17:00:00,1,81,0.0,0.0,0.0,0.32239999999999996,27.741,6.0,-4,20.197456169708424,55.0,0.011333333333333334,0.0,0.0,0.0,0.0,38.56098073823316,optimal
2021-02-10 17:30:00,1,81,0.0,0.0,0.0,0.35833333333333334,19.026,6.0,-4,20.09941220117878,55.0,0.008666666666666666,0.0,0.0,0.0,0.0,38.17258557034681,optimal
2021-02-10 18:00:00,1,81,0.42150215424296034,0.0,0.0,0.2388333333333333,18.7215,6.0,-4,20.0,55.0,0.005333333333333332,1475.2575398503611,0.0,0.0,0.0,37.78457879762835,optimal
2021-02-10 18:30:00,1,81,0.38162224727260735,0.0,0.0,0.5068,17.4195,6.0,-4,20.0,55.0,0.002666666666666666,1335.6778654541258,0.0,0.0,0.0,37.3969600316826,optimal
2021-02-10 19:00:00,1,81,0.42949472125464405,0.0,0.0,0.4138,16.758,6.0,-4,20.0,55.0,0.0,1503.2315243912542,0.0,0.0,0.0,37.0097288845028,optimal
2021-02-10 19:30:00,1,81,0.4063364460648321,0.0,0.0,0.5647000000000001,14.217,6.0,-4,20.0,55.0,0.0,1422.1775612269123,0.0,0.0,0.0,36.622884968470174,optimal
2021-02-10 20:00:00,1,81,0.5055591232559908,0.0,0.0,0.484,13.3665,6.0,-4,20.0,55.0,0.0,1490.790264729301,0.0,278.66666666666663,0.0,36.23642789635358,optimal
2021-02-10 20:30:00,1,81,0.05971428571428571,0.0,0.0,0.5276666666666666,12.789,6.0,-4,20.0,55.0,0.0,0.0,0.0,209.0,0.0,35.85035728130911,optimal
2021-02-10 21:00:00,1,81,0.0,0.0,0.0,0.263,11.907,6.0,-4,19.88472053359155,55.0,0.0,0.0,0.0,0.0,0.0,35.814506924027796,optimal
2021-02-10 21:30:00,1,81,0.0,0.0,0.0,0.36186666666666667,11.7075,6.0,-4,19.764533631293766,55.0,0.0,0.0,0.0,0.0,0.0,35.77869241710377,optimal
2021-02-10 22:00:00,1,81,0.11942857142857143,0.0,0.0,0.6551333333333333,10.8045,6.0,-4,19.641324174365135,55.0,0.004,0.0,0.0,418.0,0.0,35.742913724686666,optimal
2021-02-10 22:30:00,1,81,0.0,0.0,0.0,0.3586333333333333,11.508,6.0,-4,19.526807453268756,55.0,0.0,0.0,0.0,0.0,0.0,35.707170810961976,optimal
2021-02-10 23:00:00,1,81,0.0,0.0,0.0,1.231,11.508,6.0,-4,19.385959879667503,55.0,0.0,0.0,0.0,0.0,0.0,35.67146364015102,optimal
2021-02-10 23:30:00,1,81,0.0,0.0,0.0,0.23836666666666667,11.508,6.0,-4,19.25133887786342,55.0,0.0,0.0,0.0,0.0,0.0,35.63579217651087,optimal
2021-02-11 00:00:00,1,81,0.0,0.0,0.0,0.046,12.306,6.0,4,19.25133887786342,55.0,0.0,0.0,0.0,0.0,0.0,35.600156384334355,optimal
2021-02-11 00:30:00,1,81,2.0,0.0,5.0,0.15553333333333333,10.6365,6.0,4,19.06657976097288,55.0,0.06698564593301436,0.0,0.0,7000.0,0.0,37.93955622795002,optimal
2021-02-11 01:00:00,1,81,2.0,0.0,0.0,0.12193333333333334,11.2455,6.0,4,18.89268710476941,55.0,0.1,3550.0,0.0,3450.0,0.0,37.901616671722074,optimal
2021-02-11 01:30:00,1,81,2.0,0.0,0.0,0.05853333333333333,11.2455,6.0,4,18.989212849166705,55.0,0.1,7000.0,0.0,0.0,0.0,37.86371505505035,optimal
2021-02-11 02:00:00,1,81,2.0,0.0,0.0,0.3043333333333333,11.025,6.0,4,19.34298832495276,55.0,0.1,7000.0,0.0,0.0,0.0,37.825851339995296,optimal
2021-02-11 02:30:00,1,81,0.0,0.0,0.0,0.046,12.0855,6.0,4,19.712367991656123,55.0,0.1,0.0,0.0,0.0,0.0,37.7880254886553,optimal
2021-02-11 03:00:00,1,81,1.3525046922153992,0.0,0.0,0.1024,11.6865,6.0,4,19.524415717241343,55.0,0.1,4733.766422753897,0.0,0.0,0.0,37.75023746316665,optimal
2021-02-11 03:30:00,1,81,2.0,0.0,0.0,0.13140000000000002,11.2245,6.0,4,19.702315030266853,55.0,0.1,7000.0,0.0,0.0,0.0,37.712487225703484,optimal
2021-02-11 04:00:00,1,81,2.0,0.0,0.0,0.17506666666666668,11.025,6.0,4,20.055779031950433,55.0,0.1,7000.0,0.0,0.0,0.0,37.67477473847778,optimal
2021-02-11 04:30:00,1,81,2.0,0.0,5.0,0.1695,10.7835,6.0,4,20.411655910422958,55.0,0.1,7000.0,0.0,0.0,0.0,40.0120999637393,optimal
2021-02-11 05:00:00,1,81,2.0,0.0,2.1745828026747693,0.3781333333333333,11.025,6.0,4,20.763960947607014,55.0,0.09866666666666667,7000.0,0.0,0.0,0.0,41.00501469504607,optimal
2021-02-11 05:30:00,1,81,2.0,0.0,5.0,0.15319999999999998,10.584,6.0,4,21.13485549410144,55.0,0.09866666666666667,7000.0,0.0,0.0,0.0,43.339009680351026,optimal
2021-02-11 06:00:00,1,81,2.0,0.0,5.0,0.12940000000000002,11.025,6.0,4,21.495146511483618,55.0,0.09733333333333333,7000.0,0.0,0.0,0.0,45.670670670670674,optimal
2021-02-11 06:30:00,1,81,2.0,0.0,5.0,0.13826666666666668,10.4265,6.0,4,21.85976140365832,55.0,0.08866666666666667,7000.0,0.0,0.0,0.0,48.0,optimal
2021-02-11 07:00:00,1,81,0.0,0.0,0.0,2.960333333333333,12.789,6.0,4,22.24715631940415,55.0,0.06933333333333333,0.0,0.0,0.0,0.0,47.822724586420755,optimal
2021-02-11 07:30:00,1,81,0.0,0.0,0.0,1.2615999999999998,12.684,6.0,4,22.139088148264808,55.0,0.066,0.0,0.0,0.0,0.0,47.64562644825509,optimal
2021-02-11 08:00:00,1,81,0.0,0.0,0.0,0.07440000000000001,16.254,6.0,4,22.0,55.0,0.066,0.0,0.0,0.0,0.0,47.46870540822759,optimal
2021-02-11 08:30:00,1,81,0.0,0.0,0.0,0.2968,17.64,6.0,4,21.820659405414734,55.0,0.06466666666666666,0.0,0.0,0.0,0.0,47.29196128924012,optimal
2021-02-11 09:00:00,1,81,0.0,0.0,0.0,0.23186666666666667,19.1625,6.0,4,21.656559281982148,55.0,0.06030666666666667,0.0,0.0,0.0,0.0,47.11539391437164,optimal
2021-02-11 09:30:00,1,81,0.0,0.0,0.0,0.49426666666666663,26.46,6.0,4,21.478288826588187,55.0,0.06,0.0,0.0,0.0,0.0,46.93900310687802,optimal
2021-02-11 10:00:00,1,81,0.0,0.0,0.0,1.6234666666666666,20.79,6.0,4,21.312309947765822,55.0,0.058666666666666666,0.0,0.0,0.0,0.0,46.7627886901919,optimal
2021-02-11 10:30:00,1,81,0.0,0.0,0.0,0.3797,29.106,6.0,4,21.196728230773594,55.0,0.058666666666666666,0.0,0.0,0.0,0.0,46.58675048792246,optimal
2021-02-11 11:00:00,1,81,0.0,0.0,0.0,1.472,19.1835,6.0,4,21.057448506271914,55.0,0.05266666666666667,0.0,0.0,0.0,0.0,46.41088832385529,optimal
2021-02-11 11:30:00,1,81,0.0,0.0,0.0,1.2629333333333335,19.6665,6.0,4,20.924772889546208,55.0,0.04733333333333333,0.0,0.0,0.0,0.0,46.23520202195219,optimal
2021-02-11 12:00:00,1,81,0.0,0.0,0.0,0.6216,19.404,6.0,4,20.85467857699714,55.0,0.046,0.0,0.0,0.0,0.0,46.05969140635099,optimal
2021-02-11 12:30:00,1,81,0.0,0.0,0.0,0.6139,19.047,6.0,4,20.738610408584215,55.0,0.042666666666666665,0.0,0.0,0.0,0.0,45.8843563013654,optimal
2021-02-11 13:00:00,1,81,0.0,0.0,0.0,0.32939999999999997,18.858,6.0,4,20.635504789206024,55.0,0.042,0.0,0.0,0.0,0.0,45.70919653148479,optimal
2021-02-11 13:30:00,1,81,0.0,0.0,0.0,0.3634,19.2675,6.0,4,20.5173774417542,55.0,0.042,0.0,0.0,0.0,0.0,45.534211921374066,optimal
2021-02-11 14:00:00,1,81,0.0,0.0,0.0,0.4906333333333333,18.963,6.0,4,20.39630170132096,55.0,0.037333333333333336,0.0,0.0,0.0,0.0,45.35940229587345,optimal
2021-02-11 14:30:00,1,81,0.0,0.0,0.0,0.29806666666666665,18.438,6.0,4,20.29306410865599,55.0,0.034,0.0,0.0,0.0,0.0,45.184767479998335,optimal
2021-02-11 15:00:00,1,81,0.0,0.0,0.0,0.38930000000000003,18.7425,6.0,4,20.176270458779676,55.0,0.024666666666666667,0.0,0.0,0.0,0.0,45.0103072989391,optimal
2021-02-11 15:30:00,1,81,2.0,0.0,0.0,0.40463333333333334,15.2145,6.0,4,20.067835065534805,55.0,0.019333333333333334,7000.0,0.0,0.0,0.0,44.836021578060915,optimal
2021-02-11 16:00:00,1,81,0.0,0.0,0.0,1.9121,17.7765,6.0,4,20.484390843081105,55.0,0.018,0.0,0.0,0.0,0.0,44.66191014290361,optimal
2021-02-11 16:30:00,1,81,0.0,0.0,0.0,1.7771333333333335,16.758,6.0,4,20.396301726016542,55.0,0.017333333333333333,0.0,0.0,0.0,0.0,44.48797281918146,optimal
2021-02-11 17:00:00,1,81,2.0,0.0,0.0,0.5943999999999999,16.422,6.0,4,20.316635464129007,55.0,0.016,7000.0,0.0,0.0,0.0,44.31420943278303,optimal
2021-02-11 17:30:00,1,81,0.33226499207083676,0.0,0.0,0.6673333333333333,16.758,6.0,4,20.72267507754447,55.0,0.016,1162.9274722479286,0.0,0.0,0.0,44.140619809771,optimal
2021-02-11 18:00:00,1,81,0.0,0.0,0.0,0.44310000000000005,29.358,6.0,4,20.6896387817909,55.0,0.012666666666666666,0.0,0.0,0.0,0.0,43.967203776381986,optimal
2021-02-11 18:30:00,1,81,0.0,0.0,0.0,2.7726666666666664,34.9965,6.0,4,20.541978680124934,55.0,0.010666666666666665,0.0,0.0,0.0,0.0,43.79396115902636,optimal
2021-02-11 19:00:00,1,81,0.0,0.0,0.0,0.2447333333333333,34.65,6.0,4,20.42339995894027,55.0,0.010666666666666665,0.0,0.0,0.0,0.0,43.62089178428809,optimal
2021-02-11 19:30:00,1,81,0.0,0.0,0.0,1.7904,34.9965,6.0,4,20.264222844337954,55.0,0.010666666666666665,0.0,0.0,0.0,0.0,43.44799547892456,optimal
2021-02-11 20:00:00,1,81,0.0,0.0,0.0,0.32303333333333334,34.9965,6.0,4,20.151171351044628,55.0,0.010666666666666665,0.0,0.0,0.0,0.0,43.275272069866396,optimal
2021-02-11 20:30:00,1,81,0.0,0.0,0.0,1.8425,30.4815,6.0,4,20.0,55.0,0.009333333333333332,0.0,0.0,0.0,0.0,43.10272138421729,optimal
2021-02-11 21:00:00,1,81,0.0,0.0,0.0,0.33703333333333335,21.4305,6.0,4,19.878529064925537,55.0,0.009333333333333332,0.0,0.0,0.0,0.0,42.93034324925383,optimal
2021-02-11 21:30:00,1,81,0.0,0.0,0.0,0.1957333333333333,14.3325,6.0,4,19.726640079812864,55.0,0.008666666666666666,0.0,0.0,0.0,0.0,42.88741290600458,optimal
2021-02-11 22:00:00,1,81,0.0,0.0,0.0,0.5331666666666667,13.692,6.0,4,19.563988117698386,55.0,0.008666666666666666,0.0,0.0,0.0,0.0,42.84452549309857,optimal
2021-02-11 22:30:00,1,81,0.0,0.0,0.0,0.35896666666666666,14.007,6.0,4,19.442067539127663,55.0,0.0,0.0,0.0,0.0,0.0,42.80168096760547,optimal
2021-02-11 23:00:00,1,81,0.0,0.0,0.0,0.0865,12.873,6.0,4,19.29525359776565,55.0,0.0,0.0,0.0,0.0,0.0,42.758879286637864,optimal
2021-02-11 23:30:00,1,81,0.0,0.0,0.0,0.2525,12.684,6.0,4,19.0867812385936,55.0,0.0,0.0,0.0,0.0,0.0,42.71612040735123,optimal
2021-02-12 00:00:00,1,81,2.0,0.0,0.0,0.065,10.3635,6.0,-3,19.0867812385936,55.0,0.0,7000.0,0.0,0.0,0.0,42.67340428694388,optimal
2021-02-12 00:30:00,1,81,2.0,0.0,0.0,0.065,10.8045,6.0,-3,19.403621611025358,55.0,0.06496350891153994,211.31331874407584,0.0,6788.686681255924,0.0,42.630730882656934,optimal
2021-02-12 01:00:00,1,81,2.0,0.0,4.338350344563606,0.065,10.059,6.0,-3,19.200272443133827,55.0,0.06496350891153994,7000.0,0.0,0.0,0.0,44.64881656544198,optimal
2021-02-12 01:30:00,1,81,2.0,0.0,0.0,0.065,10.584,6.0,-3,19.51610903143885,55.0,0.06496350891153994,7000.0,0.0,0.0,0.0,44.60416774887654,optimal
2021-02-12 02:00:00,1,81,2.0,0.0,5.0,0.065,9.4185,6.0,-3,19.830036631799082,55.0,0.06496350891153994,7000.0,0.0,0.0,0.0,46.934563581127655,optimal
2021-02-12 02:30:00,1,81,2.0,0.0,0.0,0.065,10.3635,6.0,-3,20.142072128446245,55.0,0.06496350891153994,7000.0,0.0,0.0,0.0,46.88762901754653,optimal
2021-02-12 03:00:00,1,81,2.0,0.0,5.0,0.065,9.8385,6.0,-3,20.45400117595895,55.0,0.06496350891153994,7000.0,0.0,0.0,0.0,49.215741388528976,optimal
2021-02-12 03:30:00,1,81,2.0,0.0,0.0,0.065,11.067,6.0,-3,20.765824715837045,55.0,0.06496350891153994,7000.0,0.0,0.0,0.0,49.16652564714044,optimal
2021-02-12 04:00:00,1,81,2.0,0.0,0.0,0.065,10.8465,6.0,-3,21.081081520615438,55.0,0.06496350891153994,7000.0,0.0,0.0,0.0,49.1173591214933,optimal
2021-02-12 04:30:00,1,81,0.0,0.0,0.0,0.065,13.671,6.0,-3,21.399741224444863,55.0,0.06496350891153994,0.0,0.0,0.0,0.0,49.0682417623718,optimal
2021-02-12 05:00:00,1,81,2.0,0.0,0.0,0.065,12.348,6.0,-3,21.18828166135662,55.0,0.06496350891153994,7000.0,0.0,0.0,0.0,49.01917352060943,optimal
2021-02-12 05:30:00,1,81,0.0,0.0,0.0,0.065,14.3325,6.0,-3,21.518375660760046,55.0,0.06496350891153994,0.0,0.0,0.0,0.0,48.97015434708881,optimal
2021-02-12 06:00:00,1,81,0.0,0.0,0.0,0.065,15.393,6.0,-3,21.319133721333962,55.0,0.06496350891153994,0.0,0.0,0.0,0.0,48.92118419274172,optimal
2021-02-12 06:30:00,1,81,0.0,0.0,0.0,0.065,13.587,6.0,-3,21.128729675572167,55.0,0.06496350891153994,0.0,0.0,0.0,0.0,48.87226300854897,optimal
2021-02-12 07:00:00,1,81,0.0,0.0,0.0,0.065,16.1385,6.0,-3,20.940894136970506,55.0,0.06496350891153994,0.0,0.0,0.0,0.0,48.823390745540415,optimal
2021-02-12 07:30:00,1,81,0.0,0.0,0.0,0.065,14.595,6.0,-3,20.75560438811464,55.0,0.06496350891153994,0.0,0.0,0.0,0.0,48.774567354794875,optimal
2021-02-12 08:00:00,1,81,0.0,0.0,0.0,0.06666666666666667,14.637,6.0,-3,20.563993314111023,55.0,0.06496350891153994,0.0,0.0,0.0,0.0,48.72579278744007,optimal
2021-02-12 08:30:00,1,81,0.0,0.0,0.0,0.07323333333333333,13.9125,6.0,-3,20.366116824770863,55.0,0.06496350891153994,0.0,0.0,0.0,0.0,48.67706699465263,optimal
2021-02-12 09:00:00,1,81,0.0,0.0,0.0,0.2093333333333333,13.3665,6.0,-3,20.172278633992196,55.0,0.047630175578206604,0.0,0.0,0.0,0.0,48.62838992765797,optimal
2021-02-12 09:30:00,1,81,1.0830323117649143,0.0,0.0,0.21,13.0095,6.0,-3,20.0,55.0,0.047630175578206604,3790.6130911772,0.0,0.0,0.0,48.579761537730306,optimal
2021-02-12 10:00:00,1,81,0.0,0.0,0.0,0.2181,13.8915,6.0,-3,20.134993842681325,55.0,0.047630175578206604,0.0,0.0,0.0,0.0,48.53118177619257,optimal
2021-02-12 10:30:00,1,81,0.37317539071994554,0.0,0.0,0.6231666666666666,13.188,6.0,-3,20.0,55.0,0.04363017557820661,1306.1138675198094,0.0,0.0,0.0,48.48265059441637,optimal
2021-02-12 11:00:00,1,81,0.3673790826154032,0.0,0.0,0.5863666666666667,12.5685,6.0,-3,20.0,55.0,0.02296350891153994,1285.8267891539112,0.0,0.0,0.0,48.434167943821954,optimal
2021-02-12 11:30:00,1,81,0.4619402614628772,0.0,0.0,0.26026666666666665,12.285,6.0,-3,20.0,55.0,0.021630175578206606,1616.7909151200702,0.0,0.0,0.0,48.38573377587813,optimal
2021-02-12 12:00:00,1,81,1.0144508133613237,0.0,0.0,0.2176,11.487,6.0,-3,20.0,55.0,0.02470309612460763,3090.124316332393,0.0,460.4535304322404,0.0,48.33734804210225,optimal
2021-02-12 12:30:00,1,81,0.0,0.0,0.0,0.516,11.802,6.0,-3,20.113313916640024,55.0,0.02470309612460763,0.0,0.0,0.0,0.0,48.289010694060146,optimal
2021-02-12 13:00:00,1,81,2.0,0.0,0.0,1.4744000000000002,11.2245,6.0,-3,20.0,55.0,0.02684,6358.693545021498,0.0,641.3064549785022,0.0,48.240721683366075,optimal
2021-02-12 13:30:00,1,81,2.0,0.0,0.0,1.1714333333333333,11.025,6.0,-3,20.386586919670425,55.0,0.024173333333333335,7000.0,0.0,0.0,0.0,48.192480961682705,optimal
2021-02-12 14:00:00,1,81,0.0,0.0,0.0,1.0404,11.907,6.0,-3,20.813191154117483,55.0,0.024173333333333335,0.0,0.0,0.0,0.0,48.144288480721016,optimal
2021-02-12 14:30:00,1,81,0.0,0.0,0.0,0.5138666666666667,25.83,6.0,-3,20.750807263165445,55.0,0.024173333333333335,0.0,0.0,0.0,0.0,48.096144192240295,optimal
2021-02-12 15:00:00,1,81,0.0,0.0,0.0,0.2434333333333333,28.035,6.0,-3,20.667563422295036,55.0,0.024173333333333335,0.0,0.0,0.0,0.0,48.048048048048045,optimal
2021-02-12 15:30:00,1,81,0.0,0.0,0.0,0.2712,28.119,6.0,-3,20.572669796037353,55.0,0.02284,0.0,0.0,0.0,0.0,48.0,optimal
2021-02-12 16:00:00,1,81,0.0,0.0,0.0,0.5088333333333334,30.156,6.0,-3,20.472428917332376,55.0,0.01884,0.0,0.0,0.0,0.0,47.37991448908273,optimal
2021-02-12 16:30:00,1,81,0.0,0.0,0.0,0.308,29.1585,6.0,-3,20.378187943106,55.0,0.01684,0.0,0.0,0.0,0.0,46.760449063676376,optimal
2021-02-12 17:00:00,1,81,0.0,0.0,0.0,1.0589333333333335,26.712,6.0,-3,20.26921660486595,55.0,0.014173333333333333,0.0,0.0,0.0,0.0,46.14160310369543,optimal
2021-02-12 17:30:00,1,81,0.0,0.0,0.0,1.4896666666666667,15.435,6.0,-3,20.190139434603875,55.0,0.013506666666666667,0.0,0.0,0.0,0.0,45.52337598967446,optimal
2021-02-12 18:00:00,1,81,0.0,0.0,0.0,0.6352000000000001,13.566,6.0,-3,20.14304830632051,55.0,0.012173333333333333,0.0,0.0,0.0,0.0,44.90576710276752,optimal
2021-02-12 18:30:00,1,81,0.0,0.0,0.0,0.8716,12.789,6.0,-3,20.062278065767444,55.0,0.009506666666666667,0.0,0.0,0.0,0.0,44.28877582474748,optimal
2021-02-12 19:00:00,1,81,0.5627629284206794,0.0,0.0,1.8375333333333332,12.1275,6.0,-3,20.0,55.0,0.009506666666666667,1969.6702494723781,0.0,0.0,0.0,43.67240153800547,optimal
2021-02-12 19:30:00,1,81,0.0,0.0,0.0,0.4501,13.671,6.0,-3,20.091472452932546,55.0,0.0,0.0,0.0,0.0,0.0,43.056643625550194,optimal
2021-02-12 20:00:00,1,81,1.9999999999999998,0.0,0.0,0.44739999999999996,10.668,6.0,-3,20.0,55.0,0.04016368401410095,1358.008353859784,0.0,5641.991646140215,0.0,42.44150147100738,optimal
2021-02-12 20:30:00,1,81,0.0,0.0,0.0,3.4621,11.7285,6.0,-3,20.0,55.0,0.04016368401410095,0.0,0.0,0.0,0.0,41.8269744586191,optimal
2021-02-12 21:00:00,1,81,0.0,0.0,0.0,6.062433333333334,11.025,6.0,-3,19.96633543288709,55.0,0.020310350680767614,0.0,0.0,0.0,0.0,41.21306197324321,optimal
2021-02-12 21:30:00,1,81,0.2737795296742242,0.0,0.0,1.6961,10.689,6.0,-3,20.01614554500789,55.0,0.0,0.0,0.0,958.2283538597848,0.0,40.59976340035269,optimal
2021-02-12 22:00:00,1,81,0.0796190476190476,0.0,0.0,0.365,8.1585,6.0,-3,19.96001241690816,55.0,0.001333333333333333,0.0,0.0,278.66666666666663,0.0,40.55916363695234,optimal
2021-02-12 22:30:00,1,81,0.0,0.0,0.0,0.16916666666666666,10.3635,6.0,-3,19.857555677294634,55.0,0.0,0.0,0.0,0.0,0.0,40.51860447331539,optimal
2021-02-12 23:00:00,1,81,0.0,0.0,0.0,0.075,10.8045,6.0,-3,19.715449567422567,55.0,0.0,0.0,0.0,0.0,0.0,40.47808586884208,optimal
2021-02-12 23:30:00,1,81,0.0,0.0,0.0,0.075,11.025,6.0,-3,19.558013806563793,55.0,0.0,0.0,0.0,0.0,0.0,40.43760778297324,optimal
2021-02-13 00:00:00,1,81,0.0,0.0,0.0,0.3525,9.261,6.0,-2,19.558013806563793,55.0,0.0,0.0,0.0,0.0,0.0,40.39717017519026,optimal
2021-02-13 00:30:00,1,81,2.0,0.0,2.636376513467015,0.16433333333333333,8.1585,6.0,-2,19.434658322964857,55.0,0.06698564593301436,0.0,0.0,7000.0,0.0,41.609051848911896,optimal
2021-02-13 01:00:00,1,81,0.8064814889031702,0.0,0.0,0.1946,9.4815,6.0,-2,19.290452296060455,55.0,0.09399698766661335,0.0,0.0,2822.6852111610956,0.0,41.56744279706298,optimal
2021-02-13 01:30:00,1,81,2.0,0.0,0.0,0.23,8.379,6.0,-2,19.147476179294884,55.0,0.16098263359962772,0.0,0.0,7000.0,0.0,41.52587535426592,optimal
2021-02-13 02:00:00,1,81,0.0,0.0,0.0,0.0876,9.5235,6.0,-2,19.008904804388518,55.0,0.16098263359962772,0.0,0.0,0.0,0.0,41.48434947891165,optimal
2021-02-13 02:30:00,1,81,1.9999999999999998,0.0,5.0,0.10033333333333332,8.1375,6.0,-2,18.86114851462372,55.0,0.16733333333333333,6336.351877827761,0.0,663.6481221722379,0.0,43.81786512943274,optimal
2021-02-13 03:00:00,1,81,0.0,0.0,0.0,0.2334,10.0905,6.0,-2,19.19858287041975,55.0,0.16733333333333333,0.0,0.0,0.0,0.0,43.7740472643033,optimal
2021-02-13 03:30:00,1,81,2.0,0.0,5.0,0.16666666666666666,7.539,6.0,-2,19.0602608319939,55.0,0.16733333333333333,7000.0,0.0,0.0,0.0,46.10527321703899,optimal
2021-02-13 04:00:00,1,81,2.0,0.0,5.0,0.1348,7.938,6.0,-2,19.45112607749994,55.0,0.16733333333333333,7000.0,0.0,0.0,0.0,48.434167943821954,optimal
2021-02-13 04:30:00,1,81,2.0,0.0,0.0,0.22406666666666664,8.274,6.0,-2,19.83566338782671,55.0,0.16733333333333333,7000.0,0.0,0.0,0.0,48.38573377587813,optimal
2021-02-13 05:00:00,1,81,2.0,0.0,0.0,0.15486666666666668,9.261,6.0,-2,20.22246441048391,55.0,0.16733333333333333,7000.0,0.0,0.0,0.0,48.33734804210225,optimal
2021-02-13 05:30:00,1,81,2.0,0.0,0.0,0.16093333333333334,9.9225,6.0,-2,20.599177835742992,55.0,0.16733333333333333,7000.0,0.0,0.0,0.0,48.289010694060146,optimal
2021-02-13 06:00:00,1,81,2.0,0.0,0.0,0.22253333333333333,9.702,6.0,-2,20.97239132583619,55.0,0.16733333333333333,7000.0,0.0,0.0,0.0,48.240721683366075,optimal
2021-02-13 06:30:00,1,81,0.0,0.0,0.0,0.13693333333333332,10.584,6.0,-2,21.346368206696116,55.0,0.16733333333333333,0.0,0.0,0.0,0.0,48.192480961682705,optimal
2021-02-13 07:00:00,1,81,2.0,0.0,0.0,0.12533333333333332,10.143,6.0,-2,21.17607118006533,55.0,0.16733333333333333,7000.0,0.0,0.0,0.0,48.144288480721016,optimal
2021-02-13 07:30:00,1,81,0.0,0.0,0.0,0.2522666666666667,13.0095,6.0,-2,21.539446128446684,55.0,0.16733333333333333,0.0,0.0,0.0,0.0,48.096144192240295,optimal
2021-02-13 08:00:00,1,81,0.0,0.0,0.0,0.223,11.025,6.0,-2,21.375956567459145,55.0,0.118,0.0,0.0,0.0,0.0,48.048048048048045,optimal
2021-02-13 08:30:00,1,81,0.0,0.0,0.0,0.20313333333333333,12.789,6.0,-2,21.216930853421903,55.0,0.11733333333333333,0.0,0.0,0.0,0.0,48.0,optimal
2021-02-13 09:00:00,1,81,0.0,0.0,0.0,0.8660666666666668,12.1275,6.0,-2,21.06333336561886,55.0,0.11333333333333333,0.0,0.0,0.0,0.0,47.569897253445745,optimal
2021-02-13 09:30:00,1,81,0.0,0.0,0.0,1.2105,12.1695,6.0,-2,20.964865503313845,55.0,0.10666666666666667,0.0,0.0,0.0,0.0,47.14022460963805,optimal
2021-02-13 10:00:00,1,81,0.0,0.0,0.0,0.25166666666666665,12.306,6.0,-2,20.900991297498997,55.0,0.1,0.0,0.0,0.0,0.0,46.71098163847416,optimal
2021-02-13 10:30:00,1,81,0.0,0.0,0.0,0.22506666666666664,13.23,6.0,-2,20.763260864993722,55.0,0.08733333333333333,0.0,0.0,0.0,0.0,46.28216791028143,optimal
2021-02-13 11:00:00,1,81,0.0,0.0,0.0,0.33586666666666665,13.671,6.0,-2,20.621606949120146,55.0,0.08733333333333333,0.0,0.0,0.0,0.0,45.85378299581689,optimal
2021-02-13 11:30:00,1,81,0.0,0.0,0.0,0.39853333333333335,13.9335,6.0,-2,20.481632900774965,55.0,0.08666666666666667,0.0,0.0,0.0,0.0,45.42582646626682,optimal
2021-02-13 12:00:00,1,81,0.0,0.0,0.0,0.3518,13.293,6.0,-2,20.349527604591728,55.0,0.08666666666666667,0.0,0.0,0.0,0.0,44.9982978932463,optimal
2021-02-13 12:30:00,1,81,0.0,0.0,0.0,0.22733333333333328,12.1065,6.0,-2,20.218733188244034,55.0,0.08466666666666667,0.0,0.0,0.0,0.0,44.571196848798806,optimal
2021-02-13 13:00:00,1,81,0.0,0.0,0.0,0.2508,11.571,6.0,-2,20.103208118688364,55.0,0.08466666666666667,0.0,0.0,0.0,0.0,44.14452290539575,optimal
2021-02-13 13:30:00,1,81,2.0,0.0,0.0,0.2204,11.025,6.0,-2,20.0,55.0,0.08266666666666667,7000.0,0.0,0.0,0.0,43.7182756359361,optimal
2021-02-13 14:00:00,1,81,2.0,0.0,0.0,0.206,10.8465,6.0,-2,20.42845857901711,55.0,0.08,7000.0,0.0,0.0,0.0,43.29245461374591,optimal
2021-02-13 14:30:00,1,81,0.3002686775165828,0.0,0.0,0.4411333333333333,11.2455,6.0,-2,20.855960583899755,55.0,0.078,1050.9403713080399,0.0,0.0,0.0,42.86705941257791,optimal
2021-02-13 15:00:00,1,81,0.0,0.0,0.0,0.303,23.8665,6.0,-2,20.8355883882767,55.0,0.076,0.0,0.0,0.0,0.0,42.44208960661108,optimal
2021-02-13 15:30:00,1,81,0.0,0.0,0.0,0.3364,27.4575,6.0,-2,20.71943370127188,55.0,0.076,0.0,0.0,0.0,0.0,42.017544770450215,optimal
2021-02-13 16:00:00,1,81,0.0,0.0,0.0,0.4090666666666667,27.3735,6.0,-2,20.60752978491492,55.0,0.076,0.0,0.0,0.0,0.0,41.59342447912551,optimal
2021-02-13 16:30:00,1,81,0.0,0.0,0.0,0.31376666666666664,30.4605,6.0,-2,20.502526820898744,55.0,0.042,0.0,0.0,0.0,0.0,41.551831054646385,optimal
2021-02-13 17:00:00,1,81,0.0,0.0,0.0,0.5812,30.0195,6.0,-2,20.39677435230889,55.0,0.03266666666666666,0.0,0.0,0.0,0.0,41.51027922359174,optimal
2021-02-13 17:30:00,1,81,0.0,0.0,0.0,0.27526666666666666,26.9325,6.0,-2,20.311141083348392,55.0,0.03133333333333333,0.0,0.0,0.0,0.0,41.46876894436814,optimal
2021-02-13 18:00:00,1,81,0.0,0.0,0.0,0.3972333333333333,14.595,6.0,-2,20.2023470993337,55.0,0.02666666666666667,0.0,0.0,0.0,0.0,41.427300175423774,optimal
2021-02-13 18:30:00,1,81,0.0,0.0,0.0,0.4579,12.4845,6.0,-2,20.094649608247025,55.0,0.006666666666666667,0.0,0.0,0.0,0.0,41.38587287524835,optimal
2021-02-13 19:00:00,1,81,0.27778614982606303,0.0,0.0,0.6123,12.1275,6.0,-2,20.0,55.0,0.006666666666666667,972.2515243912205,0.0,0.0,0.0,41.34448700237311,optimal
2021-02-13 19:30:00,1,81,0.759742150683346,0.0,0.0,0.44139999999999996,12.1275,6.0,-2,20.0,55.0,0.006,2659.097527391711,0.0,0.0,0.0,41.30314251537073,optimal
2021-02-13 20:00:00,1,81,0.0,0.0,0.0,0.3742,12.789,6.0,-2,20.104372966644824,55.0,0.006,0.0,0.0,0.0,0.0,41.26183937285536,optimal
2021-02-13 20:30:00,1,81,0.0,0.0,0.0,0.6286,11.907,6.0,-2,20.0,55.0,0.004,0.0,0.0,0.0,0.0,41.220577533482505,optimal
2021-02-13 21:00:00,1,81,0.0,0.0,0.0,0.6050333333333333,11.025,6.0,-2,19.924670283226533,55.0,0.0,0.0,0.0,0.0,0.0,41.179356955949025,optimal
2021-02-13 21:30:00,1,81,0.0,0.0,0.0,0.5790666666666667,8.2005,6.0,-2,19.854739664326768,55.0,0.0,0.0,0.0,0.0,0.0,41.138177598993074,optimal
2021-02-13 22:00:00,1,81,0.0,0.0,0.0,0.5372666666666667,9.5655,6.0,-2,19.789001756892883,55.0,0.0,0.0,0.0,0.0,0.0,41.09703942139408,optimal
2021-02-13 22:30:00,1,81,0.0,0.0,0.0,0.3566666666666667,7.056,6.0,-2,19.708033392474785,55.0,0.0,0.0,0.0,0.0,0.0,41.055942381972685,optimal
2021-02-13 23:00:00,1,81,0.0,0.0,0.0,0.08186666666666666,9.3975,6.0,-2,19.60826824683626,55.0,0.0,0.0,0.0,0.0,0.0,41.01488643959071,optimal
2021-02-13 23:30:00,1,81,0.0,0.0,0.0,0.31,10.059,6.0,-2,19.45401174118865,55.0,0.0,0.0,0.0,0.0,0.0,40.97387155315112,optimal
2021-02-07 00:00:00,2,81,0.0,0.0,0.0,0.0726,10.3635,6.0,-1,21.0,55.0,0.12,0.0,0.0,0.0,0.0,47.952,optimal
2021-02-07 00:30:00,2,81,0.0,0.0,0.0,0.23513333333333333,8.274,6.0,-1,20.86358849314562,55.0,0.11933333333333333,0.0,0.0,0.0,0.0,47.904047999999996,optimal
2021-02-07 01:00:00,2,81,0.0,0.0,0.0,0.061,7.7175,6.0,-1,20.743491091315395,55.0,0.11933333333333333,0.0,0.0,0.0,0.0,47.856143952,optimal
2021-02-07 01:30:00,2,81,0.0,0.0,0.0,0.061,6.615,6.0,-1,20.59767421365593,55.0,0.11933333333333333,0.0,0.0,0.0,0.0,47.80828780804799,optimal
2021-02-07 02:00:00,2,81,0.0,0.0,0.0,0.12246666666666668,6.174,6.0,-1,20.452704797799846,55.0,0.11933333333333333,0.0,0.0,0.0,0.0,47.76047952023995,optimal
2021-02-07 02:30:00,2,81,2.0,0.0,0.0,0.1436,3.906,6.0,-1,20.31282804220684,55.0,0.11933333333333333,7000.0,0.0,0.0,0.0,47.712719040719705,optimal
2021-02-07 03:00:00,2,81,2.0,0.0,0.0,0.061,2.3415,6.0,-1,20.70868613538218,55.0,0.11933333333333333,7000.0,0.0,0.0,0.0,47.66500632167899,optimal
2021-02-07 03:30:00,2,81,2.0,0.0,0.0,0.1974,2.205,6.0,-1,21.094015782751963,55.0,0.11933333333333333,7000.0,0.0,0.0,0.0,47.61734131535731,optimal
2021-02-07 04:00:00,2,81,2.0,0.0,1.7179153722866964,0.11466666666666668,0.882,6.0,-1,21.485890588240945,55.0,0.11933333333333333,7000.0,0.0,0.0,0.0,48.38573377587813,optimal
2021-02-07 04:30:00,2,81,2.0,0.0,0.0,0.2668333333333333,1.5435,6.0,-1,21.869317425069074,55.0,0.116,7000.0,0.0,0.0,0.0,48.33734804210225,optimal
2021-02-07 05:00:00,2,81,2.0,0.0,0.0,0.40873333333333334,1.5435,6.0,-1,22.273868236283178,55.0,0.11466666666666667,7000.0,0.0,0.0,0.0,48.289010694060146,optimal
2021-02-07 05:30:00,2,81,0.0,0.0,0.0,0.061,5.0715,6.0,-1,22.686377088913307,55.0,0.10933333333333334,0.0,0.0,0.0,0.0,48.240721683366075,optimal
2021-02-07 06:00:00,2,81,0.0,0.0,0.0,0.13033333333333336,5.376,6.0,-1,22.534745618157256,55.0,0.10933333333333334,0.0,0.0,0.0,0.0,48.192480961682705,optimal
2021-02-07 06:30:00,2,81,0.07099973962709966,0.0,0.0,0.14986666666666668,5.0715,6.0,-1,22.390506591187734,55.0,0.10533333333333333,248.49908869484878,0.0,0.0,0.0,48.144288480721016,optimal
2021-02-07 07:00:00,2,81,0.0,0.0,0.0,0.2715,5.5125,6.0,-1,22.269850627184585,55.0,0.104,0.0,0.0,0.0,0.0,48.096144192240295,optimal
2021-02-07 07:30:00,2,81,0.0,0.0,0.0,0.29306666666666664,9.261,6.0,-1,22.132719965240618,55.0,0.102,0.0,0.0,0.0,0.0,48.048048048048045,optimal
2021-02-07 08:00:00,2,81,0.0,0.0,0.0,0.3022333333333333,11.7075,6.0,-1,22.0,55.0,0.07933333333333334,0.0,0.0,0.0,0.0,48.0,optimal
2021-02-07 08:30:00,2,81,0.0,0.0,0.0,2.335366666666667,12.348,6.0,-1,21.87717209331347,55.0,0.07933333333333334,0.0,0.0,0.0,0.0,47.53115196586028,optimal
2021-02-07 09:00:00,2,81,0.0,0.0,0.0,4.5187333333333335,12.348,6.0,-1,21.768161509609545,55.0,0.02,0.0,0.0,0.0,0.0,47.0627727797547,optimal
2021-02-07 09:30:00,2,81,0.0,0.0,0.0,2.2786999999999997,12.1275,6.0,-1,21.74788856122608,55.0,0.02,0.0,0.0,0.0,0.0,46.59486197283523,optimal
2021-02-07 10:00:00,2,81,0.0,0.0,0.0,2.527066666666667,12.5265,6.0,-1,21.63866840330542,55.0,0.02,0.0,0.0,0.0,0.0,46.12741907672268,optimal
2021-02-07 10:30:00,2,81,0.0,0.0,0.0,1.4403,11.7495,6.0,-1,21.528474063486485,55.0,0.02,0.0,0.0,0.0,0.0,45.66044362350624,optimal
2021-02-07 11:00:00,2,81,0.0,0.0,0.0,2.615,13.23,6.0,-1,21.39592714739855,55.0,0.02,0.0,0.0,0.0,0.0,45.19393514574302,optimal
2021-02-07 11:30:00,2,81,0.0,0.0,0.0,2.0232,14.3325,6.0,-1,21.28834134564947,55.0,0.019333333333333334,0.0,0.0,0.0,0.0,44.72789317645756,optimal
2021-02-07 12:00:00,2,81,0.0,0.0,0.0,0.071,14.994,6.0,-1,21.180645193850467,55.0,0.019333333333333334,0.0,0.0,0.0,0.0,44.26231724914139,optimal
2021-02-07 12:30:00,2,81,0.0,0.0,0.0,0.11733333333333332,14.8155,6.0,-1,21.00931346748459,55.0,0.019333333333333334,0.0,0.0,0.0,0.0,43.79720689775253,optimal
2021-02-07 13:00:00,2,81,0.0,0.0,0.0,0.11776666666666669,14.112,6.0,-1,20.846762755320476,55.0,0.019333333333333334,0.0,0.0,0.0,0.0,43.332561656715065,optimal
2021-02-07 13:30:00,2,81,0.0,0.0,0.0,0.071,14.007,6.0,-1,20.687308642774273,55.0,0.019333333333333334,0.0,0.0,0.0,0.0,42.86838106091864,optimal
2021-02-07 14:00:00,2,81,0.0,0.0,0.0,0.1702,13.23,6.0,-1,20.520782507560238,55.0,0.019333333333333334,0.0,0.0,0.0,0.0,42.404664645718,optimal
2021-02-07 14:30:00,2,81,2.0,0.0,0.0,0.1082,11.382,6.0,-1,20.363731804793275,55.0,0.019333333333333334,7000.0,0.0,0.0,0.0,41.94141194693257,optimal
2021-02-07 15:00:00,2,81,0.9519188793279302,0.0,0.0,0.071,11.7495,6.0,-1,20.737279235569503,55.0,0.019333333333333334,3331.716077647756,0.0,0.0,0.0,41.47862250084592,optimal
2021-02-07 15:30:00,2,81,0.0,0.0,0.0,0.1082,24.3285,6.0,-1,20.825558409728423,55.0,0.019333333333333334,0.0,0.0,0.0,0.0,41.01629584420536,optimal
2021-02-07 16:00:00,2,81,0.0,0.0,0.0,0.34886666666666666,28.917,6.0,-1,20.660644643482442,55.0,0.018666666666666668,0.0,0.0,0.0,0.0,40.554431514221434,optimal
2021-02-07 16:30:00,2,81,0.0,0.0,0.0,0.23846666666666666,31.3635,6.0,-1,20.5322850437537,55.0,0.014,0.0,0.0,0.0,0.0,40.093029048567494,optimal
2021-02-07 17:00:00,2,81,0.0,0.0,0.0,0.21953333333333333,33.306,6.0,-1,20.41281688527429,55.0,0.012666666666666666,0.0,0.0,0.0,0.0,39.63208798537921,optimal
2021-02-07 17:30:00,2,81,0.0,0.0,0.0,0.3343,31.3425,6.0,-1,20.29467738919735,55.0,0.012666666666666666,0.0,0.0,0.0,0.0,39.17160786325411,optimal
2021-02-07 18:00:00,2,81,0.0,0.0,0.0,0.4234,28.2555,6.0,-1,20.183972379420847,55.0,0.008666666666666666,0.0,0.0,0.0,0.0,38.71158822125114,optimal
2021-02-07 18:30:00,2,81,0.0,0.0,0.0,0.3778,15.6975,6.0,-1,20.095373182890082,55.0,0.002,0.0,0.0,0.0,0.0,38.25202859889017,optimal
2021-02-07 19:00:00,2,81,0.5595513989635361,0.0,0.0,0.18880000000000002,12.5475,6.0,-1,20.0,55.0,0.002,1958.4298963723766,0.0,0.0,0.0,37.792928536151564,optimal
2021-02-07 19:30:00,2,81,0.5932085418206804,0.0,0.0,0.071,12.0855,6.0,-1,20.0,55.0,0.002,2076.229896372381,0.0,0.0,0.0,37.3342875734757,optimal
2021-02-07 20:00:00,2,81,0.5932085418206804,0.0,0.0,0.071,11.907,6.0,-1,20.0,55.0,0.002,2076.229896372381,0.0,0.0,0.0,36.8761052517625,optimal
2021-02-07 20:30:00,2,81,0.0,0.0,0.0,0.1268,12.5685,6.0,-1,20.0,55.0,0.002,0.0,0.0,0.0,0.0,36.41838111237102,optimal
2021-02-07 21:00:00,2,81,0.0,0.0,0.0,0.27153333333333335,13.146,6.0,-1,19.845132208007257,55.0,0.002,0.0,0.0,0.0,0.0,35.96111469711894,optimal
2021-02-07 21:30:00,2,81,0.0,0.0,0.0,0.34676666666666667,10.584,6.0,-1,19.705768771553018,55.0,0.002,0.0,0.0,0.0,0.0,35.92515358242182,optimal
2021-02-07 22:00:00,2,81,0.0,0.0,0.0,0.3114666666666666,6.678,6.0,-1,19.599086035956898,55.0,0.002,0.0,0.0,0.0,0.0,35.8892284288394,optimal
2021-02-07 22:30:00,2,81,0.0,0.0,0.0,0.071,7.938,6.0,-1,19.488283772538196,55.0,0.002,0.0,0.0,0.0,0.0,35.853339200410566,optimal
2021-02-07 23:00:00,2,81,0.0,0.0,0.0,0.2074,5.292,6.0,-1,19.345608560964056,55.0,0.002,0.0,0.0,0.0,0.0,35.81748586121016,optimal
2021-02-07 23:30:00,2,81,0.0,0.0,0.0,0.071,9.261,6.0,-1,19.214590728362978,55.0,0.002,0.0,0.0,0.0,0.0,35.78166837534895,optimal
2021-02-08 00:00:00,2,81,2.0,0.0,0.0,0.054,7.938,6.0,-1,19.214590728362978,55.0,0.002,7000.0,0.0,0.0,0.0,35.7458867069736,optimal
2021-02-08 00:30:00,2,81,2.0,0.0,0.0,0.054,8.6835,6.0,-1,19.61015886393754,55.0,0.06898564593301436,0.0,0.0,7000.0,0.0,35.71014082026662,optimal
2021-02-08 01:00:00,2,81,2.0,0.0,0.0,0.05816666666666666,7.665,6.0,-1,19.468736289517697,55.0,0.104,3341.0,0.0,3659.0,0.0,35.67443067944636,optimal
2021-02-08 01:30:00,2,81,2.0,0.0,5.0,0.26416666666666666,6.7725,6.0,-1,19.583510238848874,55.0,0.104,7000.0,0.0,0.0,0.0,38.01375624876691,optimal
2021-02-08 02:00:00,2,81,2.0,0.0,5.0,0.17266666666666666,5.5755,6.0,-1,19.99139066384181,55.0,0.104,7000.0,0.0,0.0,0.0,40.350742492518144,optimal
2021-02-08 02:30:00,2,81,2.0,0.0,5.0,0.22166666666666662,5.0925,6.0,-1,20.388247816888537,55.0,0.104,7000.0,0.0,0.0,0.0,42.68539175002562,optimal
2021-02-08 03:00:00,2,81,2.0,0.0,5.0,0.1995,4.1895,6.0,-1,20.785771602193297,55.0,0.104,7000.0,0.0,0.0,0.0,45.017706358275596,optimal
2021-02-08 03:30:00,2,81,2.0,0.0,2.7936862428588047,0.1155,7.056,6.0,-1,21.17853228762977,55.0,0.104,7000.0,0.0,0.0,0.0,46.299689617275256,optimal
2021-02-08 04:00:00,2,81,2.0,0.0,5.0,0.054,5.271,6.0,-1,21.56097502778944,55.0,0.104,7000.0,0.0,0.0,0.0,48.62838992765797,optimal
2021-02-08 04:30:00,2,81,2.0,0.0,0.0,0.2297333333333333,7.938,6.0,-1,21.934905876689733,55.0,0.104,7000.0,0.0,0.0,0.0,48.579761537730306,optimal
2021-02-08 05:00:00,2,81,2.0,0.0,0.0,0.17376666666666668,7.938,6.0,-1,22.318038188922085,55.0,0.104,7000.0,0.0,0.0,0.0,48.53118177619257,optimal
2021-02-08 05:30:00,2,81,0.0,0.0,0.0,0.07483333333333334,11.907,6.0,-1,22.692631993764834,55.0,0.104,0.0,0.0,0.0,0.0,48.48265059441637,optimal
2021-02-08 06:00:00,2,81,0.0,0.0,0.0,0.096,11.025,6.0,-1,22.52243834698752,55.0,0.104,0.0,0.0,0.0,0.0,48.434167943821954,optimal
2021-02-08 06:30:00,2,81,0.0,0.0,0.0,0.2533333333333333,11.2875,6.0,-1,22.35492094314505,55.0,0.104,0.0,0.0,0.0,0.0,48.38573377587813,optimal
2021-02-08 07:00:00,2,81,0.0,0.0,0.0,0.058333333333333334,12.936,6.0,-1,22.200433802898722,55.0,0.104,0.0,0.0,0.0,0.0,48.33734804210225,optimal
2021-02-08 07:30:00,2,81,0.0,0.0,0.0,0.26616666666666666,13.0095,6.0,-1,22.03167898768078,55.0,0.104,0.0,0.0,0.0,0.0,48.289010694060146,optimal
2021-02-08 08:00:00,2,81,0.0,0.0,0.0,0.05816666666666666,13.671,6.0,-1,21.880759768673016,55.0,0.104,0.0,0.0,0.0,0.0,48.240721683366075,optimal
2021-02-08 08:30:00,2,81,0.0,0.0,0.0,0.195,13.188,6.0,-1,21.71691881646873,55.0,0.104,0.0,0.0,0.0,0.0,48.192480961682705,optimal
2021-02-08 09:00:00,2,81,0.0,0.0,0.0,0.32306666666666667,13.8495,6.0,-1,21.564071011572263,55.0,0.10030666666666667,0.0,0.0,0.0,0.0,48.144288480721016,optimal
2021-02-08 09:30:00,2,81,0.0,0.0,0.0,0.14126666666666668,13.23,6.0,-1,21.432730539115504,55.0,0.07533333333333334,0.0,0.0,0.0,0.0,48.096144192240295,optimal
2021-02-08 10:00:00,2,81,0.0,0.0,0.0,0.2753333333333333,13.3665,6.0,-1,21.30384284401496,55.0,0.07533333333333334,0.0,0.0,0.0,0.0,48.048048048048045,optimal
2021-02-08 10:30:00,2,81,0.0,0.0,0.0,0.3858666666666667,13.0515,6.0,-1,21.20946181398803,55.0,0.05333333333333334,0.0,0.0,0.0,0.0,48.0,optimal
2021-02-08 11:00:00,2,81,0.0,0.0,0.0,1.415266666666667,13.5345,6.0,-1,21.10596660850251,55.0,0.05333333333333334,0.0,0.0,0.0,0.0,47.899144674026665,optimal
2021-02-08 11:30:00,2,81,0.0,0.0,0.0,0.281,14.154,6.0,-1,21.007034272312218,55.0,0.052,0.0,0.0,0.0,0.0,47.798390203379306,optimal
2021-02-08 12:00:00,2,81,0.0,0.0,0.0,0.219,14.112,6.0,-1,20.872537291444278,55.0,0.051333333333333335,0.0,0.0,0.0,0.0,47.69773648720259,optimal
2021-02-08 12:30:00,2,81,0.0,0.0,0.0,0.2203333333333333,14.2485,6.0,-1,20.73624779713327,55.0,0.051333333333333335,0.0,0.0,0.0,0.0,47.597183424742056,optimal
2021-02-08 13:00:00,2,81,0.0,0.0,0.0,0.18573333333333328,12.789,6.0,-1,20.576689919444615,55.0,0.051333333333333335,0.0,0.0,0.0,0.0,47.49673091534398,optimal
2021-02-08 13:30:00,2,81,0.0,0.0,0.0,0.1296,13.0095,6.0,-1,20.417675210942324,55.0,0.051333333333333335,0.0,0.0,0.0,0.0,47.39637885845531,optimal
2021-02-08 14:00:00,2,81,2.0,0.0,0.0,0.16933333333333334,12.1275,6.0,-1,20.256673285214653,55.0,0.051333333333333335,7000.0,0.0,0.0,0.0,47.296127153623516,optimal
2021-02-08 14:30:00,2,81,0.8819875755862807,0.0,0.0,0.309,12.348,6.0,-1,20.634500088148354,55.0,0.048666666666666664,3086.9565145519828,0.0,0.0,0.0,47.19597570049656,optimal
2021-02-08 15:00:00,2,81,2.0,0.0,0.0,0.0865,12.348,6.0,-1,20.735873977519603,55.0,0.048666666666666664,7000.0,0.0,0.0,0.0,47.09592439882273,optimal
2021-02-08 15:30:00,2,81,0.0,0.0,0.0,0.23583333333333328,25.389,6.0,-1,21.13441600278138,55.0,0.048666666666666664,0.0,0.0,0.0,0.0,46.995973148450574,optimal
2021-02-08 16:00:00,2,81,0.0,0.0,0.0,0.196,29.1375,6.0,-1,20.97384447542597,55.0,0.048666666666666664,0.0,0.0,0.0,0.0,46.89612184932879,optimal
2021-02-08 16:30:00,2,81,0.0,0.0,0.0,0.1684,30.597,6.0,-1,20.812099539028647,55.0,0.048666666666666664,0.0,0.0,0.0,0.0,46.79637040150613,optimal
2021-02-08 17:00:00,2,81,0.0,0.0,0.0,0.14393333333333333,33.684,6.0,-1,20.64835499886335,55.0,0.048666666666666664,0.0,0.0,0.0,0.0,46.69671870513129,optimal
2021-02-08 17:30:00,2,81,0.0,0.0,0.0,0.196,32.445,6.0,-1,20.482867335730266,55.0,0.048666666666666664,0.0,0.0,0.0,0.0,46.59716666045283,optimal
2021-02-08 18:00:00,2,81,0.0,0.0,0.0,0.1016,28.917,6.0,-1,20.321042589653256,55.0,0.048666666666666664,0.0,0.0,0.0,0.0,46.49771416781904,optimal
2021-02-08 18:30:00,2,81,0.0,0.0,0.0,0.24556666666666663,15.876,6.0,-1,20.156487103808676,55.0,0.048666666666666664,0.0,0.0,0.0,0.0,46.39836112767789,optimal
2021-02-08 19:00:00,2,81,0.604110226223643,0.0,0.0,0.1605,12.348,6.0,-1,20.0,55.0,0.048666666666666664,2114.3857917827504,0.0,0.0,0.0,46.299107440576876,optimal
2021-02-08 19:30:00,2,81,0.8917468658580708,0.0,0.0,0.137,12.1275,6.0,-1,20.0,55.0,0.043333333333333335,3121.1140305032477,0.0,0.0,0.0,46.19995300716297,optimal
2021-02-08 20:00:00,2,81,0.0,0.0,0.0,0.37626666666666664,12.348,6.0,-1,20.109890775654645,55.0,0.04133333333333333,0.0,0.0,0.0,0.0,46.100897728182474,optimal
2021-02-08 20:30:00,2,81,0.0,0.0,0.0,0.29333333333333333,12.1275,6.0,-1,20.0,55.0,0.04133333333333333,0.0,0.0,0.0,0.0,46.00194150448096,optimal
2021-02-08 21:00:00,2,81,0.0,0.0,0.0,1.2562666666666669,12.1275,6.0,-1,19.884635684577418,55.0,0.015973333333333332,0.0,0.0,0.0,0.0,45.90308423700315,optimal
2021-02-08 21:30:00,2,81,0.0,0.0,0.0,0.14866666666666667,11.2665,6.0,-1,19.804841295469444,55.0,0.0019999999999999996,0.0,0.0,0.0,0.0,45.80432582679281,optimal
2021-02-08 22:00:00,2,81,0.0,0.0,0.0,0.6029,10.143,6.0,-1,19.697783009562475,55.0,0.0019999999999999996,0.0,0.0,0.0,0.0,45.705666174992686,optimal
2021-02-08 22:30:00,2,81,0.0,0.0,0.0,0.1431,11.2455,6.0,-1,19.616238231648833,55.0,0.001333333333333333,0.0,0.0,0.0,0.0,45.60710518284436,optimal
2021-02-08 23:00:00,2,81,0.0,0.0,0.0,0.21673333333333328,11.025,6.0,-1,19.502863853407572,55.0,0.0,0.0,0.0,0.0,0.0,45.56149807766151,optimal
2021-02-08 23:30:00,2,81,0.0,0.0,0.0,0.2193333333333333,5.9745,6.0,-1,19.405991247191295,55.0,0.0,0.0,0.0,0.0,0.0,45.51593657958385,optimal
2021-02-09 00:00:00,2,81,2.0,0.0,0.0,0.062,11.2455,6.0,-1,19.405991247191295,55.0,0.0,7000.0,0.0,0.0,0.0,45.47042064300427,optimal
2021-02-09 00:30:00,2,81,0.0,0.0,0.0,0.062,12.1275,6.0,-1,19.78620563965737,55.0,0.0,0.0,0.0,0.0,0.0,45.42495022236126,optimal
2021-02-09 01:00:00,2,81,2.0,0.0,0.0,0.062,11.823,6.0,-1,19.630007349741145,55.0,0.06698564593301436,0.0,0.0,7000.0,0.0,45.3795252721389,optimal
2021-02-09 01:30:00,2,81,2.0,0.0,0.0,0.062,11.7705,6.0,-1,19.475632800891155,55.0,0.1339712918660287,0.0,0.0,7000.0,0.0,45.33414574686676,optimal
2021-02-09 02:00:00,2,81,2.0,0.0,0.0,0.06633333333333333,11.13,6.0,-1,19.32173917308923,55.0,0.1339712918660287,7000.0,0.0,0.0,0.0,45.288811601119896,optimal
2021-02-09 02:30:00,2,81,2.0,0.0,0.0,0.062,11.6865,6.0,-1,19.70181428147502,55.0,0.1339712918660287,7000.0,0.0,0.0,0.0,45.24352278951878,optimal
2021-02-09 03:00:00,2,81,2.0,0.0,2.3137486177083884,0.07866666666666668,10.7205,6.0,-1,20.07897000808344,55.0,0.1339712918660287,7000.0,0.0,0.0,0.0,46.29730986014074,optimal
2021-02-09 03:30:00,2,81,2.0,0.0,0.0,0.12033333333333332,11.424,6.0,-1,20.454502392885082,55.0,0.1339712918660287,7000.0,0.0,0.0,0.0,46.25101255028059,optimal
2021-02-09 04:00:00,2,81,2.0,0.0,5.0,0.062,10.689,6.0,-1,20.830773352423343,55.0,0.1339712918660287,7000.0,0.0,0.0,0.0,48.579761537730306,optimal
2021-02-09 04:30:00,2,81,2.0,0.0,0.0,0.137,11.361,6.0,-1,21.20015503903424,55.0,0.1339712918660287,7000.0,0.0,0.0,0.0,48.53118177619257,optimal
2021-02-09 05:00:00,2,81,2.0,0.0,0.0,0.062,11.571,6.0,-1,21.571101219578388,55.0,0.1339712918660287,7000.0,0.0,0.0,0.0,48.48265059441637,optimal
2021-02-09 05:30:00,2,81,0.0,0.0,0.0,0.13283333333333333,14.3745,6.0,-1,21.932166083834677,55.0,0.1339712918660287,0.0,0.0,0.0,0.0,48.434167943821954,optimal
2021-02-09 06:00:00,2,81,0.0,0.0,0.0,0.06616666666666667,13.23,6.0,-1,21.76194383732254,55.0,0.1339712918660287,0.0,0.0,0.0,0.0,48.38573377587813,optimal
2021-02-09 06:30:00,2,81,0.0,0.0,0.0,0.137,13.9755,6.0,-1,21.58814626137581,55.0,0.1339712918660287,0.0,0.0,0.0,0.0,48.33734804210225,optimal
2021-02-09 07:00:00,2,81,0.0,0.0,0.0,0.062,14.994,6.0,-1,21.420842056919415,55.0,0.1339712918660287,0.0,0.0,0.0,0.0,48.289010694060146,optimal
2021-02-09 07:30:00,2,81,0.0,0.0,0.0,0.06,13.671,6.0,-1,21.248859374592442,55.0,0.13130462519936204,0.0,0.0,0.0,0.0,48.240721683366075,optimal
2021-02-09 08:00:00,2,81,0.0,0.0,0.0,0.4908333333333333,15.981,6.0,-1,21.087954552098665,55.0,0.1299712918660287,0.0,0.0,0.0,0.0,48.192480961682705,optimal
2021-02-09 08:30:00,2,81,0.0,0.0,0.0,0.14166666666666666,15.6345,6.0,-1,20.937146807941197,55.0,0.039304625199362044,0.0,0.0,0.0,0.0,48.144288480721016,optimal
2021-02-09 09:00:00,2,81,0.0,0.0,0.0,0.07843333333333334,16.5375,6.0,-1,20.799205798839886,55.0,0.03463795853269538,0.0,0.0,0.0,0.0,48.096144192240295,optimal
2021-02-09 09:30:00,2,81,0.0,0.0,0.0,1.1967999999999999,14.7735,6.0,-1,20.664123990222024,55.0,0.032637958532695376,0.0,0.0,0.0,0.0,48.048048048048045,optimal
2021-02-09 10:00:00,2,81,0.0,0.0,0.0,0.3479333333333333,15.2145,6.0,-1,20.560443900603772,55.0,0.032637958532695376,0.0,0.0,0.0,0.0,48.0,optimal
2021-02-09 10:30:00,2,81,0.0,0.0,0.0,0.7700333333333333,14.553,6.0,-1,20.445622527149222,55.0,0.030637958532695374,0.0,0.0,0.0,0.0,47.476514441535706,optimal
2021-02-09 11:00:00,2,81,0.07964031672054411,0.0,0.0,1.2006333333333334,14.3325,6.0,-1,20.328973649991404,55.0,0.030637958532695374,278.7411085219044,0.0,0.0,0.0,46.95355236862988,optimal
2021-02-09 11:30:00,2,81,0.0,0.0,0.0,0.8373333333333334,14.595,6.0,-1,20.23906093812294,55.0,0.030637958532695374,0.0,0.0,0.0,0.0,46.43111325779696,optimal
2021-02-09 12:00:00,2,81,0.0,0.0,0.0,0.6885666666666668,14.994,6.0,-1,20.12556883270245,55.0,0.026637958532695374,0.0,0.0,0.0,0.0,45.90919658607487,optimal
2021-02-09 12:30:00,2,81,0.32008020894140493,0.0,0.0,2.088966666666667,14.3325,6.0,-1,20.0,55.0,0.02530462519936204,1120.2807312949171,0.0,0.0,0.0,45.387801831024504,optimal
2021-02-09 13:00:00,2,81,0.44821235942280596,0.0,0.0,1.5034666666666667,13.8915,6.0,-1,20.0,55.0,0.02530462519936204,1568.7432579798208,0.0,0.0,0.0,44.866928470729185,optimal
2021-02-09 13:30:00,2,81,0.5066197520038895,0.0,0.0,0.6258333333333334,13.8915,6.0,-1,20.0,55.0,0.024637958532695375,1773.1691320136133,0.0,0.0,0.0,44.34657598379416,optimal
2021-02-09 14:00:00,2,81,2.0,0.0,0.0,0.9335333333333332,13.4715,6.0,-1,20.0,55.0,0.024637958532695375,7000.0,0.0,0.0,0.0,43.82674384934607,optimal
2021-02-09 14:30:00,2,81,2.0,0.0,0.0,1.0608333333333333,13.23,6.0,-1,20.423241739216383,55.0,0.023304625199362043,7000.0,0.0,0.0,0.0,43.30743154703244,optimal
2021-02-09 15:00:00,2,81,0.8477448056337937,0.0,0.0,0.14283333333333334,13.8915,6.0,-1,20.826919301310927,55.0,0.023304625199362043,2967.106819718278,0.0,0.0,0.0,42.78863855702111,optimal
2021-02-09 15:30:00,2,81,0.0,0.0,0.0,0.072,26.9325,6.0,-1,20.887761428937914,55.0,0.023304625199362043,0.0,0.0,0.0,0.0,42.270364359999796,optimal
2021-02-09 16:00:00,2,81,0.0,0.0,0.0,1.1275,30.303,6.0,-1,20.716534435691674,55.0,0.023304625199362043,0.0,0.0,0.0,0.0,41.7526084371755,optimal
2021-02-09 16:30:00,2,81,0.0,0.0,0.0,0.756,32.886,6.0,-1,20.584864934792176,55.0,0.01997129186602871,0.0,0.0,0.0,0.0,41.23537027027403,optimal
2021-02-09 17:00:00,2,81,0.0,0.0,0.0,1.0826666666666667,34.9965,6.0,-1,20.4609507779676,55.0,0.01730462519936204,0.0,0.0,0.0,0.0,40.71864934153947,optimal
2021-02-09 17:30:00,2,81,0.0,0.0,0.0,0.5715,33.327,6.0,-1,20.332338727909466,55.0,0.011304625199362041,0.0,0.0,0.0,0.0,40.677930692197926,optimal
2021-02-09 18:00:00,2,81,0.0,0.0,0.0,1.8231,31.122,6.0,-1,20.210222867366582,55.0,0.008637958532695375,0.0,0.0,0.0,0.0,40.63725276150573,optimal
2021-02-09 18:30:00,2,81,0.0,0.0,0.0,0.5919666666666668,17.9025,6.0,-1,20.14344841551386,55.0,0.004637958532695375,0.0,0.0,0.0,0.0,40.59661550874422,optimal
2021-02-09 19:00:00,2,81,0.0,0.0,0.0,1.0578666666666665,15.6555,6.0,-1,20.070795015976127,55.0,0.004637958532695375,0.0,0.0,0.0,0.0,40.556018893235475,optimal
2021-02-09 19:30:00,2,81,0.30327398923263754,0.0,0.0,0.8749666666666667,14.553,6.0,-1,20.0,55.0,0.004637958532695375,1061.4589623142313,0.0,0.0,0.0,40.51546287434224,optimal
2021-02-09 20:00:00,2,81,0.2523025606612009,0.0,0.0,0.9862333333333332,14.3325,6.0,-1,20.0,55.0,0.0013046251993620414,883.058962314203,0.0,0.0,0.0,40.4749474114679,optimal
2021-02-09 20:30:00,2,81,0.0,0.0,0.0,1.1090666666666666,13.335,6.0,-1,20.0,55.0,0.0013046251993620414,0.0,0.0,0.0,0.0,40.434472464056434,optimal
2021-02-09 21:00:00,2,81,0.06057142857142857,0.0,0.0,0.5461,12.1275,6.0,-1,19.942903846361123,55.0,0.0033333333333333335,0.0,0.0,212.0,0.0,40.39403799159238,optimal
2021-02-09 21:30:00,2,81,0.0,0.0,0.0,0.9802666666666667,12.2955,6.0,-1,19.87089564743608,55.0,0.0,0.0,0.0,0.0,0.0,40.35364395360079,optimal
2021-02-09 22:00:00,2,81,0.0398095238095238,0.0,0.0,1.7733666666666665,11.6865,6.0,-1,19.801447939678198,55.0,0.0,0.0,0.0,139.33333333333331,0.0,40.313290309647186,optimal
2021-02-09 22:30:00,2,81,0.0,0.0,0.0,1.0232,11.466,6.0,-1,19.72845626698828,55.0,0.0,0.0,0.0,0.0,0.0,40.27297701933754,optimal
2021-02-09 23:00:00,2,81,0.0,0.0,0.0,1.3181333333333334,10.8045,6.0,-1,19.645595495334952,55.0,0.0,0.0,0.0,0.0,0.0,40.232704042318204,optimal
2021-02-09 23:30:00,2,81,0.0,0.0,0.0,0.6363666666666666,10.584,6.0,-1,19.565347711997813,55.0,0.0,0.0,0.0,0.0,0.0,40.19247133827589,optimal
2021-02-10 00:00:00,2,81,2.0,0.0,0.0,0.072,11.844,6.0,-4,19.565347711997813,55.0,0.0,7000.0,0.0,0.0,0.0,40.152278866937614,optimal
2021-02-10 00:30:00,2,81,2.0,0.0,0.0,0.07066666666666667,11.508,6.0,-4,19.948694189889324,55.0,0.06698564593301436,0.0,0.0,7000.0,0.0,40.11212658807067,optimal
2021-02-10 01:00:00,2,81,2.0,0.0,0.0,0.1502,11.508,6.0,-4,19.794273593599925,55.0,0.13066666666666665,345.33333333333303,0.0,6654.666666666667,0.0,40.0720144614826,optimal
2021-02-10 01:30:00,2,81,2.0,0.0,5.0,0.1124,10.4475,6.0,-4,19.673375267750764,55.0,0.13066666666666665,7000.0,0.0,0.0,0.0,42.40694244702112,optimal
2021-02-10 02:00:00,2,81,2.0,0.0,5.0,0.062,10.8675,6.0,-4,20.056954048667798,55.0,0.13066666666666665,7000.0,0.0,0.0,0.0,44.7395355045741,optimal
2021-02-10 02:30:00,2,81,2.0,0.0,5.0,0.0683,10.542,6.0,-4,20.432414626575547,55.0,0.13066666666666665,7000.0,0.0,0.0,0.0,47.069795969069524,optimal
2021-02-10 03:00:00,2,81,2.0,0.0,0.0,0.19563333333333333,11.025,6.0,-4,20.805034549316378,55.0,0.13066666666666665,7000.0,0.0,0.0,0.0,47.02272617310045,optimal
2021-02-10 03:30:00,2,81,2.0,0.0,2.968484903054278,0.072,11.025,6.0,-4,21.18396165571911,55.0,0.13066666666666665,7000.0,0.0,0.0,0.0,48.38573377587813,optimal
2021-02-10 04:00:00,2,81,2.0,0.0,0.0,0.0846,14.553,6.0,-4,21.549454303942397,55.0,0.13066666666666665,7000.0,0.0,0.0,0.0,48.33734804210225,optimal
2021-02-10 04:30:00,2,81,2.0,0.0,0.0,0.195,13.0935,6.0,-4,21.912674602195587,55.0,0.13066666666666665,7000.0,0.0,0.0,0.0,48.289010694060146,optimal
2021-02-10 05:00:00,2,81,0.0,0.0,0.0,0.062,15.6345,6.0,-4,22.28044047445022,55.0,0.13066666666666665,0.0,0.0,0.0,0.0,48.240721683366075,optimal
2021-02-10 05:30:00,2,81,0.0,0.0,0.0,0.1691,18.102,6.0,-4,22.100974219487245,55.0,0.13066666666666665,0.0,0.0,0.0,0.0,48.192480961682705,optimal
2021-02-10 06:00:00,2,81,0.0,0.0,0.0,0.0935,17.199,6.0,-4,21.93037324028722,55.0,0.13066666666666665,0.0,0.0,0.0,0.0,48.144288480721016,optimal
2021-02-10 06:30:00,2,81,0.0,0.0,0.0,0.07276666666666666,18.2805,6.0,-4,21.75463498405338,55.0,0.08466666666666668,0.0,0.0,0.0,0.0,48.096144192240295,optimal
2021-02-10 07:00:00,2,81,0.0,0.0,0.0,1.286,17.4615,6.0,-4,21.586508241858482,55.0,0.07733333333333334,0.0,0.0,0.0,0.0,48.048048048048045,optimal
2021-02-10 07:30:00,2,81,0.0,0.0,0.0,0.40486666666666665,18.3225,6.0,-4,21.453722153959564,55.0,0.07733333333333334,0.0,0.0,0.0,0.0,48.0,optimal
2021-02-10 08:00:00,2,81,0.0,0.0,0.0,1.113733333333333,17.094,6.0,-4,21.336055794722814,55.0,0.07230666666666667,0.0,0.0,0.0,0.0,47.69483342297431,optimal
2021-02-10 08:30:00,2,81,0.0,0.0,0.0,0.2154,17.094,6.0,-4,21.224100803780498,55.0,0.07200000000000001,0.0,0.0,0.0,0.0,47.389972012525654,optimal
2021-02-10 09:00:00,2,81,0.0,0.0,0.0,0.1792,17.094,6.0,-4,21.12838297145963,55.0,0.07133333333333335,0.0,0.0,0.0,0.0,47.08541546348744,optimal
2021-02-10 09:30:00,2,81,0.0,0.0,0.0,0.27353333333333335,17.3565,6.0,-4,21.01587678036239,55.0,0.02,0.0,0.0,0.0,0.0,46.78116347099827,optimal
2021-02-10 10:00:00,2,81,0.0,0.0,0.0,2.9737666666666667,17.115,6.0,-4,20.875447101058082,55.0,0.018,0.0,0.0,0.0,0.0,46.47721573050159,optimal
2021-02-10 10:30:00,2,81,0.0,0.0,0.0,2.8381,17.241,6.0,-4,20.7780977117849,55.0,0.016666666666666666,0.0,0.0,0.0,0.0,46.1735719377454,optimal
2021-02-10 11:00:00,2,81,0.0,0.0,0.0,0.0917,17.094,6.0,-4,20.664872495167447,55.0,0.016666666666666666,0.0,0.0,0.0,0.0,45.87023178878197,optimal
2021-02-10 11:30:00,2,81,2.0,0.0,0.0,0.35710000000000003,16.5165,6.0,-4,20.503807843051398,55.0,0.016666666666666666,7000.0,0.0,0.0,0.0,45.5671949799675,optimal
2021-02-10 12:00:00,2,81,0.0,0.0,0.0,1.7656666666666667,17.8185,6.0,-4,20.89877124235314,55.0,0.012666666666666666,0.0,0.0,0.0,0.0,45.26446120796185,optimal
2021-02-10 12:30:00,2,81,0.8454325423034871,0.0,0.0,0.9711000000000001,17.094,6.0,-4,20.818139368464603,55.0,0.005333333333333333,2959.0138980622046,0.0,0.0,0.0,44.9620301697282,optimal
2021-02-10 13:00:00,2,81,2.0,0.0,0.0,2.8833,16.8945,6.0,-4,20.933896439377406,55.0,0.005333333333333333,7000.0,0.0,0.0,0.0,44.65990156253279,optimal
2021-02-10 13:30:00,2,81,0.0,0.0,0.0,0.5016666666666667,18.123,6.0,-4,21.434448565017924,55.0,0.005333333333333333,0.0,0.0,0.0,0.0,44.35807508394457,optimal
2021-02-10 14:00:00,2,81,0.0,0.0,0.0,0.4619,31.647,6.0,-4,21.302678506022218,55.0,0.005333333333333333,0.0,0.0,0.0,0.0,44.05655043183494,optimal
2021-02-10 14:30:00,2,81,0.0,0.0,0.0,0.14759999999999998,34.9965,6.0,-4,21.16793121891326,55.0,0.005333333333333333,0.0,0.0,0.0,0.0,43.755327304377424,optimal
2021-02-10 15:00:00,2,81,0.0,0.0,0.0,0.072,34.9965,6.0,-4,21.0007809597479,55.0,0.005333333333333333,0.0,0.0,0.0,0.0,43.454405400047364,optimal
2021-02-10 15:30:00,2,81,0.0,0.0,0.0,0.14759999999999998,34.9965,6.0,-4,20.8293473585785,55.0,0.005333333333333333,0.0,0.0,0.0,0.0,43.15378441762163,optimal
2021-02-10 16:00:00,2,81,0.0,0.0,0.0,0.135,34.9965,6.0,-4,20.66342281342543,55.0,0.005333333333333333,0.0,0.0,0.0,0.0,42.853464056178325,optimal
2021-02-10 16:30:00,2,81,0.0,0.0,0.0,0.072,34.9965,6.0,-4,20.49623659196831,55.0,0.005333333333333333,0.0,0.0,0.0,0.0,42.55344401509646,optimal
2021-02-10 17:00:00,2,81,0.0,0.0,0.0,0.09090000000000001,27.741,6.0,-4,20.323958717199567,55.0,0.005333333333333333,0.0,0.0,0.0,0.0,42.253723994055676,optimal
2021-02-10 17:30:00,2,81,0.0,0.0,0.0,0.2539666666666667,19.026,6.0,-4,20.15287607270339,55.0,0.005333333333333333,0.0,0.0,0.0,0.0,41.95430369303593,optimal
2021-02-10 18:00:00,2,81,0.5123116780524836,0.0,0.0,0.25989999999999996,18.7215,6.0,-4,20.0,55.0,0.005333333333333333,1793.0908731836926,0.0,0.0,0.0,41.65518281231721,optimal
2021-02-10 18:30:00,2,81,0.39280319965356547,0.0,0.0,0.44056666666666666,17.4195,6.0,-4,20.0,55.0,0.004666666666666667,1374.811198787479,0.0,0.0,0.0,41.3563610524792,optimal
2021-02-10 19:00:00,2,81,0.27329662601654997,0.0,0.0,0.5020666666666667,16.758,6.0,-4,20.0,55.0,0.002,956.5381910579249,0.0,0.0,0.0,41.05783811440104,optimal
2021-02-10 19:30:00,2,81,0.30690787463627023,0.0,0.0,0.41693333333333327,14.217,6.0,-4,20.0,55.0,0.0,1074.1775612269457,0.0,0.0,0.0,40.75961369926095,optimal
2021-02-10 20:00:00,2,81,0.47930198039884125,0.0,0.0,0.24386666666666668,13.3665,6.0,-4,20.0,55.0,0.0,1677.5569313959443,0.0,0.0,0.0,40.718854085561695,optimal
2021-02-10 20:30:00,2,81,0.0,0.0,0.0,0.1173,12.789,6.0,-4,20.0,55.0,0.0,0.0,0.0,0.0,0.0,40.67813523147613,optimal
2021-02-10 21:00:00,2,81,0.0796190476190476,0.0,0.0,1.7604000000000002,11.907,6.0,-4,19.87624055013775,55.0,0.0,0.0,0.0,278.66666666666663,0.0,40.63745709624466,optimal
2021-02-10 21:30:00,2,81,0.0,0.0,0.0,0.14893333333333333,11.7075,6.0,-4,19.79742703305717,55.0,0.0,0.0,0.0,0.0,0.0,40.596819639148414,optimal
2021-02-10 22:00:00,2,81,0.0398095238095238,0.0,0.0,0.3634,10.8045,6.0,-4,19.653963882076933,55.0,0.0,0.0,0.0,139.33333333333331,0.0,40.556222819509266,optimal
2021-02-10 22:30:00,2,81,0.0,0.0,0.0,0.21616666666666662,11.508,6.0,-4,19.542975816101105,55.0,0.0,0.0,0.0,0.0,0.0,40.515666596689755,optimal
2021-02-10 23:00:00,2,81,0.0,0.0,0.0,0.38666666666666666,11.508,6.0,-4,19.392532268454165,55.0,0.0,0.0,0.0,0.0,0.0,40.475150930093065,optimal
2021-02-10 23:30:00,2,81,0.0,0.0,0.0,0.4003,11.508,6.0,-4,19.25308473359195,55.0,0.0,0.0,0.0,0.0,0.0,40.43467577916297,optimal
2021-02-11 00:00:00,2,81,2.0,0.0,0.0,0.15446666666666667,11.6865,6.0,-2,19.25308473359195,55.0,0.0,7000.0,0.0,0.0,0.0,40.39424110338381,optimal
2021-02-11 00:30:00,2,81,2.0,0.0,0.0,0.20086666666666667,11.2245,6.0,-2,19.609946889583846,55.0,0.06698564593301436,0.0,0.0,7000.0,0.0,40.35384686228043,optimal
2021-02-11 01:00:00,2,81,2.0,0.0,0.0,0.12833333333333335,11.025,6.0,-2,19.43458142455112,55.0,0.1339712918660287,0.0,0.0,7000.0,0.0,40.313493015418146,optimal
2021-02-11 01:30:00,2,81,2.0,0.0,5.0,0.08913333333333334,10.7835,6.0,-2,19.256123462464355,55.0,0.17666666666666667,2538.333333333333,0.0,4461.666666666667,0.0,42.64817952240273,optimal
2021-02-11 02:00:00,2,81,2.0,0.0,0.0,0.20086666666666667,11.025,6.0,-2,19.269710719661692,55.0,0.17666666666666667,7000.0,0.0,0.0,0.0,42.605531342880326,optimal
2021-02-11 02:30:00,2,81,2.0,0.0,5.0,0.09566666666666669,10.584,6.0,-2,19.631731035448738,55.0,0.17666666666666667,7000.0,0.0,0.0,0.0,44.93792581153745,optimal
2021-02-11 03:00:00,2,81,2.0,0.0,2.3481442374207226,0.2534,11.025,6.0,-2,19.981647343426474,55.0,0.17666666666666667,7000.0,0.0,0.0,0.0,46.00835639850075,optimal
2021-02-11 03:30:00,2,81,2.0,0.0,5.0,0.06926666666666667,10.4265,6.0,-2,20.339605676958556,55.0,0.17666666666666667,7000.0,0.0,0.0,0.0,48.33734804210225,optimal
2021-02-11 04:00:00,2,81,2.0,0.0,0.0,0.14793333333333333,12.789,6.0,-2,20.682575780540954,55.0,0.17666666666666667,7000.0,0.0,0.0,0.0,48.289010694060146,optimal
2021-02-11 04:30:00,2,81,2.0,0.0,0.0,0.1698,12.684,6.0,-2,21.03071903557018,55.0,0.17666666666666667,7000.0,0.0,0.0,0.0,48.240721683366075,optimal
2021-02-11 05:00:00,2,81,2.0,0.0,0.0,0.1006,16.254,6.0,-2,21.3774496309261,55.0,0.17666666666666667,7000.0,0.0,0.0,0.0,48.192480961682705,optimal
2021-02-11 05:30:00,2,81,0.0,0.0,0.0,0.1534,17.64,6.0,-2,21.715839583246357,55.0,0.17666666666666667,0.0,0.0,0.0,0.0,48.144288480721016,optimal
2021-02-11 06:00:00,2,81,0.0,0.0,0.0,0.21059999999999998,19.1625,6.0,-2,21.52397974770307,55.0,0.17666666666666667,0.0,0.0,0.0,0.0,48.096144192240295,optimal
2021-02-11 06:30:00,2,81,0.0,0.0,0.0,0.06766666666666667,26.46,6.0,-2,21.339726863299678,55.0,0.15481333333333333,0.0,0.0,0.0,0.0,48.048048048048045,optimal
2021-02-11 07:00:00,2,81,0.0,0.0,0.0,0.26639999999999997,20.79,6.0,-2,21.15030129574283,55.0,0.12533333333333332,0.0,0.0,0.0,0.0,48.0,optimal
2021-02-11 07:30:00,2,81,0.0,0.0,0.0,0.2692,29.106,6.0,-2,20.984125492515325,55.0,0.12266666666666666,0.0,0.0,0.0,0.0,47.89988480744088,optimal
2021-02-11 08:00:00,2,81,0.0,0.0,0.0,0.23626666666666668,19.1835,6.0,-2,20.815578498272306,55.0,0.12066666666666667,0.0,0.0,0.0,0.0,47.79986973007431,optimal
2021-02-11 08:30:00,2,81,0.0,0.0,0.0,0.40573333333333333,19.6665,6.0,-2,20.645666975582806,55.0,0.118,0.0,0.0,0.0,0.0,47.699954667785114,optimal
2021-02-11 09:00:00,2,81,0.0,0.0,0.0,0.8486666666666667,19.404,6.0,-2,20.489939539775968,55.0,0.11466666666666667,0.0,0.0,0.0,0.0,47.60013952055821,optimal
2021-02-11 09:30:00,2,81,0.0,0.0,0.0,0.4261333333333333,19.047,6.0,-2,20.37973153283388,55.0,0.042666666666666665,0.0,0.0,0.0,0.0,47.500424188478526,optimal
2021-02-11 10:00:00,2,81,0.0,0.0,0.0,0.5085333333333334,18.858,6.0,-2,20.25395624551927,55.0,0.042666666666666665,0.0,0.0,0.0,0.0,47.40080857173093,optimal
2021-02-11 10:30:00,2,81,0.0,0.0,0.0,1.4552,19.2675,6.0,-2,20.15175218322794,55.0,0.042,0.0,0.0,0.0,0.0,47.301292570600076,optimal
2021-02-11 11:00:00,2,81,0.10059504494523534,0.0,0.0,0.588,18.963,6.0,-2,20.08979148870166,55.0,0.04,352.0826573083237,0.0,0.0,0.0,47.20187608547035,optimal
2021-02-11 11:30:00,2,81,0.7593218580633164,0.0,0.0,1.0317,18.438,6.0,-2,20.0,55.0,0.04,2657.6265032216074,0.0,0.0,0.0,47.10255901682576,optimal
2021-02-11 12:00:00,2,81,0.0,0.0,0.0,1.3489,18.7425,6.0,-2,20.0773603916225,55.0,0.03666666666666667,0.0,0.0,0.0,0.0,47.00334126524981,optimal
2021-02-11 12:30:00,2,81,2.0,0.0,0.0,0.18066666666666664,15.2145,6.0,-2,20.0,55.0,0.03666666666666667,7000.0,0.0,0.0,0.0,46.904222731425435,optimal
2021-02-11 13:00:00,2,81,0.0,0.0,0.0,0.38160000000000005,17.7765,6.0,-2,20.401269189376322,55.0,0.016813333333333333,0.0,0.0,0.0,0.0,46.805203316134886,optimal
2021-02-11 13:30:00,2,81,0.0,0.0,0.0,0.46303333333333335,16.758,6.0,-2,20.28118341022408,55.0,0.016666666666666666,0.0,0.0,0.0,0.0,46.70628292025963,optimal
2021-02-11 14:00:00,2,81,2.0,0.0,0.0,0.4941333333333333,16.422,6.0,-2,20.165891016699312,55.0,0.015333333333333332,7000.0,0.0,0.0,0.0,46.60746144478025,optimal
2021-02-11 14:30:00,2,81,1.303576119448693,0.0,0.0,0.31693333333333334,16.758,6.0,-2,20.606038418303264,55.0,0.015333333333333332,4562.516418070425,0.0,0.0,0.0,46.50873879077635,optimal
2021-02-11 15:00:00,2,81,0.0,0.0,0.0,0.7106666666666667,29.358,6.0,-2,20.85019245654738,55.0,0.013333333333333334,0.0,0.0,0.0,0.0,46.41011485942645,optimal
2021-02-11 15:30:00,2,81,0.0,0.0,0.0,0.3678666666666667,34.9965,6.0,-2,20.76415540798421,55.0,0.013333333333333334,0.0,0.0,0.0,0.0,46.3115895520079,optimal
2021-02-11 16:00:00,2,81,0.0,0.0,0.0,0.7229333333333333,34.65,6.0,-2,20.636983039378823,55.0,0.008,0.0,0.0,0.0,0.0,46.213162769896776,optimal
2021-02-11 16:30:00,2,81,0.0,0.0,0.0,1.4901,34.9965,6.0,-2,20.514638006733495,55.0,0.007333333333333333,0.0,0.0,0.0,0.0,46.11483441456776,optimal
2021-02-11 17:00:00,2,81,0.0,0.0,0.0,0.4446333333333333,34.9965,6.0,-2,20.408603542035287,55.0,0.005333333333333333,0.0,0.0,0.0,0.0,46.01660438759407,optimal
2021-02-11 17:30:00,2,81,0.0,0.0,0.0,0.6223333333333334,30.4815,6.0,-2,20.261657314235133,55.0,0.004,0.0,0.0,0.0,0.0,45.918472590647355,optimal
2021-02-11 18:00:00,2,81,0.0,0.0,0.0,0.7085666666666667,21.4305,6.0,-2,20.119341571216395,55.0,0.0,0.0,0.0,0.0,0.0,45.820438925497584,optimal
2021-02-11 18:30:00,2,81,0.4262244494462296,0.0,0.0,2.6506,14.3325,6.0,-2,20.0,55.0,0.0,1352.4522397284704,0.0,139.33333333333331,0.0,45.72250329401297,optimal
2021-02-11 19:00:00,2,81,1.0835146993338816,0.0,0.0,2.9927333333333332,13.692,6.0,-2,20.0,55.0,0.006666666666666667,3095.6347810019183,0.0,696.6666666666666,0.0,45.62466559815983,optimal
2021-02-11 19:30:00,2,81,0.0,0.0,0.0,0.7149,14.007,6.0,-2,20.13830091003806,55.0,0.0,0.0,0.0,0.0,0.0,45.57904093256167,optimal
2021-02-11 20:00:00,2,81,0.6285685906813917,0.0,0.0,0.199,12.873,6.0,-2,20.0,55.0,0.0,2199.990067384871,0.0,0.0,0.0,45.53346189162911,optimal
2021-02-11 20:30:00,2,81,0.05971428571428571,0.0,0.0,1.9077,12.684,6.0,-2,20.0,55.0,0.0,0.0,0.0,209.0,0.0,45.48792842973748,optimal
2021-02-11 21:00:00,2,81,0.13933333333333334,0.0,0.0,0.2419333333333333,12.306,6.0,-2,19.889071884378282,55.0,0.0,0.0,0.0,487.6666666666667,0.0,45.44244050130774,optimal
2021-02-11 21:30:00,2,81,0.0,0.0,0.0,0.3458,10.6365,6.0,-2,19.724290923489693,55.0,0.0,0.0,0.0,0.0,0.0,45.39699806080644,optimal
2021-02-11 22:00:00,2,81,0.0,0.0,0.0,0.41313333333333335,11.2455,6.0,-2,19.564383088708247,55.0,0.0,0.0,0.0,0.0,0.0,45.35160106274563,optimal
2021-02-11 22:30:00,2,81,0.0,0.0,0.0,0.2494333333333333,11.2455,6.0,-2,19.41555983858636,55.0,0.0,0.0,0.0,0.0,0.0,45.30624946168288,optimal
2021-02-11 23:00:00,2,81,0.0,0.0,0.0,0.21086666666666667,11.025,6.0,-2,19.246713404418408,55.0,0.0,0.0,0.0,0.0,0.0,45.2609432122212,optimal
2021-02-11 23:30:00,2,81,0.0,0.0,0.0,0.16113333333333332,12.0855,6.0,-2,19.048026798472556,55.0,0.0,0.0,0.0,0.0,0.0,45.21568226900898,optimal
2021-02-12 00:00:00,2,81,2.0,0.0,0.0,0.065,10.8045,6.0,-4,19.048026798472556,55.0,0.0,7000.0,0.0,0.0,0.0,45.17046658673997,optimal
2021-02-12 00:30:00,2,81,2.0,0.0,0.0,0.0813,10.059,6.0,-4,19.37161184318794,55.0,0.06698564593301436,0.0,0.0,7000.0,0.0,45.12529612015323,optimal
2021-02-12 01:00:00,2,81,2.0,0.0,0.0,0.2601,10.584,6.0,-4,19.160085113828092,55.0,0.11440994486430921,2044.1607616796884,0.0,4955.839238320312,0.0,45.080170824033075,optimal
2021-02-12 01:30:00,2,81,2.0,0.0,5.0,0.19246666666666667,9.4185,6.0,-4,19.119848101351813,55.0,0.11440994486430921,7000.0,0.0,0.0,0.0,47.41009065320904,optimal
2021-02-12 02:00:00,2,81,2.0,0.0,0.0,0.09873333333333333,10.3635,6.0,-4,19.453397011853884,55.0,0.11440994486430921,7000.0,0.0,0.0,0.0,47.36268056255583,optimal
2021-02-12 02:30:00,2,81,2.0,0.0,2.457542552469692,0.18623333333333328,9.8385,6.0,-4,19.77773656319085,55.0,0.11440994486430921,7000.0,0.0,0.0,0.0,48.48265059441637,optimal
2021-02-12 03:00:00,2,81,2.0,0.0,0.0,0.26116666666666666,11.067,6.0,-4,20.10852949182953,55.0,0.11440994486430921,7000.0,0.0,0.0,0.0,48.434167943821954,optimal
2021-02-12 03:30:00,2,81,2.0,0.0,0.0,0.0834,10.8465,6.0,-4,20.444760974954104,55.0,0.11440994486430921,7000.0,0.0,0.0,0.0,48.38573377587813,optimal
2021-02-12 04:00:00,2,81,0.0,0.0,0.0,0.3072,13.671,6.0,-4,20.77066168641667,55.0,0.11440994486430921,0.0,0.0,0.0,0.0,48.33734804210225,optimal
2021-02-12 04:30:00,2,81,2.0,0.0,0.0,0.12179999999999999,12.348,6.0,-4,20.583435590724648,55.0,0.11440994486430921,7000.0,0.0,0.0,0.0,48.289010694060146,optimal
2021-02-12 05:00:00,2,81,0.0,0.0,0.0,0.20226666666666668,14.3325,6.0,-4,20.923418803732094,55.0,0.11174327819764254,0.0,0.0,0.0,0.0,48.240721683366075,optimal
2021-02-12 05:30:00,2,81,0.0,0.0,0.0,0.2747,15.393,6.0,-4,20.749060807431057,55.0,0.11107661153097587,0.0,0.0,0.0,0.0,48.192480961682705,optimal
2021-02-12 06:00:00,2,81,0.0,0.0,0.0,1.1241666666666668,13.587,6.0,-4,20.597079630806054,55.0,0.0764099448643092,0.0,0.0,0.0,0.0,48.144288480721016,optimal
2021-02-12 06:30:00,2,81,0.0,0.0,0.0,0.7333666666666667,16.1385,6.0,-4,20.489344116097666,55.0,0.0724099448643092,0.0,0.0,0.0,0.0,48.096144192240295,optimal
2021-02-12 07:00:00,2,81,0.0,0.0,0.0,0.2628666666666667,14.595,6.0,-4,20.39628734672874,55.0,0.06974327819764253,0.0,0.0,0.0,0.0,48.048048048048045,optimal
2021-02-12 07:30:00,2,81,0.0,0.0,0.0,0.4086,14.637,6.0,-4,20.310232360626554,55.0,0.06374327819764254,0.0,0.0,0.0,0.0,48.0,optimal
2021-02-12 08:00:00,2,81,0.0,0.0,0.0,0.1817,13.9125,6.0,-4,20.237586394234263,55.0,0.04507661153097587,0.0,0.0,0.0,0.0,47.766130834381414,optimal
2021-02-12 08:30:00,2,81,0.0,0.0,0.0,0.2148333333333333,13.3665,6.0,-4,20.13214983784344,55.0,0.040409944864309204,0.0,0.0,0.0,0.0,47.53249553792845,optimal
2021-02-12 09:00:00,2,81,0.5252408771843786,0.0,0.0,1.2749333333333335,13.0095,6.0,-4,20.0,55.0,0.032409944864309204,1838.3430701453253,0.0,0.0,0.0,47.299093876771934,optimal
2021-02-12 09:30:00,2,81,0.0,0.0,0.0,3.1506999999999996,13.8915,6.0,-4,20.06157452610077,55.0,0.031743278197642534,0.0,0.0,0.0,0.0,47.06592561727658,optimal
2021-02-12 10:00:00,2,81,0.23430691232101267,0.0,0.0,2.5940666666666665,13.188,6.0,-4,20.0,55.0,0.029743278197642536,820.0741931235443,0.0,0.0,0.0,46.83299052604072,optimal
2021-02-12 10:30:00,2,81,0.3956420573866047,0.0,0.0,0.19140000000000001,12.5685,6.0,-4,20.0,55.0,0.029743278197642536,1384.7472008531163,0.0,0.0,0.0,46.60028836989609,optimal
2021-02-12 11:00:00,2,81,0.3677505111868338,0.0,0.0,0.2917333333333333,12.285,6.0,-4,20.0,55.0,0.029743278197642536,1287.1267891539183,0.0,0.0,0.0,46.36781891590761,optimal
2021-02-12 11:30:00,2,81,2.0,0.0,0.0,0.32889999999999997,11.487,6.0,-4,20.0,55.0,0.05098967454916285,2480.751581266127,0.0,4519.248418733873,0.0,46.13558193137312,optimal
2021-02-12 12:00:00,2,81,0.10940649058020992,0.0,0.0,0.2289,11.802,6.0,-4,20.08899872193154,55.0,0.05098967454916285,382.9227170307347,0.0,0.0,0.0,45.90357718382316,optimal
2021-02-12 12:30:00,2,81,2.0,0.0,0.0,0.3273666666666667,11.2245,6.0,-4,20.0,55.0,0.01,6267.420990387518,0.0,732.579009612482,0.0,45.671804441020754,optimal
2021-02-12 13:00:00,2,81,2.0,0.0,0.0,0.12266666666666669,11.025,6.0,-4,20.37049768091894,55.0,0.01,7000.0,0.0,0.0,0.0,45.44026347096115,optimal
2021-02-12 13:30:00,2,81,2.0,0.0,0.0,0.22783333333333328,11.907,6.0,-4,20.742876682814316,55.0,0.01,7000.0,0.0,0.0,0.0,45.20895404187161,optimal
2021-02-12 14:00:00,2,81,0.0,0.0,0.0,0.2273,25.83,6.0,-4,21.119092765365185,55.0,0.01,0.0,0.0,0.0,0.0,44.977875922211155,optimal
2021-02-12 14:30:00,2,81,0.0,0.0,0.0,0.09953333333333332,28.035,6.0,-4,20.957564190296203,55.0,0.01,0.0,0.0,0.0,0.0,44.747028880670356,optimal
2021-02-12 15:00:00,2,81,0.0,0.0,0.0,0.21166666666666664,28.119,6.0,-4,20.786842310291316,55.0,0.01,0.0,0.0,0.0,0.0,44.5164126861711,optimal
2021-02-12 15:30:00,2,81,0.0,0.0,0.0,0.2312,30.156,6.0,-4,20.62529196879073,55.0,0.01,0.0,0.0,0.0,0.0,44.286027107866346,optimal
2021-02-12 16:00:00,2,81,0.0,0.0,0.0,0.41706666666666664,29.1585,6.0,-4,20.46533248233766,55.0,0.01,0.0,0.0,0.0,0.0,44.055871915139896,optimal
2021-02-12 16:30:00,2,81,0.0,0.0,0.0,0.33103333333333335,26.712,6.0,-4,20.35256080441576,55.0,0.01,0.0,0.0,0.0,0.0,43.82594687760617,optimal
2021-02-12 17:00:00,2,81,0.0,0.0,0.0,0.43060000000000004,15.435,6.0,-4,20.227681803505376,55.0,0.009333333333333334,0.0,0.0,0.0,0.0,43.59625176510998,optimal
2021-02-12 17:30:00,2,81,0.0,0.0,0.0,0.33523333333333327,13.566,6.0,-4,20.11323462841865,55.0,0.007333333333333333,0.0,0.0,0.0,0.0,43.36678634772629,optimal
2021-02-12 18:00:00,2,81,0.31602660275913075,0.0,0.0,0.5806666666666667,12.789,6.0,-4,20.0,55.0,0.004666666666666667,1106.0931096569577,0.0,0.0,0.0,43.13755039575998,optimal
2021-02-12 18:30:00,2,81,0.7120842505217336,0.0,0.0,0.36219999999999997,12.1275,6.0,-4,20.0,55.0,0.0,2492.294876826068,0.0,0.0,0.0,42.908543679745634,optimal
2021-02-12 19:00:00,2,81,0.0,0.0,0.0,0.5483333333333333,13.671,6.0,-4,20.09278437354617,55.0,0.0,0.0,0.0,0.0,0.0,42.679765970447306,optimal
2021-02-12 19:30:00,2,81,0.3493876016549099,0.0,0.0,0.4748,10.668,6.0,-4,20.0,55.0,0.001333333333333333,1083.5232724588514,0.0,139.33333333333331,0.0,42.63708620447686,optimal
2021-02-12 20:00:00,2,81,0.0,0.0,0.0,2.104,11.7285,6.0,-4,20.0,55.0,0.001333333333333333,0.0,0.0,0.0,0.0,42.59444911827238,optimal
2021-02-12 20:30:00,2,81,0.0,0.0,0.0,1.050266666666667,11.025,6.0,-4,20.021037750076847,55.0,0.0,0.0,0.0,0.0,0.0,42.55185466915411,optimal
2021-02-12 21:00:00,2,81,0.0,0.0,0.0,0.32613333333333333,10.689,6.0,-4,19.996119802093812,55.0,0.0,0.0,0.0,0.0,0.0,42.509302814484954,optimal
2021-02-12 21:30:00,2,81,0.0199047619047619,0.0,0.0,2.3815,8.1585,6.0,-4,19.92086642975698,55.0,0.0006666666666666665,0.0,0.0,69.66666666666666,0.0,42.46679351167047,optimal
2021-02-12 22:00:00,2,81,0.0,0.0,0.0,0.6096,10.3635,6.0,-4,19.94558203440311,55.0,0.0006666666666666665,0.0,0.0,0.0,0.0,42.424326718158795,optimal
2021-02-12 22:30:00,2,81,0.0,0.0,0.0,0.2927666666666667,10.8045,6.0,-4,19.88766893492865,55.0,0.0006666666666666665,0.0,0.0,0.0,0.0,42.38190239144063,optimal
2021-02-12 23:00:00,2,81,0.0,0.0,0.0,0.46303333333333335,11.025,6.0,-4,19.82602653757152,55.0,0.0,0.0,0.0,0.0,0.0,42.33952048904919,optimal
2021-02-12 23:30:00,2,81,0.0,0.0,0.0,0.07740000000000001,10.3635,6.0,-4,19.77412318911425,55.0,0.0,0.0,0.0,0.0,0.0,42.29718096856014,optimal
2021-02-13 00:00:00,2,81,2.0,0.0,5.0,0.14486666666666667,7.056,6.0,1,19.77412318911425,55.0,0.0,7000.0,0.0,0.0,0.0,44.62988378759158,optimal
2021-02-13 00:30:00,2,81,0.13933333333333334,0.0,0.0,0.9241666666666666,9.3975,6.0,1,20.16574406797968,55.0,0.004666666666666667,0.0,0.0,487.6666666666667,0.0,44.58525390380399,optimal
2021-02-13 01:00:00,2,81,0.0,0.0,0.0,2.3276,10.059,6.0,1,20.06533064478907,55.0,0.0,0.0,0.0,0.0,0.0,44.540668649900184,optimal
2021-02-13 01:30:00,2,81,0.0,0.0,0.0,0.5367333333333334,9.261,6.0,1,19.975898693487903,55.0,0.0,0.0,0.0,0.0,0.0,44.49612798125028,optimal
2021-02-13 02:00:00,2,81,2.0,0.0,0.0,2.3127,8.1585,6.0,1,19.872296013426997,55.0,0.05333333333333334,1426.666666666667,0.0,5573.333333333333,0.0,44.451631853269035,optimal
2021-02-13 02:30:00,2,81,0.0,0.0,0.0,1.0881666666666667,9.4815,6.0,1,19.91092046812369,55.0,0.05333333333333334,0.0,0.0,0.0,0.0,44.407180221415764,optimal
2021-02-13 03:00:00,2,81,2.0,0.0,0.0,0.447,8.379,6.0,1,19.82691168025495,55.0,0.05333333333333334,7000.0,0.0,0.0,0.0,44.36277304119435,optimal
2021-02-13 03:30:00,2,81,0.0,0.0,0.0,0.5926666666666667,9.5235,6.0,1,20.25287552791799,55.0,0.05333333333333334,0.0,0.0,0.0,0.0,44.31841026815316,optimal
2021-02-13 04:00:00,2,81,2.0,0.0,0.0,0.067,8.1375,6.0,1,20.154586678807583,55.0,0.05333333333333334,7000.0,0.0,0.0,0.0,44.274091857885004,optimal
2021-02-13 04:30:00,2,81,0.0,0.0,0.0,0.044,10.0905,6.0,1,20.52153878155844,55.0,0.05333333333333334,0.0,0.0,0.0,0.0,44.22981776602712,optimal
2021-02-13 05:00:00,2,81,2.0,0.0,5.0,0.12066666666666669,7.539,6.0,1,20.349115909281203,55.0,0.05333333333333334,7000.0,0.0,0.0,0.0,46.56058794826109,optimal
2021-02-13 05:30:00,2,81,2.0,0.0,3.533586529199765,0.136,7.938,6.0,1,20.71666866528922,55.0,0.05333333333333334,7000.0,0.0,0.0,0.0,48.192480961682705,optimal
2021-02-13 06:00:00,2,81,2.0,0.0,0.0,0.044,8.274,6.0,1,21.08125470661118,55.0,0.05333333333333334,7000.0,0.0,0.0,0.0,48.144288480721016,optimal
2021-02-13 06:30:00,2,81,2.0,0.0,0.0,0.17466666666666666,9.261,6.0,1,21.434720060927102,55.0,0.05333333333333334,7000.0,0.0,0.0,0.0,48.096144192240295,optimal
2021-02-13 07:00:00,2,81,0.0,0.0,0.0,0.09733333333333331,9.9225,6.0,1,21.79396573960776,55.0,0.05333333333333334,0.0,0.0,0.0,0.0,48.048048048048045,optimal
2021-02-13 07:30:00,2,81,1.9525537351529385,0.0,0.0,0.5873333333333334,9.702,6.0,1,21.610256727546666,55.0,0.044,6833.938073035285,0.0,0.0,0.0,48.0,optimal
2021-02-13 08:00:00,2,81,0.0,0.0,0.0,2.542333333333333,10.584,6.0,1,22.0,55.0,0.028666666666666667,0.0,0.0,0.0,0.0,47.809857298083344,optimal
2021-02-13 08:30:00,2,81,0.2580935362586046,0.0,0.0,0.40793333333333326,10.143,6.0,1,21.86999975408136,55.0,0.028666666666666667,903.3273769051161,0.0,0.0,0.0,47.619904738868605,optimal
2021-02-13 09:00:00,2,81,0.0,0.0,0.0,0.256,13.0095,6.0,1,21.791132173766822,55.0,0.028666666666666667,0.0,0.0,0.0,0.0,47.430142132213085,optimal
2021-02-13 09:30:00,2,81,0.0,0.0,0.0,0.329,11.025,6.0,1,21.638060510795917,55.0,0.027333333333333334,0.0,0.0,0.0,0.0,47.24056928816422,optimal
2021-02-13 10:00:00,2,81,0.0,0.0,0.0,0.23156666666666664,12.789,6.0,1,21.491322932693038,55.0,0.025333333333333333,0.0,0.0,0.0,0.0,47.0511860169594,optimal
2021-02-13 10:30:00,2,81,0.0,0.0,0.0,0.1636,12.1275,6.0,1,21.338661698298115,55.0,0.025333333333333333,0.0,0.0,0.0,0.0,46.861992129025786,optimal
2021-02-13 11:00:00,2,81,0.0,0.0,0.0,0.3854333333333333,12.1695,6.0,1,21.175017056307812,55.0,0.025333333333333333,0.0,0.0,0.0,0.0,46.67298743498011,optimal
2021-02-13 11:30:00,2,81,0.0,0.0,0.0,0.6733,12.306,6.0,1,21.039415837175664,55.0,0.024,0.0,0.0,0.0,0.0,46.48417174562847,optimal
2021-02-13 12:00:00,2,81,0.0,0.0,0.0,2.0935,13.23,6.0,1,20.899342621226953,55.0,0.024,0.0,0.0,0.0,0.0,46.29554487196619,optimal
2021-02-13 12:30:00,2,81,0.0,0.0,0.0,0.136,13.671,6.0,1,20.771864253360487,55.0,0.024,0.0,0.0,0.0,0.0,46.10710662517757,optimal
2021-02-13 13:00:00,2,81,0.0,0.0,0.0,0.12066666666666669,13.9335,6.0,1,20.59497301553938,55.0,0.024,0.0,0.0,0.0,0.0,45.91885681663574,optimal
2021-02-13 13:30:00,2,81,0.0,0.0,0.0,0.41206666666666664,13.293,6.0,1,20.419362169370515,55.0,0.024,0.0,0.0,0.0,0.0,45.73079525790245,optimal
2021-02-13 14:00:00,2,81,0.0,0.0,0.0,0.4040666666666667,12.1065,6.0,1,20.279092748898503,55.0,0.023333333333333334,0.0,0.0,0.0,0.0,45.54292176072789,optimal
2021-02-13 14:30:00,2,81,0.0,0.0,0.0,0.2413333333333333,11.571,6.0,1,20.14407314803909,55.0,0.02,0.0,0.0,0.0,0.0,45.35523613705051,optimal
2021-02-13 15:00:00,2,81,2.0,0.0,0.0,0.048,11.025,6.0,1,20.0,55.0,0.02,7000.0,0.0,0.0,0.0,45.16773819899681,optimal
2021-02-13 15:30:00,2,81,2.0,0.0,0.0,0.22266666666666662,10.8465,6.0,1,20.360838339531433,55.0,0.02,7000.0,0.0,0.0,0.0,44.980427758881156,optimal
2021-02-13 16:00:00,2,81,1.2271508024747968,0.0,0.0,0.054,11.2455,6.0,1,20.730455367436875,55.0,0.02,4295.027808661789,0.0,0.0,0.0,44.79330462920562,optimal
2021-02-13 16:30:00,2,81,0.0,0.0,0.0,0.17466666666666666,23.8665,6.0,1,20.876909738522542,55.0,0.02,0.0,0.0,0.0,0.0,44.606368622659765,optimal
2021-02-13 17:00:00,2,81,0.0,0.0,0.0,1.9435666666666664,27.4575,6.0,1,20.704079982800064,55.0,0.02,0.0,0.0,0.0,0.0,44.41961955212045,optimal
2021-02-13 17:30:00,2,81,0.0,0.0,0.0,0.9105,27.3735,6.0,1,20.57753500557697,55.0,0.019333333333333334,0.0,0.0,0.0,0.0,44.233057230651674,optimal
2021-02-13 18:00:00,2,81,0.0,0.0,0.0,2.716133333333333,30.4605,6.0,1,20.45330288664658,55.0,0.014666666666666666,0.0,0.0,0.0,0.0,44.04668147150437,optimal
2021-02-13 18:30:00,2,81,0.0,0.0,0.0,0.449,30.0195,6.0,1,20.391285758856938,55.0,0.012,0.0,0.0,0.0,0.0,43.86049208811621,optimal
2021-02-13 19:00:00,2,81,0.0,0.0,0.0,2.046333333333333,26.9325,6.0,1,20.29503835202012,55.0,0.012,0.0,0.0,0.0,0.0,43.67448889411144,optimal
2021-02-13 19:30:00,2,81,0.0,0.0,0.0,0.9581333333333332,14.595,6.0,1,20.164459489498462,55.0,0.009333333333333334,0.0,0.0,0.0,0.0,43.488671703300675,optimal
2021-02-13 20:00:00,2,81,0.0,0.0,0.0,0.5193333333333334,12.4845,6.0,1,20.079774818362466,55.0,0.009333333333333334,0.0,0.0,0.0,0.0,43.30304032968072,optimal
2021-02-13 20:30:00,2,81,0.0,0.0,0.0,0.5600333333333333,12.1275,6.0,1,20.0,55.0,0.005333333333333333,0.0,0.0,0.0,0.0,43.11759458743438,optimal
2021-02-13 21:00:00,2,81,0.0,0.0,0.0,0.37173333333333336,12.1275,6.0,1,19.92910334827353,55.0,0.005333333333333333,0.0,0.0,0.0,0.0,42.93233429093029,optimal
2021-02-13 21:30:00,2,81,0.0,0.0,0.0,0.38956666666666667,12.789,6.0,1,19.83649313347375,55.0,0.002,0.0,0.0,0.0,0.0,42.74725925472271,optimal
2021-02-13 22:00:00,2,81,0.0,0.0,0.0,0.3663333333333333,11.907,6.0,1,19.734984648231855,55.0,0.0,0.0,0.0,0.0,0.0,42.56236929355133,optimal
2021-02-13 22:30:00,2,81,0.0,0.0,0.0,0.5026,11.025,6.0,1,19.61749001738697,55.0,0.0,0.0,0.0,0.0,0.0,42.377664222341124,optimal
2021-02-13 23:00:00,2,81,0.09952380952380951,0.0,0.0,0.4968333333333333,8.2005,6.0,1,19.52079176261212,55.0,0.002,0.0,0.0,348.3333333333333,0.0,42.33528655811878,optimal
2021-02-13 23:30:00,2,81,0.0,0.0,0.0,0.4461,9.5655,6.0,1,19.438794348103876,55.0,0.0,0.0,0.0,0.0,0.0,42.29295127156066,optimal
2021-02-07 00:00:00,3,81,0.0,0.0,0.0,0.06,9.261,6.0,0,21.0,55.0,0.12,0.0,0.0,0.0,0.0,47.952,optimal
2021-02-07 00:30:00,3,81,0.0,0.0,0.0,0.092,10.3635,6.0,0,20.86000901540853,55.0,0.12,0.0,0.0,0.0,0.0,47.904047999999996,optimal
2021-02-07 01:00:00,3,81,0.0,0.0,0.0,0.1688,8.274,6.0,0,20.72281055590107,55.0,0.12,0.0,0.0,0.0,0.0,47.856143952,optimal
2021-02-07 01:30:00,3,81,0.0,0.0,0.0,0.06,7.7175,6.0,0,20.591794271954353,55.0,0.12,0.0,0.0,0.0,0.0,47.80828780804799,optimal
2021-02-07 02:00:00,3,81,0.0,0.0,0.0,0.2008,6.615,6.0,0,20.453202553492915,55.0,0.12,0.0,0.0,0.0,0.0,47.76047952023995,optimal
2021-02-07 02:30:00,3,81,0.0,0.0,0.0,0.06,6.174,6.0,0,20.326125205099334,55.0,0.12,0.0,0.0,0.0,0.0,47.712719040719705,optimal
2021-02-07 03:00:00,3,81,2.0,0.0,0.0,0.06,3.906,6.0,0,20.188556533082185,55.0,0.12,7000.0,0.0,0.0,0.0,47.66500632167899,optimal
2021-02-07 03:30:00,3,81,2.0,0.0,0.0,0.06,2.3415,6.0,0,20.58481220957484,55.0,0.12,7000.0,0.0,0.0,0.0,47.61734131535731,optimal
2021-02-07 04:00:00,3,81,2.0,0.0,0.0,0.2008,2.205,6.0,0,20.977120933822683,55.0,0.12,7000.0,0.0,0.0,0.0,47.56972397404195,optimal
2021-02-07 04:30:00,3,81,2.0,0.0,1.4112141297153802,0.06,0.882,6.0,0,21.376248426929248,55.0,0.12,7000.0,0.0,0.0,0.0,48.192480961682705,optimal
2021-02-07 05:00:00,3,81,2.0,0.0,0.0,0.0728,1.5435,6.0,0,21.76111498575064,55.0,0.12,7000.0,0.0,0.0,0.0,48.144288480721016,optimal
2021-02-07 05:30:00,3,81,2.0,0.0,0.0,0.188,1.5435,6.0,0,22.143553082773682,55.0,0.12,7000.0,0.0,0.0,0.0,48.096144192240295,optimal
2021-02-07 06:00:00,3,81,0.0,0.0,0.0,1.0583333333333333,5.0715,6.0,0,22.53138842360118,55.0,0.11866666666666667,0.0,0.0,0.0,0.0,48.048048048048045,optimal
2021-02-07 06:30:00,3,81,0.0,0.0,0.0,0.06633333333333333,5.376,6.0,0,22.383531020094782,55.0,0.116,0.0,0.0,0.0,0.0,48.0,optimal
2021-02-07 07:00:00,3,81,0.08717111670935036,0.0,0.0,0.07843333333333334,5.0715,6.0,0,22.233909772256283,55.0,0.07066666666666667,305.09890848272624,0.0,0.0,0.0,47.68916083120763,optimal
2021-02-07 07:30:00,3,81,0.0,0.0,0.0,0.2258,5.5125,6.0,0,22.12513572842,55.0,0.06133333333333333,0.0,0.0,0.0,0.0,47.37863250158406,optimal
2021-02-07 08:00:00,3,81,0.5110676016549099,0.0,0.0,1.0722333333333331,9.261,6.0,0,22.0,55.0,0.059333333333333335,1788.736605792185,0.0,0.0,0.0,47.068414700290106,optimal
2021-02-07 08:30:00,3,81,0.0,0.0,0.0,0.6733333333333333,11.7075,6.0,0,22.0,55.0,0.05733333333333333,0.0,0.0,0.0,0.0,46.758507116797446,optimal
2021-02-07 09:00:00,3,81,0.0,0.0,0.0,1.0711,12.348,6.0,0,21.87705859612504,55.0,0.056666666666666664,0.0,0.0,0.0,0.0,46.44890944088828,optimal
2021-02-07 09:30:00,3,81,0.0,0.0,0.0,0.07763333333333335,12.348,6.0,0,21.78120372322721,55.0,0.056666666666666664,0.0,0.0,0.0,0.0,46.13962136265502,optimal
2021-02-07 10:00:00,3,81,0.0,0.0,0.0,0.39130000000000004,12.1275,6.0,0,21.634159517352163,55.0,0.052,0.0,0.0,0.0,0.0,45.8306425725,optimal
2021-02-07 10:30:00,3,81,0.0,0.0,0.0,0.26646666666666663,12.5265,6.0,0,21.505472558527707,55.0,0.052,0.0,0.0,0.0,0.0,45.52197276113513,optimal
2021-02-07 11:00:00,3,81,0.0,0.0,0.0,0.2975,11.7495,6.0,0,21.36839421238228,55.0,0.04933333333333333,0.0,0.0,0.0,0.0,45.21361161958163,optimal
2021-02-07 11:30:00,3,81,0.0,0.0,0.0,0.1576,13.23,6.0,0,21.234689798877636,55.0,0.04666666666666667,0.0,0.0,0.0,0.0,44.90555883916968,optimal
2021-02-07 12:00:00,3,81,0.0,0.0,0.0,0.068,14.3325,6.0,0,21.087999922134063,55.0,0.04666666666666667,0.0,0.0,0.0,0.0,44.59781411153814,optimal
2021-02-07 12:30:00,3,81,0.0,0.0,0.0,0.40153333333333335,14.994,6.0,0,20.936769533616324,55.0,0.03964,0.0,0.0,0.0,0.0,44.29037712863423,optimal
2021-02-07 13:00:00,3,81,0.0,0.0,0.0,0.1333,14.8155,6.0,0,20.812423365926886,55.0,0.03866666666666667,0.0,0.0,0.0,0.0,43.98324758271323,optimal
2021-02-07 13:30:00,3,81,0.0,0.0,0.0,0.25066666666666665,14.112,6.0,0,20.686743247703806,55.0,0.03266666666666666,0.0,0.0,0.0,0.0,43.67642516633815,optimal
2021-02-07 14:00:00,3,81,0.0,0.0,0.0,0.13113333333333332,14.007,6.0,0,20.581063072958933,55.0,0.03266666666666666,0.0,0.0,0.0,0.0,43.36990957237944,optimal
2021-02-07 14:30:00,3,81,0.0,0.0,0.0,0.07,13.23,6.0,0,20.43660819856605,55.0,0.03266666666666666,0.0,0.0,0.0,0.0,43.0637004940147,optimal
2021-02-07 15:00:00,3,81,2.0,0.0,0.0,0.21080000000000002,11.382,6.0,0,20.273107655780912,55.0,0.03266666666666666,7000.0,0.0,0.0,0.0,42.75779762472831,optimal
2021-02-07 15:30:00,3,81,0.05835386706535549,0.0,0.0,0.07,11.7495,6.0,0,20.655718322510506,55.0,0.03266666666666666,204.2385347287442,0.0,0.0,0.0,42.45220065831121,optimal
2021-02-07 16:00:00,3,81,0.0,0.0,0.0,0.18956666666666663,24.3285,6.0,0,20.50496104382561,55.0,0.03,0.0,0.0,0.0,0.0,42.146909288860535,optimal
2021-02-07 16:30:00,3,81,0.0,0.0,0.0,0.16373333333333331,28.917,6.0,0,20.38125302814058,55.0,0.024666666666666667,0.0,0.0,0.0,0.0,41.841923210779306,optimal
2021-02-07 17:00:00,3,81,0.0,0.0,0.0,0.9306,31.3635,6.0,0,20.283342577027554,55.0,0.02,0.0,0.0,0.0,0.0,41.537242118776156,optimal
2021-02-07 17:30:00,3,81,0.0,0.0,0.0,2.1528666666666667,33.306,6.0,0,20.25171458151708,55.0,0.016,0.0,0.0,0.0,0.0,41.23286570786501,optimal
2021-02-07 18:00:00,3,81,0.0,0.0,0.0,0.29006666666666664,31.3425,6.0,0,20.237031986245462,55.0,0.016,0.0,0.0,0.0,0.0,40.92879367336478,optimal
2021-02-07 18:30:00,3,81,0.0,0.0,0.0,0.5365666666666667,28.2555,6.0,0,20.15120255778927,55.0,0.014666666666666666,0.0,0.0,0.0,0.0,40.625025710899045,optimal
2021-02-07 19:00:00,3,81,0.0,0.0,0.0,0.2474,15.6975,6.0,0,20.086458497611154,55.0,0.014,0.0,0.0,0.0,0.0,40.321561516395775,optimal
2021-02-07 19:30:00,3,81,0.2327704465825868,0.0,0.0,0.3521333333333333,12.5475,6.0,0,20.0,55.0,0.012,814.6965630390538,0.0,0.0,0.0,40.018400786087014,optimal
2021-02-07 20:00:00,3,81,0.26069425610639446,0.0,0.0,0.3437,12.0855,6.0,0,20.0,55.0,0.012,912.4298963723807,0.0,0.0,0.0,39.71554321650856,optimal
2021-02-07 20:30:00,3,81,0.0,0.0,0.0,0.364,11.907,6.0,0,20.0,55.0,0.012,0.0,0.0,0.0,0.0,39.41298850449968,optimal
2021-02-07 21:00:00,3,81,0.0,0.0,0.0,1.6028333333333333,12.5685,6.0,0,19.912469068830024,55.0,0.012,0.0,0.0,0.0,0.0,39.11073634720281,optimal
2021-02-07 21:30:00,3,81,0.0,0.0,0.0,0.6858666666666666,13.146,6.0,0,19.87636471185257,55.0,0.012,0.0,0.0,0.0,0.0,38.80878644206324,optimal
2021-02-07 22:00:00,3,81,0.0,0.0,0.0,0.332,10.584,6.0,0,19.79897238293205,55.0,0.012,0.0,0.0,0.0,0.0,38.50713848682881,optimal
2021-02-07 22:30:00,3,81,0.0,0.0,0.0,0.34453333333333336,6.678,6.0,0,19.71075992864106,55.0,0.008666666666666666,0.0,0.0,0.0,0.0,38.20579217954961,optimal
2021-02-07 23:00:00,3,81,0.0,0.0,0.0,0.6133,7.938,6.0,0,19.623063472486727,55.0,0.008666666666666666,0.0,0.0,0.0,0.0,38.167586387370065,optimal
2021-02-07 23:30:00,3,81,0.0,0.0,0.0,0.44453333333333334,5.292,6.0,0,19.556280711642636,55.0,0.006,0.0,0.0,0.0,0.0,38.1294188009827,optimal
2021-02-08 00:00:00,3,81,2.0,0.0,0.0,0.1807333333333333,7.938,6.0,-1,19.556280711642636,55.0,0.006,7000.0,0.0,0.0,0.0,38.091289382181714,optimal
2021-02-08 00:30:00,3,81,2.0,0.0,0.0,0.168,8.6835,6.0,-1,19.958630288407704,55.0,0.07298564593301435,0.0,0.0,7000.0,0.0,38.05319809279953,optimal
2021-02-08 01:00:00,3,81,2.0,0.0,0.0,0.12940000000000002,7.665,6.0,-1,19.822958728577092,55.0,0.13997129186602872,0.0,0.0,7000.0,0.0,38.01514489470674,optimal
2021-02-08 01:30:00,3,81,2.0,0.0,1.8577253307360235,0.20466666666666664,6.7725,6.0,-1,19.685545301515166,55.0,0.164,4489.0,0.0,2511.0,0.0,38.85954928191163,optimal
2021-02-08 02:00:00,3,81,2.0,0.0,5.0,0.14406666666666668,5.5755,6.0,-1,19.896762163406198,55.0,0.164,7000.0,0.0,0.0,0.0,41.195689732629724,optimal
2021-02-08 02:30:00,3,81,2.0,0.0,5.0,0.058,5.0925,6.0,-1,20.292421376360704,55.0,0.164,7000.0,0.0,0.0,0.0,43.52949404289709,optimal
2021-02-08 03:00:00,3,81,2.0,0.0,5.0,0.22473333333333328,4.1895,6.0,-1,20.678463960384917,55.0,0.164,7000.0,0.0,0.0,0.0,45.860964548854184,optimal
2021-02-08 03:30:00,3,81,2.0,0.0,0.0,0.124,7.056,6.0,-1,21.074241655694834,55.0,0.164,7000.0,0.0,0.0,0.0,45.81510358430533,optimal
2021-02-08 04:00:00,3,81,2.0,0.0,5.0,0.058,5.271,6.0,-1,21.458399421399207,55.0,0.164,7000.0,0.0,0.0,0.0,48.144288480721016,optimal
2021-02-08 04:30:00,3,81,2.0,0.0,0.0,0.2193333333333333,7.938,6.0,-1,21.83368716794499,55.0,0.164,7000.0,0.0,0.0,0.0,48.096144192240295,optimal
2021-02-08 05:00:00,3,81,2.0,0.0,0.0,0.8325333333333333,7.938,6.0,-1,22.217066907209627,55.0,0.164,7000.0,0.0,0.0,0.0,48.048048048048045,optimal
2021-02-08 05:30:00,3,81,0.0,0.0,0.0,0.18066666666666664,11.907,6.0,-1,22.59163818848221,55.0,0.162,0.0,0.0,0.0,0.0,48.0,optimal
2021-02-08 06:00:00,3,81,0.0,0.0,0.0,0.16406666666666667,11.025,6.0,-1,22.433368374983914,55.0,0.15533333333333332,0.0,0.0,0.0,0.0,47.82260472240288,optimal
2021-02-08 06:30:00,3,81,0.0,0.0,0.0,0.12666666666666668,11.2875,6.0,-1,22.292543609866502,55.0,0.09733333333333333,0.0,0.0,0.0,0.0,47.645386840083354,optimal
2021-02-08 07:00:00,3,81,0.0,0.0,0.0,0.9365333333333332,12.936,6.0,-1,22.16441140513843,55.0,0.094,0.0,0.0,0.0,0.0,47.468346175646154,optimal
2021-02-08 07:30:00,3,81,0.0,0.0,0.0,0.15940000000000001,13.0095,6.0,-1,22.050123622359276,55.0,0.08733333333333333,0.0,0.0,0.0,0.0,47.291482551873386,optimal
2021-02-08 08:00:00,3,81,0.0,0.0,0.0,2.0474333333333328,13.671,6.0,-1,21.913044164549028,55.0,0.08333333333333333,0.0,0.0,0.0,0.0,47.1147957917244,optimal
2021-02-08 08:30:00,3,81,0.0,0.0,0.0,0.39663333333333334,13.188,6.0,-1,21.796729229024734,55.0,0.08333333333333333,0.0,0.0,0.0,0.0,46.93828571833556,optimal
2021-02-08 09:00:00,3,81,0.0,0.0,0.0,0.17473333333333332,13.8495,6.0,-1,21.655816754670226,55.0,0.08333333333333333,0.0,0.0,0.0,0.0,46.761952155020104,optimal
2021-02-08 09:30:00,3,81,0.0,0.0,0.0,0.21026666666666669,13.23,6.0,-1,21.495763192767686,55.0,0.08333333333333333,0.0,0.0,0.0,0.0,46.58579492526796,optimal
2021-02-08 10:00:00,3,81,0.0,0.0,0.0,0.1496333333333333,13.3665,6.0,-1,21.341332787275352,55.0,0.08266666666666667,0.0,0.0,0.0,0.0,46.40981385274557,optimal
2021-02-08 10:30:00,3,81,0.0,0.0,0.0,0.2858,13.0515,6.0,-1,21.194617399250568,55.0,0.08266666666666667,0.0,0.0,0.0,0.0,46.234008761295705,optimal
2021-02-08 11:00:00,3,81,0.0,0.0,0.0,0.26780000000000004,13.5345,6.0,-1,21.057905151481794,55.0,0.08266666666666667,0.0,0.0,0.0,0.0,46.05837947493729,optimal
2021-02-08 11:30:00,3,81,0.0,0.0,0.0,0.32976666666666665,14.154,6.0,-1,20.90774316513603,55.0,0.08266666666666667,0.0,0.0,0.0,0.0,45.882925817865235,optimal
2021-02-08 12:00:00,3,81,0.0,0.0,0.0,0.261,14.112,6.0,-1,20.767437940308696,55.0,0.08133333333333333,0.0,0.0,0.0,0.0,45.70764761445025,optimal
2021-02-08 12:30:00,3,81,0.0,0.0,0.0,0.26380000000000003,14.2485,6.0,-1,20.63244129024557,55.0,0.078,0.0,0.0,0.0,0.0,45.532544689238684,optimal
2021-02-08 13:00:00,3,81,0.0,0.0,0.0,0.2132,12.789,6.0,-1,20.503285867752005,55.0,0.078,0.0,0.0,0.0,0.0,45.35761686695233,optimal
2021-02-08 13:30:00,3,81,0.0,0.0,0.0,0.3473,13.0095,6.0,-1,20.3768308356314,55.0,0.078,0.0,0.0,0.0,0.0,45.182863972488256,optimal
2021-02-08 14:00:00,3,81,2.0,0.0,0.0,0.26426666666666665,12.1275,6.0,-1,20.270382794426016,55.0,0.074,7000.0,0.0,0.0,0.0,45.00828583091865,optimal
2021-02-08 14:30:00,3,81,0.0,0.0,0.0,0.3173,12.348,6.0,-1,20.698706577821696,55.0,0.07333333333333333,0.0,0.0,0.0,0.0,44.833882267490615,optimal
2021-02-08 15:00:00,3,81,1.1974075621742617,0.0,0.0,0.30569999999999997,12.348,6.0,-1,20.591245677998867,55.0,0.06866666666666667,4190.9264676099165,0.0,0.0,0.0,44.659653107626006,optimal
2021-02-08 15:30:00,3,81,0.0,0.0,0.0,0.24713333333333332,25.389,6.0,-1,20.79692351455527,55.0,0.06533333333333333,0.0,0.0,0.0,0.0,44.48559817692126,optimal
2021-02-08 16:00:00,3,81,0.0,0.0,0.0,0.36310000000000003,29.1375,6.0,-1,20.676798277699092,55.0,0.026960000000000005,0.0,0.0,0.0,0.0,44.31171730114722,optimal
2021-02-08 16:30:00,3,81,0.0,0.0,0.0,0.2201,30.597,6.0,-1,20.580632659734377,55.0,0.008666666666666666,0.0,0.0,0.0,0.0,44.13801030624895,optimal
2021-02-08 17:00:00,3,81,0.0,0.0,0.0,0.11266666666666668,33.684,6.0,-1,20.466405983520648,55.0,0.006,0.0,0.0,0.0,0.0,43.96447701834558,optimal
2021-02-08 17:30:00,3,81,0.0,0.0,0.0,0.3420666666666667,32.445,6.0,-1,20.334565055302804,55.0,0.006,0.0,0.0,0.0,0.0,43.791117263730115,optimal
2021-02-08 18:00:00,3,81,0.0,0.0,0.0,0.1564,28.917,6.0,-1,20.22243971396929,55.0,0.006,0.0,0.0,0.0,0.0,43.617930868869266,optimal
2021-02-08 18:30:00,3,81,0.0,0.0,0.0,0.2055,15.876,6.0,-1,20.100752318521618,55.0,0.006,0.0,0.0,0.0,0.0,43.574312938000396,optimal
2021-02-08 19:00:00,3,81,0.2969959405093664,0.0,0.0,0.44916666666666666,12.348,6.0,-1,20.0,55.0,0.006,1039.4857917827824,0.0,0.0,0.0,43.5307386250624,optimal
2021-02-08 19:30:00,3,81,0.4779505827223914,0.0,0.0,0.30756666666666665,12.1275,6.0,-1,20.0,55.0,0.006,1672.8270395283698,0.0,0.0,0.0,43.48720788643733,optimal
2021-02-08 20:00:00,3,81,0.0,0.0,0.0,0.4402,12.348,6.0,-1,20.05226954281775,55.0,0.006,0.0,0.0,0.0,0.0,43.443720678550896,optimal
2021-02-08 20:30:00,3,81,0.0,0.0,0.0,1.0561666666666667,12.1275,6.0,-1,20.0,55.0,0.006,0.0,0.0,0.0,0.0,43.40027695787234,optimal
2021-02-08 21:00:00,3,81,0.0,0.0,0.0,0.2974,12.1275,6.0,-1,19.936380858626865,55.0,0.002666666666666666,0.0,0.0,0.0,0.0,43.35687668091447,optimal
2021-02-08 21:30:00,3,81,0.0,0.0,0.0,0.43006666666666665,11.2665,6.0,-1,19.86852360329763,55.0,0.002666666666666666,0.0,0.0,0.0,0.0,43.31351980423355,optimal
2021-02-08 22:00:00,3,81,0.0,0.0,0.0,0.4038,10.143,6.0,-1,19.803802456590574,55.0,0.002666666666666666,0.0,0.0,0.0,0.0,43.270206284429314,optimal
2021-02-08 22:30:00,3,81,0.0,0.0,0.0,0.42153333333333337,11.2455,6.0,-1,19.737688023999976,55.0,0.0,0.0,0.0,0.0,0.0,43.22693607814488,optimal
2021-02-08 23:00:00,3,81,0.0,0.0,0.0,0.40863333333333335,11.025,6.0,-1,19.66254005351265,55.0,0.0,0.0,0.0,0.0,0.0,43.18370914206674,optimal
2021-02-08 23:30:00,3,81,0.33838095238095234,0.0,0.0,0.1546,5.9745,6.0,-1,19.58876532533033,55.0,0.0,0.0,0.0,1184.3333333333333,0.0,43.140525432924676,optimal
2021-02-09 00:00:00,3,81,1.1761370065590493,0.0,0.0,0.046666666666666655,11.7705,6.0,-4,19.58876532533033,55.0,0.0,4116.479522956673,0.0,0.0,0.0,43.09738490749175,optimal
2021-02-09 00:30:00,3,81,2.0,0.0,2.0126292634009846,0.05553333333333333,11.13,6.0,-4,19.752669142783606,55.0,0.04066666666666666,2750.333333333333,0.0,4249.666666666667,0.0,44.01028642269972,optimal
2021-02-09 01:00:00,3,81,2.0,0.0,0.0,0.1336,11.6865,6.0,-4,19.811919740141274,55.0,0.04066666666666666,7000.0,0.0,0.0,0.0,43.96627613627702,optimal
2021-02-09 01:30:00,3,81,2.0,0.0,5.0,0.053,10.7205,6.0,-4,20.20063927270419,55.0,0.04066666666666666,7000.0,0.0,0.0,0.0,46.29730986014074,optimal
2021-02-09 02:00:00,3,81,2.0,0.0,0.0,0.1336,11.424,6.0,-4,20.578893497163364,55.0,0.04066666666666666,7000.0,0.0,0.0,0.0,46.25101255028059,optimal
2021-02-09 02:30:00,3,81,2.0,0.0,5.0,0.07333333333333333,10.689,6.0,-4,20.959060535176636,55.0,0.04066666666666666,7000.0,0.0,0.0,0.0,48.579761537730306,optimal
2021-02-09 03:00:00,3,81,2.0,0.0,0.0,0.10246666666666668,11.361,6.0,-4,21.331714265664303,55.0,0.04066666666666666,7000.0,0.0,0.0,0.0,48.53118177619257,optimal
2021-02-09 03:30:00,3,81,2.0,0.0,0.0,0.1398,11.571,6.0,-4,21.703734596662855,55.0,0.04066666666666666,7000.0,0.0,0.0,0.0,48.48265059441637,optimal
2021-02-09 04:00:00,3,81,0.0,0.0,0.0,0.0742,14.3745,6.0,-4,22.07619430810859,55.0,0.04066666666666666,0.0,0.0,0.0,0.0,48.434167943821954,optimal
2021-02-09 04:30:00,3,81,0.0,0.0,0.0,0.09540000000000001,13.23,6.0,-4,21.907752571316514,55.0,0.04066666666666666,0.0,0.0,0.0,0.0,48.38573377587813,optimal
2021-02-09 05:00:00,3,81,0.0,0.0,0.0,0.1822,13.9755,6.0,-4,21.74153189303716,55.0,0.04066666666666666,0.0,0.0,0.0,0.0,48.33734804210225,optimal
2021-02-09 05:30:00,3,81,0.0,0.0,0.0,0.0742,14.994,6.0,-4,21.582512211715127,55.0,0.04066666666666666,0.0,0.0,0.0,0.0,48.289010694060146,optimal
2021-02-09 06:00:00,3,81,0.0,0.0,0.0,0.1308666666666667,13.671,6.0,-4,21.41666797512457,55.0,0.04066666666666666,0.0,0.0,0.0,0.0,48.240721683366075,optimal
2021-02-09 06:30:00,3,81,0.0,0.0,0.0,0.29960000000000003,15.981,6.0,-4,21.256609309522542,55.0,0.04066666666666666,0.0,0.0,0.0,0.0,48.192480961682705,optimal
2021-02-09 07:00:00,3,81,0.0,0.0,0.0,0.052,15.6345,6.0,-4,21.11228909672951,55.0,0.03933333333333333,0.0,0.0,0.0,0.0,48.144288480721016,optimal
2021-02-09 07:30:00,3,81,0.0,0.0,0.0,0.26003333333333334,16.5375,6.0,-4,20.958595626759166,55.0,0.037333333333333336,0.0,0.0,0.0,0.0,48.096144192240295,optimal
2021-02-09 08:00:00,3,81,0.0,0.0,0.0,0.19583333333333328,14.7735,6.0,-4,20.828596661147987,55.0,0.028666666666666667,0.0,0.0,0.0,0.0,48.048048048048045,optimal
2021-02-09 08:30:00,3,81,0.0,0.0,0.0,0.2616,15.2145,6.0,-4,20.69585260488603,55.0,0.023333333333333334,0.0,0.0,0.0,0.0,48.0,optimal
2021-02-09 09:00:00,3,81,0.0,0.0,0.0,0.261,14.553,6.0,-4,20.57718862458236,55.0,0.015333333333333332,0.0,0.0,0.0,0.0,47.81369997897215,optimal
2021-02-09 09:30:00,3,81,0.0,0.0,0.0,0.2036,14.3325,6.0,-4,20.450325028105777,55.0,0.008666666666666666,0.0,0.0,0.0,0.0,47.62758625796533,optimal
2021-02-09 10:00:00,3,81,0.0,0.0,0.0,0.5448,14.595,6.0,-4,20.322531976755823,55.0,0.005333333333333332,0.0,0.0,0.0,0.0,47.44165865067952,optimal
2021-02-09 10:30:00,3,81,0.0,0.0,0.0,1.556,14.994,6.0,-4,20.217360448925678,55.0,0.005333333333333332,0.0,0.0,0.0,0.0,47.255916971001,optimal
2021-02-09 11:00:00,3,81,0.0,0.0,0.0,0.08833333333333333,14.3325,6.0,-4,20.161677013026257,55.0,0.005333333333333332,0.0,0.0,0.0,0.0,47.07036103300215,optimal
2021-02-09 11:30:00,3,81,0.5763087969597885,0.0,0.0,0.16806666666666667,13.8915,6.0,-4,20.0,55.0,0.005333333333333332,2017.08078935926,0.0,0.0,0.0,46.884990650941305,optimal
2021-02-09 12:00:00,3,81,1.4522770323143237,0.0,0.0,0.053,13.8915,6.0,-4,20.0,55.0,0.005333333333333332,5082.969613100133,0.0,0.0,0.0,46.699805639262514,optimal
2021-02-09 12:30:00,3,81,2.0,0.0,0.0,0.053,13.4715,6.0,-4,20.225333693906006,55.0,0.005333333333333332,7000.0,0.0,0.0,0.0,46.514805812595405,optimal
2021-02-09 13:00:00,3,81,2.0,0.0,0.0,0.2226,13.23,6.0,-4,20.594335101412568,55.0,0.005333333333333332,7000.0,0.0,0.0,0.0,46.32999098575497,optimal
2021-02-09 13:30:00,3,81,2.0,0.0,0.0,0.0778,13.8915,6.0,-4,20.976697276127855,55.0,0.005333333333333332,7000.0,0.0,0.0,0.0,46.14536097374137,optimal
2021-02-09 14:00:00,3,81,0.0,0.0,0.0,0.053,26.9325,6.0,-4,21.340058801906885,55.0,0.005333333333333332,0.0,0.0,0.0,0.0,45.960915591739784,optimal
2021-02-09 14:30:00,3,81,0.0,0.0,0.0,0.1398,30.303,6.0,-4,21.16438215481759,55.0,0.005333333333333332,0.0,0.0,0.0,0.0,45.7766546551202,optimal
2021-02-09 15:00:00,3,81,0.0,0.0,0.0,0.1166,32.886,6.0,-4,20.996432368852563,55.0,0.005333333333333332,0.0,0.0,0.0,0.0,45.59257797943723,optimal
2021-02-09 15:30:00,3,81,0.0,0.0,0.0,0.0592,34.9965,6.0,-4,20.827757651122525,55.0,0.005333333333333332,0.0,0.0,0.0,0.0,45.40868538042995,optimal
2021-02-09 16:00:00,3,81,0.0,0.0,0.0,0.15833333333333335,33.327,6.0,-4,20.656200158568705,55.0,0.005333333333333332,0.0,0.0,0.0,0.0,45.224976674021676,optimal
2021-02-09 16:30:00,3,81,0.0,0.0,0.0,0.09186666666666667,31.122,6.0,-4,20.493715279988674,55.0,0.005333333333333332,0.0,0.0,0.0,0.0,45.04145167631981,optimal
2021-02-09 17:00:00,3,81,0.0,0.0,0.0,0.1398,17.9025,6.0,-4,20.326717420851946,55.0,0.005333333333333332,0.0,0.0,0.0,0.0,44.858110203615645,optimal
2021-02-09 17:30:00,3,81,0.0,0.0,0.0,0.1166,15.6555,6.0,-4,20.163965274228964,55.0,0.005333333333333332,0.0,0.0,0.0,0.0,44.67495207238419,optimal
2021-02-09 18:00:00,3,81,0.6307373458233817,0.0,0.0,0.053,14.553,6.0,-4,20.0,55.0,0.005333333333333332,2207.580710381836,0.0,0.0,0.0,44.49197709928396,optimal
2021-02-09 18:30:00,3,81,0.6109080484803816,0.0,0.0,0.1166,14.3325,6.0,-4,20.0,55.0,0.005333333333333332,2138.1781696813355,0.0,0.0,0.0,44.30918510115683,optimal
2021-02-09 19:00:00,3,81,0.5016787511373917,0.0,0.0,0.2718,13.335,6.0,-4,20.0,55.0,0.0,1755.8756289808707,0.0,0.0,0.0,44.12657589502783,optimal
2021-02-09 19:30:00,3,81,0.877469175182433,0.0,0.0,0.2005,12.1275,6.0,-4,20.0,55.0,0.0,3071.1421131385155,0.0,0.0,0.0,43.94414929810495,optimal
2021-02-09 20:00:00,3,81,0.0,0.0,0.0,0.2933,12.2955,6.0,-4,20.108781559335373,55.0,0.0,0.0,0.0,0.0,0.0,43.761905127779,optimal
2021-02-09 20:30:00,3,81,0.6966666666666668,0.0,0.0,0.2507333333333333,11.6865,6.0,-4,20.0,55.0,0.0,0.0,0.0,2438.3333333333335,0.0,43.71814322265122,optimal
2021-02-09 21:00:00,3,81,0.0796190476190476,0.0,0.0,1.3956666666666668,11.466,6.0,-4,19.898310260514428,55.0,0.0,0.0,0.0,278.66666666666663,0.0,43.67442507942857,optimal
2021-02-09 21:30:00,3,81,0.0,0.0,0.0,0.42033333333333334,10.8045,6.0,-4,19.817352487386422,55.0,0.0,0.0,0.0,0.0,0.0,43.63075065434914,optimal
2021-02-09 22:00:00,3,81,0.0,0.0,0.0,0.4315,10.584,6.0,-4,19.724814510790054,55.0,0.0,0.0,0.0,0.0,0.0,43.58711990369479,optimal
2021-02-09 22:30:00,3,81,0.0,0.0,0.0,0.143,11.2455,6.0,-4,19.625193457401274,55.0,0.0,0.0,0.0,0.0,0.0,43.54353278379109,optimal
2021-02-09 23:00:00,3,81,0.0,0.0,0.0,0.053,12.1275,6.0,-4,19.48282929726869,55.0,0.0,0.0,0.0,0.0,0.0,43.4999892510073,optimal
2021-02-09 23:30:00,3,81,0.0,0.0,0.0,0.1662,11.823,6.0,-4,19.32842274901521,55.0,0.0,0.0,0.0,0.0,0.0,43.45648926175629,optimal
2021-02-10 00:00:00,3,81,0.0,0.0,0.0,0.057,12.789,6.0,3,19.32842274901521,55.0,0.0,0.0,0.0,0.0,0.0,43.41303277249453,optimal
2021-02-10 00:30:00,3,81,0.0,0.0,0.0,0.057,11.907,6.0,3,19.180075433067973,55.0,0.0,0.0,0.0,0.0,0.0,43.36961973972204,optimal
2021-02-10 01:00:00,3,81,0.0,0.0,0.0,0.1851,11.7075,6.0,3,19.03215572971428,55.0,0.0,0.0,0.0,0.0,0.0,43.32625011998232,optimal
2021-02-10 01:30:00,3,81,2.0,0.0,0.0,0.0631,10.8045,6.0,3,18.894422761749553,55.0,0.06698564593301436,0.0,0.0,7000.0,0.0,43.28292386986234,optimal
2021-02-10 02:00:00,3,81,2.0,0.0,0.0,0.057,11.508,6.0,3,18.74772552210733,55.0,0.10333333333333333,3201.6666666666665,0.0,3798.3333333333335,0.0,43.23964094599248,optimal
2021-02-10 02:30:00,3,81,2.0,0.0,0.0,0.057,11.508,6.0,3,18.844985511031673,55.0,0.10333333333333333,7000.0,0.0,0.0,0.0,43.196401305046486,optimal
2021-02-10 03:00:00,3,81,2.0,0.0,0.0,0.0631,11.508,6.0,3,19.230868232639654,55.0,0.10333333333333333,7000.0,0.0,0.0,0.0,43.15320490374144,optimal
2021-02-10 03:30:00,3,81,0.06209191320533762,0.0,0.0,0.1851,11.844,6.0,3,19.61380287677463,55.0,0.10333333333333333,217.32169621868167,0.0,0.0,0.0,43.1100516988377,optimal
2021-02-10 04:00:00,3,81,2.0,0.0,0.0,0.057,11.508,6.0,3,19.485719325311766,55.0,0.10333333333333333,7000.0,0.0,0.0,0.0,43.06694164713886,optimal
2021-02-10 04:30:00,3,81,2.0,0.0,0.0,0.16069999999999998,11.508,6.0,3,19.865935013647533,55.0,0.10333333333333333,7000.0,0.0,0.0,0.0,43.02387470549172,optimal
2021-02-10 05:00:00,3,81,2.0,0.0,5.0,0.0875,10.4475,6.0,3,20.249806691003815,55.0,0.10333333333333333,7000.0,0.0,0.0,0.0,45.35585083078623,optimal
2021-02-10 05:30:00,3,81,2.0,0.0,0.8595196524367872,0.057,10.8675,6.0,3,20.623819914918545,55.0,0.10333333333333333,7000.0,0.0,0.0,0.0,45.71876681486292,optimal
2021-02-10 06:00:00,3,81,2.0,0.0,5.0,0.1972,10.542,6.0,3,20.99131618107234,55.0,0.10133333333333333,7000.0,0.0,0.0,0.0,48.048048048048045,optimal
2021-02-10 06:30:00,3,81,2.0,0.0,0.0,0.2687,11.025,6.0,3,21.368335027454417,55.0,0.096,7000.0,0.0,0.0,0.0,48.0,optimal
2021-02-10 07:00:00,3,81,2.0,0.0,0.0,0.1138,11.025,6.0,3,21.763656982131206,55.0,0.09533333333333334,7000.0,0.0,0.0,0.0,47.5315683550321,optimal
2021-02-10 07:30:00,3,81,0.0,0.0,0.0,0.1621,14.553,6.0,3,22.14593882026436,55.0,0.09533333333333334,0.0,0.0,0.0,0.0,47.06360514170917,optimal
2021-02-10 08:00:00,3,81,0.49863142282183726,0.0,0.0,0.16566666666666666,13.0935,6.0,3,22.0,55.0,0.09266666666666666,1745.2099798764305,0.0,0.0,0.0,46.59610989159956,optimal
2021-02-10 08:30:00,3,81,0.0,0.0,0.0,0.24580000000000002,15.6345,6.0,3,22.0,55.0,0.04933333333333333,0.0,0.0,0.0,0.0,46.12908213674006,optimal
2021-02-10 09:00:00,3,81,0.0,0.0,0.0,1.2387000000000001,18.102,6.0,3,21.86009552958417,55.0,0.04933333333333333,0.0,0.0,0.0,0.0,45.662521409635424,optimal
2021-02-10 09:30:00,3,81,0.0,0.0,0.0,0.065,17.199,6.0,3,21.712850176436497,55.0,0.04733333333333333,0.0,0.0,0.0,0.0,45.196427243257894,optimal
2021-02-10 10:00:00,3,81,0.0,0.0,0.0,0.48460000000000003,18.2805,6.0,3,21.559972526950666,55.0,0.04733333333333333,0.0,0.0,0.0,0.0,44.73079917104674,optimal
2021-02-10 10:30:00,3,81,0.0,0.0,0.0,0.20526666666666668,17.4615,6.0,3,21.443033329272748,55.0,0.04733333333333333,0.0,0.0,0.0,0.0,44.26563672690779,optimal
2021-02-10 11:00:00,3,81,0.0,0.0,0.0,0.2375,18.3225,6.0,3,21.312208997886092,55.0,0.04733333333333333,0.0,0.0,0.0,0.0,43.80093944521299,optimal
2021-02-10 11:30:00,3,81,0.0,0.0,0.0,0.39776666666666666,17.094,6.0,3,21.187125291949886,55.0,0.043333333333333335,0.0,0.0,0.0,0.0,43.33670686079988,optimal
2021-02-10 12:00:00,3,81,0.0,0.0,0.0,0.44639999999999996,17.094,6.0,3,21.0760435538612,55.0,0.043333333333333335,0.0,0.0,0.0,0.0,42.87293850897118,optimal
2021-02-10 12:30:00,3,81,0.0,0.0,0.0,0.265,17.094,6.0,3,20.964031732682678,55.0,0.042666666666666665,0.0,0.0,0.0,0.0,42.40963392549431,optimal
2021-02-10 13:00:00,3,81,0.0,0.0,0.0,0.42060000000000003,17.3565,6.0,3,20.831869082528375,55.0,0.03933333333333333,0.0,0.0,0.0,0.0,41.94679264660092,optimal
2021-02-10 13:30:00,3,81,0.0,0.0,0.0,0.3117333333333333,17.115,6.0,3,20.698583881413786,55.0,0.03933333333333333,0.0,0.0,0.0,0.0,41.48441420898642,optimal
2021-02-10 14:00:00,3,81,0.0,0.0,0.0,0.6647000000000001,17.241,6.0,3,20.557612178821643,55.0,0.03933333333333333,0.0,0.0,0.0,0.0,41.022498149809536,optimal
2021-02-10 14:30:00,3,81,0.0,0.0,0.0,0.3406,17.094,6.0,3,20.446556935621587,55.0,0.03933333333333333,0.0,0.0,0.0,0.0,40.56104400669183,optimal
2021-02-10 15:00:00,3,81,1.6018011224663349,0.0,0.0,0.33343333333333336,16.5165,6.0,3,20.313968025711198,55.0,0.03933333333333333,5606.303928632172,0.0,0.0,0.0,40.10005131771724,optimal
2021-02-10 15:30:00,3,81,0.0,0.0,0.0,0.191,17.8185,6.0,3,20.616799407583304,55.0,0.037333333333333336,0.0,0.0,0.0,0.0,39.639519621431624,optimal
2021-02-10 16:00:00,3,81,0.0,0.0,0.0,0.35333333333333333,17.094,6.0,3,20.480204200852206,55.0,0.037333333333333336,0.0,0.0,0.0,0.0,39.179448456842294,optimal
2021-02-10 16:30:00,3,81,2.0,0.0,0.0,0.5380333333333333,16.8945,6.0,3,20.357475347121373,55.0,0.036,7000.0,0.0,0.0,0.0,38.719837363417554,optimal
2021-02-10 17:00:00,3,81,0.0,0.0,0.0,0.0995,18.123,6.0,3,20.78613081557084,55.0,0.034,0.0,0.0,0.0,0.0,38.26068588108624,optimal
2021-02-10 17:30:00,3,81,0.0,0.0,0.0,0.31839999999999996,31.647,6.0,3,20.659625082888784,55.0,0.034,0.0,0.0,0.0,0.0,37.801993550237256,optimal
2021-02-10 18:00:00,3,81,0.0,0.0,0.0,1.4128,34.9965,6.0,3,20.553281562657034,55.0,0.03333333333333333,0.0,0.0,0.0,0.0,37.34375991171912,optimal
2021-02-10 18:30:00,3,81,0.0,0.0,0.0,0.31889999999999996,34.9965,6.0,3,20.47013303985151,55.0,0.03266666666666666,0.0,0.0,0.0,0.0,36.8859845068395,optimal
2021-02-10 19:00:00,3,81,0.0,0.0,0.0,0.465,34.9965,6.0,3,20.37121823570673,55.0,0.029333333333333333,0.0,0.0,0.0,0.0,36.42866687736476,optimal
2021-02-10 19:30:00,3,81,0.0,0.0,0.0,0.3041333333333333,34.9965,6.0,3,20.25928816734766,55.0,0.028,0.0,0.0,0.0,0.0,35.9718065655195,optimal
2021-02-10 20:00:00,3,81,0.0,0.0,0.0,0.21359999999999998,34.9965,6.0,3,20.1274113542802,55.0,0.026,0.0,0.0,0.0,0.0,35.93583475895398,optimal
2021-02-10 20:30:00,3,81,0.0,0.0,0.0,0.45263333333333333,27.741,6.0,3,20.0,55.0,0.026,0.0,0.0,0.0,0.0,35.89989892419503,optimal
2021-02-10 21:00:00,3,81,0.0,0.0,0.0,0.3925,19.026,6.0,3,19.901299434735797,55.0,0.026,0.0,0.0,0.0,0.0,35.863999025270836,optimal
2021-02-10 21:30:00,3,81,0.0,0.0,0.0,0.37810000000000005,18.7215,6.0,3,19.810206344956615,55.0,0.026,0.0,0.0,0.0,0.0,35.82813502624556,optimal
2021-02-10 22:00:00,3,81,0.0,0.0,0.0,0.4251666666666667,17.4195,6.0,3,19.689450924442685,55.0,0.01916,0.0,0.0,0.0,0.0,35.79230689121932,optimal
2021-02-10 22:30:00,3,81,0.0,0.0,0.0,0.3706666666666667,16.758,6.0,3,19.57063437297522,55.0,0.015333333333333332,0.0,0.0,0.0,0.0,35.7565145843281,optimal
2021-02-10 23:00:00,3,81,0.0,0.0,0.0,0.4966666666666667,14.217,6.0,3,19.455608871073178,55.0,0.015333333333333332,0.0,0.0,0.0,0.0,35.72075806974377,optimal
2021-02-10 23:30:00,3,81,0.0,0.0,0.0,0.4005666666666667,13.3665,6.0,3,19.337611267044814,55.0,0.0,0.0,0.0,0.0,0.0,35.68503731167403,optimal
2021-02-11 00:00:00,3,81,2.0,0.0,0.0,0.2346,12.0855,6.0,-1,19.337611267044814,55.0,0.0,7000.0,0.0,0.0,0.0,35.64935227436236,optimal
2021-02-11 00:30:00,3,81,2.0,0.0,0.0,0.13219999999999998,11.6865,6.0,-1,19.699802548499957,55.0,0.058,939.0,0.0,6061.0,0.0,35.613702922087995,optimal
2021-02-11 01:00:00,3,81,2.0,0.0,0.0,0.2515,11.2245,6.0,-1,19.589942708196094,55.0,0.058,7000.0,0.0,0.0,0.0,35.57808921916591,optimal
2021-02-11 01:30:00,3,81,2.0,0.0,2.269394430939108,0.1153,11.025,6.0,-1,19.952959141350398,55.0,0.058,7000.0,0.0,0.0,0.0,36.62047348464282,optimal
2021-02-11 02:00:00,3,81,2.0,0.0,5.0,0.26896666666666663,10.7835,6.0,-1,20.30238460854509,55.0,0.058,7000.0,0.0,0.0,0.0,38.958853011158176,optimal
2021-02-11 02:30:00,3,81,2.0,0.0,5.0,0.06903333333333334,11.025,6.0,-1,20.660430968936772,55.0,0.058,7000.0,0.0,0.0,0.0,41.29489415814702,optimal
2021-02-11 03:00:00,3,81,2.0,0.0,5.0,0.14563333333333334,10.584,6.0,-1,20.999112330409712,55.0,0.058,7000.0,0.0,0.0,0.0,43.62859926398887,optimal
2021-02-11 03:30:00,3,81,2.0,0.0,5.0,0.2886666666666667,11.025,6.0,-1,21.33906574053291,55.0,0.058,7000.0,0.0,0.0,0.0,45.95997066472487,optimal
2021-02-11 04:00:00,3,81,2.0,0.0,5.0,0.0787,10.4265,6.0,-1,21.689581849054672,55.0,0.058,7000.0,0.0,0.0,0.0,48.289010694060146,optimal
2021-02-11 04:30:00,3,81,2.0,0.0,0.0,0.2004,12.789,6.0,-1,22.023511563951573,55.0,0.058,7000.0,0.0,0.0,0.0,48.240721683366075,optimal
2021-02-11 05:00:00,3,81,2.0,0.0,0.0,0.10433333333333332,12.684,6.0,-1,22.363762945304497,55.0,0.058,7000.0,0.0,0.0,0.0,48.192480961682705,optimal
2021-02-11 05:30:00,3,81,0.0,0.0,0.0,0.19196666666666667,16.254,6.0,-1,22.693683396299186,55.0,0.058,0.0,0.0,0.0,0.0,48.144288480721016,optimal
2021-02-11 06:00:00,3,81,0.0,0.0,0.0,0.2551333333333333,17.64,6.0,-1,22.4960837269196,55.0,0.058,0.0,0.0,0.0,0.0,48.096144192240295,optimal
2021-02-11 06:30:00,3,81,0.0,0.0,0.0,0.08416666666666667,19.1625,6.0,-1,22.30725702767252,55.0,0.058,0.0,0.0,0.0,0.0,48.048048048048045,optimal
2021-02-11 07:00:00,3,81,0.0,0.0,0.0,1.3367666666666669,26.46,6.0,-1,22.109281665681728,55.0,0.036,0.0,0.0,0.0,0.0,48.0,optimal
2021-02-11 07:30:00,3,81,0.0,0.0,0.0,0.2092,20.79,6.0,-1,21.986199538966066,55.0,0.036,0.0,0.0,0.0,0.0,47.88105087249847,optimal
2021-02-11 08:00:00,3,81,0.0,0.0,0.0,0.1776,29.106,6.0,-1,21.78327851957226,55.0,0.036,0.0,0.0,0.0,0.0,47.762220694124444,optimal
2021-02-11 08:30:00,3,81,0.0,0.0,0.0,0.2284,19.1835,6.0,-1,21.580186149627842,55.0,0.036,0.0,0.0,0.0,0.0,47.64350934592879,optimal
2021-02-11 09:00:00,3,81,0.0,0.0,0.0,0.11433333333333331,19.6665,6.0,-1,21.381434988529644,55.0,0.036,0.0,0.0,0.0,0.0,47.52491670908133,optimal
2021-02-11 09:30:00,3,81,0.0,0.0,0.0,0.1756,19.404,6.0,-1,21.17508215069365,55.0,0.036,0.0,0.0,0.0,0.0,47.406442664870724,optimal
2021-02-11 10:00:00,3,81,0.0,0.0,0.0,0.2282,19.047,6.0,-1,20.98991895156464,55.0,0.036,0.0,0.0,0.0,0.0,47.28808709470432,optimal
2021-02-11 10:30:00,3,81,0.0,0.0,0.0,0.1092,18.858,6.0,-1,20.824386148942573,55.0,0.036,0.0,0.0,0.0,0.0,47.16984988010809,optimal
2021-02-11 11:00:00,3,81,0.0,0.0,0.0,0.1446,19.2675,6.0,-1,20.646093719576836,55.0,0.036,0.0,0.0,0.0,0.0,47.051730902726455,optimal
2021-02-11 11:30:00,3,81,0.0,0.0,0.0,0.1198,18.963,6.0,-1,20.467226687262684,55.0,0.036,0.0,0.0,0.0,0.0,46.9337300443222,optimal
2021-02-11 12:00:00,3,81,0.0,0.0,0.0,0.3788,18.438,6.0,-1,20.294685024635356,55.0,0.036,0.0,0.0,0.0,0.0,46.81584718677635,optimal
2021-02-11 12:30:00,3,81,0.0,0.0,0.0,0.31139999999999995,18.7425,6.0,-1,20.16124541762258,55.0,0.034666666666666665,0.0,0.0,0.0,0.0,46.698082212088046,optimal
2021-02-11 13:00:00,3,81,2.0,0.0,0.0,0.3046666666666667,15.2145,6.0,-1,20.029293400208232,55.0,0.030666666666666665,7000.0,0.0,0.0,0.0,46.58043500237443,optimal
2021-02-11 13:30:00,3,81,0.0,0.0,0.0,0.417,17.7765,6.0,-1,20.4371982250166,55.0,0.030666666666666665,0.0,0.0,0.0,0.0,46.462905439870525,optimal
2021-02-11 14:00:00,3,81,0.0,0.0,0.0,0.4368333333333333,16.758,6.0,-1,20.31915105783549,55.0,0.030666666666666665,0.0,0.0,0.0,0.0,46.34549340692913,optimal
2021-02-11 14:30:00,3,81,2.0,0.0,0.0,0.5272,16.422,6.0,-1,20.2225429979756,55.0,0.030666666666666665,7000.0,0.0,0.0,0.0,46.22819878602067,optimal
2021-02-11 15:00:00,3,81,0.1367686136889506,0.0,0.0,0.5268999999999999,16.758,6.0,-1,20.666521968061257,55.0,0.03,478.69014791132713,0.0,0.0,0.0,46.111021459733124,optimal
2021-02-11 15:30:00,3,81,0.0,0.0,0.0,0.3873666666666667,29.358,6.0,-1,20.610287203329662,55.0,0.028666666666666667,0.0,0.0,0.0,0.0,45.993961310771866,optimal
2021-02-11 16:00:00,3,81,0.0,0.0,0.0,0.43069999999999997,34.9965,6.0,-1,20.51825594690381,55.0,0.028666666666666667,0.0,0.0,0.0,0.0,45.87701822195957,optimal
2021-02-11 16:30:00,3,81,0.0,0.0,0.0,0.5446333333333333,34.65,6.0,-1,20.41226918155668,55.0,0.019333333333333334,0.0,0.0,0.0,0.0,45.76019207623608,optimal
2021-02-11 17:00:00,3,81,0.0,0.0,0.0,0.32089999999999996,34.9965,6.0,-1,20.32507155856672,55.0,0.017333333333333333,0.0,0.0,0.0,0.0,45.643482756658315,optimal
2021-02-11 17:30:00,3,81,0.0,0.0,0.0,0.4594,34.9965,6.0,-1,20.222239583237553,55.0,0.012,0.0,0.0,0.0,0.0,45.52689014640013,optimal
2021-02-11 18:00:00,3,81,0.0,0.0,0.0,1.8753,30.4815,6.0,-1,20.106421714988468,55.0,0.009333333333333334,0.0,0.0,0.0,0.0,45.4104141287522,optimal
2021-02-11 18:30:00,3,81,0.0,0.0,0.0,0.3448333333333333,21.4305,6.0,-1,20.105969056534974,55.0,0.006,0.0,0.0,0.0,0.0,45.29405458712192,optimal
2021-02-11 19:00:00,3,81,0.48381202808660767,0.0,0.0,0.26916666666666667,14.3325,6.0,-1,20.0,55.0,0.004,1693.3420983031267,0.0,0.0,0.0,45.17781140503327,optimal
2021-02-11 19:30:00,3,81,1.0390304359305904,0.0,0.0,0.42573333333333335,13.692,6.0,-1,20.0,55.0,0.0006666666666666665,3636.6065257570663,0.0,0.0,0.0,45.06168446612671,optimal
2021-02-11 20:00:00,3,81,0.0,0.0,0.0,0.37010000000000004,14.007,6.0,-1,20.147065251894027,55.0,0.0,0.0,0.0,0.0,0.0,44.94567365415905,optimal
2021-02-11 20:30:00,3,81,0.0,0.0,0.0,1.3538333333333332,12.873,6.0,-1,20.0,55.0,0.0,0.0,0.0,0.0,0.0,44.90072798050489,optimal
2021-02-11 21:00:00,3,81,0.05971428571428571,0.0,0.0,0.5739333333333333,12.684,6.0,-1,19.884050453792668,55.0,0.0,0.0,0.0,209.0,0.0,44.855827252524385,optimal
2021-02-11 21:30:00,3,81,0.0,0.0,0.0,0.5344,12.306,6.0,-1,19.75901333666707,55.0,0.0,0.0,0.0,0.0,0.0,44.81097142527186,optimal
2021-02-11 22:00:00,3,81,0.23885714285714285,0.0,0.0,1.6614666666666666,10.6365,6.0,-1,19.637105667055987,55.0,0.006666666666666667,0.0,0.0,836.0,0.0,44.76616045384659,optimal
2021-02-11 22:30:00,3,81,0.0,0.0,0.0,0.3312,11.2455,6.0,-1,19.599413424640083,55.0,0.006666666666666667,0.0,0.0,0.0,0.0,44.72139429339274,optimal
2021-02-11 23:00:00,3,81,0.0,0.0,0.0,0.5194,11.2455,6.0,-1,19.45505150544295,55.0,0.0006666666666666665,0.0,0.0,0.0,0.0,44.67667289909935,optimal
2021-02-11 23:30:00,3,81,0.0,0.0,0.0,0.27173333333333327,11.025,6.0,-1,19.303397727468504,55.0,0.0,0.0,0.0,0.0,0.0,44.63199622620025,optimal
2021-02-12 00:00:00,3,81,2.0,0.0,0.0,0.11916666666666668,10.8045,6.0,-4,19.303397727468504,55.0,0.0,6791.0,0.0,209.0,0.0,44.58736422997405,optimal
2021-02-12 00:30:00,3,81,2.0,0.0,0.0,0.2623333333333333,10.059,6.0,-4,19.630147954904157,55.0,0.06081231259968102,0.0,0.0,7000.0,0.0,44.542776865744074,optimal
2021-02-12 01:00:00,3,81,2.0,0.0,0.0,0.10486666666666666,10.584,6.0,-4,19.442325802961875,55.0,0.09175766601578071,3766.2105680175837,0.0,3233.789431982416,0.0,44.49823408887833,optimal
2021-02-12 01:30:00,3,81,2.0,0.0,5.0,0.155,9.4185,6.0,-4,19.519004508000158,55.0,0.09175766601578071,7000.0,0.0,0.0,0.0,46.82873585478945,optimal
2021-02-12 02:00:00,3,81,2.0,0.0,0.0,0.061,10.3635,6.0,-4,19.84616758759767,55.0,0.09175766601578071,7000.0,0.0,0.0,0.0,46.78190711893466,optimal
2021-02-12 02:30:00,3,81,2.0,0.0,3.6790008054750514,0.19886666666666666,9.8385,6.0,-4,20.16415746463253,55.0,0.09175766601578071,7000.0,0.0,0.0,0.0,48.48265059441637,optimal
2021-02-12 03:00:00,3,81,2.0,0.0,0.0,0.061,11.067,6.0,-4,20.492495481744488,55.0,0.09175766601578071,7000.0,0.0,0.0,0.0,48.434167943821954,optimal
2021-02-12 03:30:00,3,81,2.0,0.0,0.0,0.16126666666666667,10.8465,6.0,-4,20.81007560716064,55.0,0.09175766601578071,7000.0,0.0,0.0,0.0,48.38573377587813,optimal
2021-02-12 04:00:00,3,81,0.0,0.0,0.0,0.0986,13.671,6.0,-4,21.138679721564245,55.0,0.09175766601578071,0.0,0.0,0.0,0.0,48.33734804210225,optimal
2021-02-12 04:30:00,3,81,2.0,0.0,0.0,0.11113333333333333,12.348,6.0,-4,20.932300590498258,55.0,0.09175766601578071,7000.0,0.0,0.0,0.0,48.289010694060146,optimal
2021-02-12 05:00:00,3,81,0.0,0.0,0.0,0.14873333333333333,14.3325,6.0,-4,21.268385292389777,55.0,0.09175766601578071,0.0,0.0,0.0,0.0,48.240721683366075,optimal
2021-02-12 05:30:00,3,81,0.0,0.0,0.0,0.061,15.393,6.0,-4,21.07706222479396,55.0,0.09175766601578071,0.0,0.0,0.0,0.0,48.192480961682705,optimal
2021-02-12 06:00:00,3,81,0.0,0.0,0.0,0.1992,13.587,6.0,-4,20.88782057769364,55.0,0.09175766601578071,0.0,0.0,0.0,0.0,48.144288480721016,optimal
2021-02-12 06:30:00,3,81,0.0,0.0,0.0,0.06933333333333333,16.1385,6.0,-4,20.717835629002884,55.0,0.09175766601578071,0.0,0.0,0.0,0.0,48.096144192240295,optimal
2021-02-12 07:00:00,3,81,0.0,0.0,0.0,0.12366666666666669,14.595,6.0,-4,20.539731335444028,55.0,0.09175766601578071,0.0,0.0,0.0,0.0,48.048048048048045,optimal
2021-02-12 07:30:00,3,81,0.0,0.0,0.0,0.5006,14.637,6.0,-4,20.368862786910597,55.0,0.08059766601578071,0.0,0.0,0.0,0.0,48.0,optimal
2021-02-12 08:00:00,3,81,0.0,0.0,0.0,1.2510333333333332,13.9125,6.0,-4,20.247063088610666,55.0,0.07726433268244737,0.0,0.0,0.0,0.0,47.62702885038585,optimal
2021-02-12 08:30:00,3,81,0.0,0.0,0.0,0.8561,13.3665,6.0,-4,20.13115740239331,55.0,0.022597666015780716,0.0,0.0,0.0,0.0,47.25443067192131,optimal
2021-02-12 09:00:00,3,81,0.6201522676157143,0.0,0.0,1.1239000000000001,13.0095,6.0,-4,20.0,55.0,0.01793099934911405,2170.532936655,0.0,0.0,0.0,46.88220509163524,optimal
2021-02-12 09:30:00,3,81,0.0,0.0,0.0,2.5334,13.8915,6.0,-4,20.05907447047562,55.0,0.012597666015780716,0.0,0.0,0.0,0.0,46.51035173692946,optimal
2021-02-12 10:00:00,3,81,0.2911602456543446,0.0,0.0,2.0151333333333326,13.188,6.0,-4,20.0,55.0,0.012597666015780716,1019.0608597902062,0.0,0.0,0.0,46.13887023557838,optimal
2021-02-12 10:30:00,3,81,0.4434230097675572,0.0,0.0,0.3445,12.5685,6.0,-4,20.0,55.0,0.012597666015780716,1551.9805341864503,0.0,0.0,0.0,45.76776021572865,optimal
2021-02-12 11:00:00,3,81,0.38277146356778374,0.0,0.0,0.4752,12.285,6.0,-4,20.0,55.0,0.012597666015780716,1339.700122487243,0.0,0.0,0.0,45.39702130589877,optimal
2021-02-12 11:30:00,3,81,2.0,0.0,0.0,0.4858,11.487,6.0,-4,20.0,55.0,0.05607071185990025,2317.733375956175,0.0,4682.266624043825,0.0,45.026653134978716,optimal
2021-02-12 12:00:00,3,81,0.13702992788468218,0.0,0.0,0.5452666666666667,11.802,6.0,-4,20.06944256373529,55.0,0.054070711859900256,479.60474759638765,0.0,0.0,0.0,44.65665533222959,optimal
2021-02-12 12:30:00,3,81,2.0,0.0,0.0,0.37946666666666656,11.2245,6.0,-4,20.0,55.0,0.08666666666666667,3036.3893893595764,0.0,3963.6106106404236,0.0,44.28702752728321,optimal
2021-02-12 13:00:00,3,81,2.0,0.0,0.0,0.22446666666666668,11.025,6.0,-4,20.11724658749632,55.0,0.08666666666666667,7000.0,0.0,0.0,0.0,43.917769350141775,optimal
2021-02-12 13:30:00,3,81,2.0,0.0,0.0,0.2902333333333333,11.907,6.0,-4,20.51486662308475,55.0,0.08666666666666667,7000.0,0.0,0.0,0.0,43.54888043117748,optimal
2021-02-12 14:00:00,3,81,0.0,0.0,0.0,0.18716666666666662,25.83,6.0,-4,20.91391571547909,55.0,0.08666666666666667,0.0,0.0,0.0,0.0,43.180360401132155,optimal
2021-02-12 14:30:00,3,81,0.0,0.0,0.0,0.08156666666666666,28.035,6.0,-4,20.777335081292307,55.0,0.08533333333333333,0.0,0.0,0.0,0.0,42.812208891116875,optimal
2021-02-12 15:00:00,3,81,0.0,0.0,0.0,0.8454666666666667,28.119,6.0,-4,20.63112455038557,55.0,0.08466666666666667,0.0,0.0,0.0,0.0,42.44442553261161,optimal
2021-02-12 15:30:00,3,81,0.0,0.0,0.0,0.8417666666666667,30.156,6.0,-4,20.557590581891752,55.0,0.07933333333333334,0.0,0.0,0.0,0.0,42.077009957464846,optimal
2021-02-12 16:00:00,3,81,0.0,0.0,0.0,0.082,29.1585,6.0,-4,20.48716301486846,55.0,0.07533333333333334,0.0,0.0,0.0,0.0,41.70996179789323,optimal
2021-02-12 16:30:00,3,81,0.0,0.0,0.0,0.3115,26.712,6.0,-4,20.358290029252597,55.0,0.07533333333333334,0.0,0.0,0.0,0.0,41.34328068648119,optimal
2021-02-12 17:00:00,3,81,0.0,0.0,0.0,0.08833333333333333,15.435,6.0,-4,20.248244784365895,55.0,0.07533333333333334,0.0,0.0,0.0,0.0,40.97696625618055,optimal
2021-02-12 17:30:00,3,81,0.0,0.0,0.0,0.2164,13.566,6.0,-4,20.120034554165557,55.0,0.04446666666666667,0.0,0.0,0.0,0.0,40.61101814031022,optimal
2021-02-12 18:00:00,3,81,0.3818646979972237,0.0,0.0,0.4087,12.789,6.0,-4,20.0,55.0,0.024666666666666667,1336.5264429902832,0.0,0.0,0.0,40.24543597255576,optimal
2021-02-12 18:30:00,3,81,0.7567871427358821,0.0,0.0,0.2876666666666667,12.1275,6.0,-4,20.0,55.0,0.004666666666666667,2648.754999575587,0.0,0.0,0.0,40.2051905365832,optimal
2021-02-12 19:00:00,3,81,0.0,0.0,0.0,0.4064,13.671,6.0,-4,20.09272798516832,55.0,0.0,0.0,0.0,0.0,0.0,40.16498534604662,optimal
2021-02-12 19:30:00,3,81,0.8161167598905601,0.0,0.0,0.5207,10.668,6.0,-4,20.0,55.0,0.007333333333333333,1811.40865961696,0.0,1045.0,0.0,40.124820360700575,optimal
2021-02-12 20:00:00,3,81,0.0,0.0,0.0,1.2329333333333334,11.7285,6.0,-4,20.049952543183256,55.0,0.007333333333333333,0.0,0.0,0.0,0.0,40.08469554033987,optimal
2021-02-12 20:30:00,3,81,0.0,0.0,0.0,0.3011333333333333,11.025,6.0,-4,20.0,55.0,0.002,0.0,0.0,0.0,0.0,40.044610844799536,optimal
2021-02-12 21:00:00,3,81,0.0,0.0,0.0,0.6226,10.689,6.0,-4,19.900286574344452,55.0,0.0,0.0,0.0,0.0,0.0,40.00456623395473,optimal
2021-02-12 21:30:00,3,81,0.6568571428571429,0.0,0.0,0.47343333333333326,8.1585,6.0,-4,19.81633130039137,55.0,0.022,0.0,0.0,2299.0,0.0,39.96456166772078,optimal
2021-02-12 22:00:00,3,81,0.0,0.0,0.0,1.591,10.3635,6.0,-4,19.725177360246967,55.0,0.022,0.0,0.0,0.0,0.0,39.92459710605306,optimal
2021-02-12 22:30:00,3,81,0.0,0.0,0.0,0.26846666666666663,10.8045,6.0,-4,19.67892168298931,55.0,0.016,0.0,0.0,0.0,0.0,39.884672508947006,optimal
2021-02-12 23:00:00,3,81,0.0,0.0,0.0,0.18736666666666668,11.025,6.0,-4,19.566673139137627,55.0,0.0,0.0,0.0,0.0,0.0,39.84478783643806,optimal
2021-02-12 23:30:00,3,81,0.0,0.0,0.0,0.20853333333333332,10.3635,6.0,-4,19.43850569000036,55.0,0.0,0.0,0.0,0.0,0.0,39.80494304860162,optimal
2021-02-13 00:00:00,3,81,2.0,0.0,3.881923670229227,0.0848,8.1585,6.0,-3,19.43850569000036,55.0,0.0,6860.666666666667,0.0,139.33333333333331,0.0,41.609051848911896,optimal
2021-02-13 00:30:00,3,81,0.0,0.0,0.0,0.1822333333333333,9.4815,6.0,-3,19.818777059914996,55.0,0.0,0.0,0.0,0.0,0.0,41.56744279706298,optimal
2021-02-13 01:00:00,3,81,2.0,0.0,0.0,0.1368,8.379,6.0,-3,19.677179253472627,55.0,0.06431897926634769,0.0,0.0,7000.0,0.0,41.52587535426592,optimal
2021-02-13 01:30:00,3,81,0.0,0.0,0.0,0.2862333333333333,9.5235,6.0,-3,19.539920649081303,55.0,0.06298564593301435,0.0,0.0,0.0,0.0,41.48434947891165,optimal
2021-02-13 02:00:00,3,81,2.0,0.0,5.0,0.2627333333333333,8.1375,6.0,-3,19.41204374508618,55.0,0.09933333333333333,3201.6666666666665,0.0,3798.3333333333335,0.0,43.81786512943274,optimal
2021-02-13 02:30:00,3,81,0.0,0.0,0.0,0.06333333333333334,10.0905,6.0,-3,19.53114136159455,55.0,0.09733333333333333,0.0,0.0,0.0,0.0,43.7740472643033,optimal
2021-02-13 03:00:00,3,81,2.0,0.0,5.0,0.14026666666666668,7.539,6.0,-3,19.376004642643437,55.0,0.09733333333333333,7000.0,0.0,0.0,0.0,46.10527321703899,optimal
2021-02-13 03:30:00,3,81,2.0,0.0,5.0,0.14026666666666668,7.938,6.0,-3,19.75615890801755,55.0,0.09733333333333333,7000.0,0.0,0.0,0.0,48.434167943821954,optimal
2021-02-13 04:00:00,3,81,2.0,0.0,0.0,0.064,8.274,6.0,-3,20.13250863166196,55.0,0.09733333333333333,7000.0,0.0,0.0,0.0,48.38573377587813,optimal
2021-02-13 04:30:00,3,81,2.0,0.0,0.0,0.10893333333333334,9.261,6.0,-3,20.49927494011005,55.0,0.09733333333333333,7000.0,0.0,0.0,0.0,48.33734804210225,optimal
2021-02-13 05:00:00,3,81,1.3712400102087572,0.0,0.0,0.24,9.9225,6.0,-3,20.865337399003963,55.0,0.09733333333333333,4799.34003573065,0.0,0.0,0.0,48.289010694060146,optimal
2021-02-13 05:30:00,3,81,2.0,0.0,0.0,0.064,9.702,6.0,-3,21.069547492661076,55.0,0.09733333333333333,7000.0,0.0,0.0,0.0,48.240721683366075,optimal
2021-02-13 06:00:00,3,81,0.0,0.0,0.0,0.22533333333333327,10.584,6.0,-3,21.42537268917147,55.0,0.09733333333333333,0.0,0.0,0.0,0.0,48.192480961682705,optimal
2021-02-13 06:30:00,3,81,2.0,0.0,0.0,0.1346,10.143,6.0,-3,21.25584292622543,55.0,0.09466666666666666,7000.0,0.0,0.0,0.0,48.144288480721016,optimal
2021-02-13 07:00:00,3,81,0.0,0.0,0.0,1.1131333333333335,13.0095,6.0,-3,21.617321053562595,55.0,0.09333333333333334,0.0,0.0,0.0,0.0,48.096144192240295,optimal
2021-02-13 07:30:00,3,81,0.0,0.0,0.0,0.9447666666666668,11.025,6.0,-3,21.534063498838396,55.0,0.08933333333333333,0.0,0.0,0.0,0.0,48.048048048048045,optimal
2021-02-13 08:00:00,3,81,0.0,0.0,0.0,0.41333333333333333,12.789,6.0,-3,21.454786269980513,55.0,0.082,0.0,0.0,0.0,0.0,48.0,optimal
2021-02-13 08:30:00,3,81,0.0,0.0,0.0,0.3508,12.1275,6.0,-3,21.34185719844632,55.0,0.082,0.0,0.0,0.0,0.0,47.5184675252825,optimal
2021-02-13 09:00:00,3,81,0.0,0.0,0.0,0.29533333333333334,12.1695,6.0,-3,21.205727932597043,55.0,0.07866666666666666,0.0,0.0,0.0,0.0,47.03741658303973,optimal
2021-02-13 09:30:00,3,81,0.0,0.0,0.0,0.36169999999999997,12.306,6.0,-3,21.05209254420973,55.0,0.07466666666666667,0.0,0.0,0.0,0.0,46.556846691739196,optimal
2021-02-13 10:00:00,3,81,0.0,0.0,0.0,0.2524333333333333,13.23,6.0,-3,20.903858804837515,55.0,0.07466666666666667,0.0,0.0,0.0,0.0,46.076757370329965,optimal
2021-02-13 10:30:00,3,81,0.0,0.0,0.0,0.1404,13.671,6.0,-3,20.750235431995417,55.0,0.07133333333333333,0.0,0.0,0.0,0.0,45.59714813824214,optimal
2021-02-13 11:00:00,3,81,0.0,0.0,0.0,0.16213333333333332,13.9335,6.0,-3,20.590789170406637,55.0,0.07133333333333333,0.0,0.0,0.0,0.0,45.1180185153864,optimal
2021-02-13 11:30:00,3,81,0.0,0.0,0.0,0.3371,13.293,6.0,-3,20.435918735118086,55.0,0.06933333333333333,0.0,0.0,0.0,0.0,44.63936802215352,optimal
2021-02-13 12:00:00,3,81,0.0,0.0,0.0,0.1497,12.1065,6.0,-3,20.293908663253642,55.0,0.06733333333333333,0.0,0.0,0.0,0.0,44.16119617941387,optimal
2021-02-13 12:30:00,3,81,0.0,0.0,0.0,1.2288,11.571,6.0,-3,20.139314501911333,55.0,0.06466666666666666,0.0,0.0,0.0,0.0,43.68350250851696,optimal
2021-02-13 13:00:00,3,81,2.0,0.0,0.0,0.7144666666666667,11.025,6.0,-3,20.0,55.0,0.06266666666666666,7000.0,0.0,0.0,0.0,43.20628653129095,optimal
2021-02-13 13:30:00,3,81,2.0,0.0,0.0,0.31660000000000005,10.8465,6.0,-3,20.404613636715364,55.0,0.06266666666666666,7000.0,0.0,0.0,0.0,42.72954777004216,optimal
2021-02-13 14:00:00,3,81,1.478297230684148,0.0,0.0,0.45080000000000003,11.2455,6.0,-3,20.789247945119442,55.0,0.06,5174.040307394518,0.0,0.0,0.0,42.25328574755462,optimal
2021-02-13 14:30:00,3,81,0.0,0.0,0.0,0.5924333333333333,23.8665,6.0,-3,21.03763814841892,55.0,0.058666666666666666,0.0,0.0,0.0,0.0,41.77749998708957,optimal
2021-02-13 15:00:00,3,81,0.0,0.0,0.0,0.508,27.4575,6.0,-3,20.898710484714695,55.0,0.056666666666666664,0.0,0.0,0.0,0.0,41.30219001238498,optimal
2021-02-13 15:30:00,3,81,0.0,0.0,0.0,0.28276666666666667,27.3735,6.0,-3,20.773022139170198,55.0,0.056666666666666664,0.0,0.0,0.0,0.0,40.8273553476551,optimal
2021-02-13 16:00:00,3,81,0.0,0.0,0.0,0.2689,30.4605,6.0,-3,20.63835698832158,55.0,0.056666666666666664,0.0,0.0,0.0,0.0,40.35299551758995,optimal
2021-02-13 16:30:00,3,81,0.0,0.0,0.0,0.18536666666666668,30.0195,6.0,-3,20.512137995717463,55.0,0.051333333333333335,0.0,0.0,0.0,0.0,39.87911004735487,optimal
2021-02-13 17:00:00,3,81,0.0,0.0,0.0,0.21230000000000002,26.9325,6.0,-3,20.37807777353689,55.0,0.05,0.0,0.0,0.0,0.0,39.405698462590024,optimal
2021-02-13 17:30:00,3,81,0.0,0.0,0.0,0.5857333333333333,14.595,6.0,-3,20.23824753459504,55.0,0.04733333333333333,0.0,0.0,0.0,0.0,38.93276028940994,optimal
2021-02-13 18:00:00,3,81,0.0,0.0,0.0,0.434,12.4845,6.0,-3,20.123554095369457,55.0,0.046,0.0,0.0,0.0,0.0,38.46029505440303,optimal
2021-02-13 18:30:00,3,81,0.3895892334354595,0.0,0.0,0.5006666666666667,12.1275,6.0,-3,20.0,55.0,0.044,1363.5623170241083,0.0,0.0,0.0,37.98830228463113,optimal
2021-02-13 19:00:00,3,81,0.7529105234334172,0.0,0.0,0.37546666666666656,12.1275,6.0,-3,20.0,55.0,0.020666666666666663,2635.18683201696,0.0,0.0,0.0,37.516781507629005,optimal
2021-02-13 19:30:00,3,81,0.0,0.0,0.0,0.4084666666666666,12.789,6.0,-3,20.10454071580974,55.0,0.0006666666666666665,0.0,0.0,0.0,0.0,37.47926472612138,optimal
2021-02-13 20:00:00,3,81,0.24093952967422294,0.0,0.0,2.0844333333333336,11.907,6.0,-3,20.0,55.0,0.0,843.2883538597803,0.0,0.0,0.0,37.441785461395256,optimal
2021-02-13 20:30:00,3,81,0.0,0.0,0.0,1.0873,11.025,6.0,-3,20.0,55.0,0.0,0.0,0.0,0.0,0.0,37.40434367593386,optimal
2021-02-13 21:00:00,3,81,0.0,0.0,0.0,0.9248666666666668,8.2005,6.0,-3,19.9048192973943,55.0,0.0,0.0,0.0,0.0,0.0,37.36693933225793,optimal
2021-02-13 21:30:00,3,81,0.0,0.0,0.0,1.3050666666666666,9.5655,6.0,-3,19.821068469135778,55.0,0.0,0.0,0.0,0.0,0.0,37.32957239292567,optimal
2021-02-13 22:00:00,3,81,0.0796190476190476,0.0,0.0,0.6365,7.056,6.0,-3,19.779337265521605,55.0,0.001333333333333333,0.0,0.0,278.66666666666663,0.0,37.29224282053274,optimal
2021-02-13 22:30:00,3,81,0.0,0.0,0.0,1.524733333333333,9.3975,6.0,-3,19.690826967329222,55.0,0.001333333333333333,0.0,0.0,0.0,0.0,37.25495057771221,optimal
2021-02-13 23:00:00,3,81,0.0,0.0,0.0,0.434,10.059,6.0,-3,19.62444802105227,55.0,0.0,0.0,0.0,0.0,0.0,37.217695627134496,optimal
2021-02-13 23:30:00,3,81,0.0,0.0,0.0,0.6661333333333334,9.261,6.0,-3,19.5269847177211,55.0,0.0,0.0,0.0,0.0,0.0,37.18047793150736,optimal
2021-02-07 00:00:00,4,81,0.0,0.0,0.0,0.24003333333333332,6.615,6.0,-4,21.0,55.0,0.12,0.0,0.0,0.0,0.0,47.952,optimal
2021-02-07 00:30:00,4,81,0.0,0.0,0.0,0.051,6.174,6.0,-4,20.885133951405557,55.0,0.12,0.0,0.0,0.0,0.0,47.904047999999996,optimal
2021-02-07 01:00:00,4,81,2.0,0.0,0.0,0.0775,3.906,6.0,-4,20.744702852398753,55.0,0.12,7000.0,0.0,0.0,0.0,47.856143952,optimal
2021-02-07 01:30:00,4,81,2.0,0.0,0.0,0.1305,2.3415,6.0,-4,21.14014106746471,55.0,0.12,7000.0,0.0,0.0,0.0,47.80828780804799,optimal
2021-02-07 02:00:00,4,81,2.0,0.0,0.0,0.051,2.205,6.0,-4,21.535678857495423,55.0,0.12,7000.0,0.0,0.0,0.0,47.76047952023995,optimal
2021-02-07 02:30:00,4,81,2.0,0.0,1.518839796004736,0.051,0.882,6.0,-4,21.921217099061483,55.0,0.12,7000.0,0.0,0.0,0.0,48.434167943821954,optimal
2021-02-07 03:00:00,4,81,2.0,0.0,0.0,0.157,1.5435,6.0,-4,22.302460949870316,55.0,0.12,7000.0,0.0,0.0,0.0,48.38573377587813,optimal
2021-02-07 03:30:00,4,81,2.0,0.0,0.0,0.051,1.5435,6.0,-4,22.687526986266633,55.0,0.12,7000.0,0.0,0.0,0.0,48.33734804210225,optimal
2021-02-07 04:00:00,4,81,0.0,0.0,0.0,0.051,5.0715,6.0,-4,23.060666444108026,55.0,0.12,0.0,0.0,0.0,0.0,48.289010694060146,optimal
2021-02-07 04:30:00,4,81,0.0,0.0,0.0,0.0669,5.376,6.0,-4,22.896571334682054,55.0,0.12,0.0,0.0,0.0,0.0,48.240721683366075,optimal
2021-02-07 05:00:00,4,81,0.2628475412313095,0.0,0.0,0.1411,5.0715,6.0,-4,22.735139369726742,55.0,0.12,919.9663943095833,0.0,0.0,0.0,48.192480961682705,optimal
2021-02-07 05:30:00,4,81,0.0,0.0,0.0,0.051,5.5125,6.0,-4,22.650903760860643,55.0,0.12,0.0,0.0,0.0,0.0,48.144288480721016,optimal
2021-02-07 06:00:00,4,81,0.0,0.0,0.0,0.324,9.261,6.0,-4,22.490432837809607,55.0,0.094,0.0,0.0,0.0,0.0,48.096144192240295,optimal
2021-02-07 06:30:00,4,81,0.0,0.0,0.0,0.24056666666666662,11.7075,6.0,-4,22.364377954121252,55.0,0.09,0.0,0.0,0.0,0.0,48.048048048048045,optimal
2021-02-07 07:00:00,4,81,0.0,0.0,0.0,0.2704,12.348,6.0,-4,22.24459639588182,55.0,0.068,0.0,0.0,0.0,0.0,48.0,optimal
2021-02-07 07:30:00,4,81,0.0,0.0,0.0,0.168,12.348,6.0,-4,22.13646210304329,55.0,0.06733333333333333,0.0,0.0,0.0,0.0,47.49621410692105,optimal
2021-02-07 08:00:00,4,81,0.0,0.0,0.0,0.061,12.1275,6.0,-4,22.0,55.0,0.06733333333333333,0.0,0.0,0.0,0.0,46.992931999735184,optimal
2021-02-07 08:30:00,4,81,0.0,0.0,0.0,0.15109999999999998,12.5265,6.0,-4,21.822542505479284,55.0,0.06733333333333333,0.0,0.0,0.0,0.0,46.490153174656506,optimal
2021-02-07 09:00:00,4,81,0.0,0.0,0.0,0.07690000000000001,11.7495,6.0,-4,21.653079126366997,55.0,0.06733333333333333,0.0,0.0,0.0,0.0,45.9878771284029,optimal
2021-02-07 09:30:00,4,81,0.0,0.0,0.0,0.061,13.23,6.0,-4,21.479017339304225,55.0,0.06733333333333333,0.0,0.0,0.0,0.0,45.48610335819555,optimal
2021-02-07 10:00:00,4,81,0.0,0.0,0.0,0.061,14.3325,6.0,-4,21.30572549963861,55.0,0.06733333333333333,0.0,0.0,0.0,0.0,44.98483136175841,optimal
2021-02-07 10:30:00,4,81,0.0,0.0,0.0,0.16169999999999998,14.994,6.0,-4,21.134408589521403,55.0,0.06733333333333333,0.0,0.0,0.0,0.0,44.484060637317704,optimal
2021-02-07 11:00:00,4,81,0.0,0.0,0.0,0.0663,14.8155,6.0,-4,20.971397113307628,55.0,0.06733333333333333,0.0,0.0,0.0,0.0,43.98379068360144,optimal
2021-02-07 11:30:00,4,81,0.0,0.0,0.0,0.073,14.112,6.0,-4,20.801672217422336,55.0,0.06666666666666667,0.0,0.0,0.0,0.0,43.48402099983889,optimal
2021-02-07 12:00:00,4,81,0.0,0.0,0.0,0.16076666666666667,14.007,6.0,-4,20.64569592371473,55.0,0.066,0.0,0.0,0.0,0.0,42.9847510857601,optimal
2021-02-07 12:30:00,4,81,0.0,0.0,0.0,0.07556666666666666,13.23,6.0,-4,20.49771194156956,55.0,0.066,0.0,0.0,0.0,0.0,42.485980441595395,optimal
2021-02-07 13:00:00,4,81,2.0,0.0,0.0,0.1352,11.382,6.0,-4,20.342485702587304,55.0,0.066,7000.0,0.0,0.0,0.0,41.98770856807485,optimal
2021-02-07 13:30:00,4,81,1.226443527102861,0.0,0.0,0.15580000000000002,11.7495,6.0,-4,20.72346833552794,55.0,0.066,4292.552344860013,0.0,0.0,0.0,41.48993496642783,optimal
2021-02-07 14:00:00,4,81,0.0,0.0,0.0,0.14633333333333334,24.3285,6.0,-4,20.90185671068646,55.0,0.06533333333333333,0.0,0.0,0.0,0.0,40.99265913838246,optimal
2021-02-07 14:30:00,4,81,0.0,0.0,0.0,0.061,28.917,6.0,-4,20.750248340517224,55.0,0.06533333333333333,0.0,0.0,0.0,0.0,40.49588058616513,optimal
2021-02-07 15:00:00,4,81,0.0,0.0,0.0,0.38606666666666667,31.3635,6.0,-4,20.583402177987615,55.0,0.06533333333333333,0.0,0.0,0.0,0.0,39.99959881250002,optimal
2021-02-07 15:30:00,4,81,0.0,0.0,0.0,0.0663,33.306,6.0,-4,20.446982735022207,55.0,0.06533333333333333,0.0,0.0,0.0,0.0,39.50381332060857,optimal
2021-02-07 16:00:00,4,81,0.0,0.0,0.0,0.6705,31.3425,6.0,-4,20.282338307217266,55.0,0.06533333333333333,0.0,0.0,0.0,0.0,39.00852361420902,optimal
2021-02-07 16:30:00,4,81,0.0,0.0,0.0,0.6748666666666667,28.2555,6.0,-4,20.184591200694157,55.0,0.059333333333333335,0.0,0.0,0.0,0.0,38.513729197515865,optimal
2021-02-07 17:00:00,4,81,0.0,0.0,0.0,0.12896666666666667,15.6975,6.0,-4,20.107918009358137,55.0,0.056,0.0,0.0,0.0,0.0,38.0194295752394,optimal
2021-02-07 17:30:00,4,81,0.34684953585392747,0.0,0.0,0.21646666666666667,12.5475,6.0,-4,20.0,55.0,0.054,1213.9733754887461,0.0,0.0,0.0,37.52562425258522,optimal
2021-02-07 18:00:00,4,81,0.3422480888876199,0.0,0.0,0.2932333333333333,12.0855,6.0,-4,20.0,55.0,0.04933333333333333,1197.8683111066696,0.0,0.0,0.0,37.03231273525368,optimal
2021-02-07 18:30:00,4,81,1.0222754469703101,0.0,0.0,0.26089999999999997,11.907,6.0,-4,20.0,55.0,0.048,3577.964064396085,0.0,0.0,0.0,36.53949452943948,optimal
2021-02-07 19:00:00,4,81,0.0,0.0,0.0,0.22833333333333328,12.5685,6.0,-4,20.177190369061552,55.0,0.046,0.0,0.0,0.0,0.0,36.04716914183109,optimal
2021-02-07 19:30:00,4,81,0.0,0.0,0.0,0.39226666666666665,13.146,6.0,-4,20.079350998894164,55.0,0.034,0.0,0.0,0.0,0.0,35.55533607961031,optimal
2021-02-07 20:00:00,4,81,0.3440561608683059,0.0,0.0,0.2397,10.584,6.0,-4,20.0,55.0,0.034,1204.1965630390707,0.0,0.0,0.0,35.063994850451756,optimal
2021-02-07 20:30:00,4,81,0.0,0.0,0.0,0.31406666666666666,6.678,6.0,-4,20.0,55.0,0.034,0.0,0.0,0.0,0.0,34.573144962522356,optimal
2021-02-07 21:00:00,4,81,0.0,0.0,0.0,0.4754666666666666,7.938,6.0,-4,19.91204227517507,55.0,0.03266666666666666,0.0,0.0,0.0,0.0,34.538571817559834,optimal
2021-02-07 21:30:00,4,81,0.0,0.0,0.0,0.3353666666666667,5.292,6.0,-4,19.838511889476585,55.0,0.03266666666666666,0.0,0.0,0.0,0.0,34.50403324574228,optimal
2021-02-07 22:00:00,4,81,0.0,0.0,0.0,0.2384333333333333,9.261,6.0,-4,19.753615576772503,55.0,0.01266666666666667,0.0,0.0,0.0,0.0,34.46952921249653,optimal
2021-02-07 22:30:00,4,81,0.0,0.0,0.0,0.5237,10.3635,6.0,-4,19.655347840670576,55.0,0.01266666666666667,0.0,0.0,0.0,0.0,34.43505968328404,optimal
2021-02-07 23:00:00,4,81,0.0,0.0,0.0,0.13103333333333333,8.274,6.0,-4,19.58365339918802,55.0,0.01266666666666667,0.0,0.0,0.0,0.0,34.400624623600756,optimal
2021-02-07 23:30:00,4,81,0.0,0.0,0.0,0.0793,7.7175,6.0,-4,19.473208649386624,55.0,0.01066666666666667,0.0,0.0,0.0,0.0,34.366223998977155,optimal
2021-02-08 00:00:00,4,81,2.0,0.0,5.0,0.09776666666666668,5.9745,6.0,0,19.473208649386624,55.0,0.01066666666666667,6860.666666666667,0.0,139.33333333333334,0.0,36.706857774978175,optimal
2021-02-08 00:30:00,4,81,0.0,0.0,0.0,0.14683333333333334,7.938,6.0,0,19.874641680206548,55.0,0.010000000000000004,0.0,0.0,0.0,0.0,36.670150917203195,optimal
2021-02-08 01:00:00,4,81,0.0,0.0,0.0,0.058,8.6835,6.0,0,19.746366374114253,55.0,0.010000000000000004,0.0,0.0,0.0,0.0,36.63348076628599,optimal
2021-02-08 01:30:00,4,81,1.0217973868773844,0.0,0.0,0.14153333333333334,7.665,6.0,0,19.604097300784616,55.0,0.03266666666666666,1207.6241874041793,0.0,2368.666666666666,0.0,36.59684728551971,optimal
2021-02-08 02:00:00,4,81,2.0,0.0,5.0,0.10573333333333332,6.7725,6.0,0,19.561047495603415,55.0,0.03266666666666666,7000.0,0.0,0.0,0.0,38.935250438234185,optimal
2021-02-08 02:30:00,4,81,2.0,0.0,5.0,0.058,5.5755,6.0,0,19.95666301000461,55.0,0.03266666666666666,7000.0,0.0,0.0,0.0,41.27131518779595,optimal
2021-02-08 03:00:00,4,81,2.0,0.0,5.0,0.12363333333333335,5.0925,6.0,0,20.34558378615737,55.0,0.03266666666666666,7000.0,0.0,0.0,0.0,43.60504387260815,optimal
2021-02-08 03:30:00,4,81,2.0,0.0,5.0,0.12363333333333335,4.1895,6.0,0,20.736509067407336,55.0,0.03266666666666666,7000.0,0.0,0.0,0.0,45.93643882873554,optimal
2021-02-08 04:00:00,4,81,2.0,0.0,0.04448616163360061,0.06396666666666667,7.056,6.0,0,21.123534541617758,55.0,0.03266666666666666,7000.0,0.0,0.0,0.0,45.91163331668277,optimal
2021-02-08 04:30:00,4,81,2.0,0.0,5.0,0.18330000000000002,5.271,6.0,0,21.502147316239753,55.0,0.03266666666666666,7000.0,0.0,0.0,0.0,48.240721683366075,optimal
2021-02-08 05:00:00,4,81,2.0,0.0,0.0,0.058,7.938,6.0,0,21.88562172263042,55.0,0.03266666666666666,7000.0,0.0,0.0,0.0,48.192480961682705,optimal
2021-02-08 05:30:00,4,81,2.0,0.0,0.0,0.058,7.938,6.0,0,22.255270484027555,55.0,0.03266666666666666,7000.0,0.0,0.0,0.0,48.144288480721016,optimal
2021-02-08 06:00:00,4,81,0.0,0.0,0.0,0.12363333333333335,11.907,6.0,0,22.621207620658712,55.0,0.03266666666666666,0.0,0.0,0.0,0.0,48.096144192240295,optimal
2021-02-08 06:30:00,4,81,0.0,0.0,0.0,0.12363333333333335,11.025,6.0,0,22.4549760149148,55.0,0.03266666666666666,0.0,0.0,0.0,0.0,48.048048048048045,optimal
2021-02-08 07:00:00,4,81,0.0,0.0,0.0,0.06720000000000001,11.2875,6.0,0,22.289772431045733,55.0,0.03266666666666666,0.0,0.0,0.0,0.0,48.0,optimal
2021-02-08 07:30:00,4,81,0.0,0.0,0.0,0.13836666666666667,12.936,6.0,0,22.13183979556828,55.0,0.030666666666666665,0.0,0.0,0.0,0.0,47.47948855880459,optimal
2021-02-08 08:00:00,4,81,0.0,0.0,0.0,0.23376666666666668,13.0095,6.0,0,22.0,55.0,0.028666666666666667,0.0,0.0,0.0,0.0,46.959497629050375,optimal
2021-02-08 08:30:00,4,81,0.0,0.0,0.0,0.058,13.671,6.0,0,21.84165620652707,55.0,0.028666666666666667,0.0,0.0,0.0,0.0,46.44002669022591,optimal
2021-02-08 09:00:00,4,81,0.0,0.0,0.0,0.06,13.188,6.0,0,21.658111582327432,55.0,0.028666666666666667,0.0,0.0,0.0,0.0,45.92107522234028,optimal
2021-02-08 09:30:00,4,81,0.0,0.0,0.0,0.19793333333333332,13.8495,6.0,0,21.47530588059268,55.0,0.028666666666666667,0.0,0.0,0.0,0.0,45.40264270592253,optimal
2021-02-08 10:00:00,4,81,0.0,0.0,0.0,0.058,13.23,6.0,0,21.30544795814408,55.0,0.028666666666666667,0.0,0.0,0.0,0.0,44.8847286220212,optimal
2021-02-08 10:30:00,4,81,0.0,0.0,0.0,0.06396666666666667,13.3665,6.0,0,21.128414810086714,55.0,0.028666666666666667,0.0,0.0,0.0,0.0,44.36733245220377,optimal
2021-02-08 11:00:00,4,81,0.0,0.0,0.0,0.18330000000000002,13.0515,6.0,0,20.952075497845154,55.0,0.028666666666666667,0.0,0.0,0.0,0.0,43.85045367855616,optimal
2021-02-08 11:30:00,4,81,0.0,0.0,0.0,0.06366666666666666,13.5345,6.0,0,20.785063922890348,55.0,0.028666666666666667,0.0,0.0,0.0,0.0,43.33409178368219,optimal
2021-02-08 12:00:00,4,81,0.0,0.0,0.0,0.1747,14.154,6.0,0,20.610864450056066,55.0,0.028666666666666667,0.0,0.0,0.0,0.0,42.8182462507031,optimal
2021-02-08 12:30:00,4,81,0.0,0.0,0.0,0.07590000000000001,14.112,6.0,0,20.447730194729083,55.0,0.028666666666666667,0.0,0.0,0.0,0.0,42.302916563256986,optimal
2021-02-08 13:00:00,4,81,0.0,0.0,0.0,0.058,14.2485,6.0,0,20.28053190041619,55.0,0.028666666666666667,0.0,0.0,0.0,0.0,41.78810220549832,optimal
2021-02-08 13:30:00,4,81,0.7506790300734169,0.0,0.0,0.17966666666666667,12.789,6.0,0,20.115217111355943,55.0,0.028666666666666667,2627.376605256959,0.0,0.0,0.0,41.27380266209741,optimal
2021-02-08 14:00:00,4,81,0.0,0.0,0.0,0.07793333333333334,13.0095,6.0,0,20.161584348947247,55.0,0.028666666666666667,0.0,0.0,0.0,0.0,40.760017418239904,optimal
2021-02-08 14:30:00,4,81,2.0,0.0,0.0,0.07590000000000001,12.1275,6.0,0,20.0,55.0,0.028666666666666667,7000.0,0.0,0.0,0.0,40.24674595962625,optimal
2021-02-08 15:00:00,4,81,1.4681922123368125,0.0,0.0,0.17136666666666667,12.348,6.0,0,20.372464917137766,55.0,0.028666666666666667,5138.672743178843,0.0,0.0,0.0,39.73398777247122,optimal
2021-02-08 15:30:00,4,81,2.0,0.0,0.0,0.059333333333333335,12.348,6.0,0,20.605727034343474,55.0,0.028666666666666667,7000.0,0.0,0.0,0.0,39.22174234350334,optimal
2021-02-08 16:00:00,4,81,0.0,0.0,0.0,0.17733333333333334,25.389,6.0,0,20.970585859038916,55.0,0.028666666666666667,0.0,0.0,0.0,0.0,38.71000915996443,optimal
2021-02-08 16:30:00,4,81,0.0,0.0,0.0,0.06993333333333333,29.1375,6.0,0,20.808262579011952,55.0,0.028666666666666667,0.0,0.0,0.0,0.0,38.19878770960906,optimal
2021-02-08 17:00:00,4,81,0.0,0.0,0.0,0.11170000000000001,30.597,6.0,0,20.63786300085106,55.0,0.028666666666666667,0.0,0.0,0.0,0.0,37.68807748070404,optimal
2021-02-08 17:30:00,4,81,0.0,0.0,0.0,0.17956666666666665,33.684,6.0,0,20.470827012006026,55.0,0.02666666666666667,0.0,0.0,0.0,0.0,37.17787796202793,optimal
2021-02-08 18:00:00,4,81,0.0,0.0,0.0,0.21,32.445,6.0,0,20.31347323096663,55.0,0.022,0.0,0.0,0.0,0.0,36.66818864287049,optimal
2021-02-08 18:30:00,4,81,0.0,0.0,0.0,0.34726666666666667,28.917,6.0,0,20.17637570012958,55.0,0.017333333333333333,0.0,0.0,0.0,0.0,36.15900901303221,optimal
2021-02-08 19:00:00,4,81,0.0,0.0,0.0,0.20753333333333332,15.876,6.0,0,20.085591338841933,55.0,0.016,0.0,0.0,0.0,0.0,35.65033856282377,optimal
2021-02-08 19:30:00,4,81,0.194931451585951,0.0,0.0,0.4408666666666667,12.348,6.0,0,20.0,55.0,0.016,682.2600805508284,0.0,0.0,0.0,35.614688224260945,optimal
2021-02-08 20:00:00,4,81,0.2656860102815985,0.0,0.0,0.334,12.1275,6.0,0,20.0,55.0,0.016,929.9010359855947,0.0,0.0,0.0,35.57907353603668,optimal
2021-02-08 20:30:00,4,81,0.0,0.0,0.0,0.6288666666666667,12.348,6.0,0,20.0,55.0,0.016,0.0,0.0,0.0,0.0,35.54349446250065,optimal
2021-02-08 21:00:00,4,81,0.0,0.0,0.0,0.3989333333333333,12.1275,6.0,0,19.9390493351457,55.0,0.014,0.0,0.0,0.0,0.0,35.507950968038145,optimal
2021-02-08 21:30:00,4,81,0.0,0.0,0.0,0.8140333333333333,12.1275,6.0,0,19.84614515975317,55.0,0.0,0.0,0.0,0.0,0.0,35.472443017070105,optimal
2021-02-08 22:00:00,4,81,0.0,0.0,0.0,0.1396,11.2665,6.0,0,19.7937499944205,55.0,0.0,0.0,0.0,0.0,0.0,35.436970574053035,optimal
2021-02-08 22:30:00,4,81,0.0,0.0,0.0,0.07993333333333334,10.143,6.0,0,19.650327474845515,55.0,0.0,0.0,0.0,0.0,0.0,35.40153360347898,optimal
2021-02-08 23:00:00,4,81,0.0,0.0,0.0,0.1873333333333333,11.2455,6.0,0,19.503183855162206,55.0,0.0,0.0,0.0,0.0,0.0,35.366132069875505,optimal
2021-02-08 23:30:00,4,81,0.0,0.0,0.0,0.066,11.025,6.0,0,19.36508472437947,55.0,0.0,0.0,0.0,0.0,0.0,35.33076593780563,optimal
2021-02-09 00:00:00,4,81,0.0,0.0,0.0,0.0678,11.466,6.0,2,19.36508472437947,55.0,0.0,0.0,0.0,0.0,0.0,35.29543517186782,optimal
2021-02-09 00:30:00,4,81,2.0,0.0,5.0,0.25853333333333334,10.8045,6.0,2,19.223786274824207,55.0,0.06698564593301436,0.0,0.0,7000.0,0.0,37.635139736695955,optimal
2021-02-09 01:00:00,4,81,2.0,0.0,5.0,0.056,10.584,6.0,2,19.09385123230476,55.0,0.1339712918660287,0.0,0.0,7000.0,0.0,39.97250459695926,optimal
2021-02-09 01:30:00,4,81,2.0,0.0,3.2167331444777334,0.19290000000000002,11.2455,6.0,2,18.950071939121308,55.0,0.19066666666666668,1075.333333333333,0.0,5924.666666666667,0.0,41.460480335989224,optimal
2021-02-09 02:00:00,4,81,0.0,0.0,0.0,0.10856666666666666,12.1275,6.0,2,18.898610701394073,55.0,0.19066666666666668,0.0,0.0,0.0,0.0,41.419019855653225,optimal
2021-02-09 02:30:00,4,81,1.2499853332433177,0.0,0.0,0.1823333333333333,11.823,6.0,2,18.758033452483243,55.0,0.19066666666666668,4374.948666351612,0.0,0.0,0.0,41.377600835797566,optimal
2021-02-09 03:00:00,4,81,2.0,0.0,0.0,0.11586666666666666,11.7705,6.0,2,18.958192403666988,55.0,0.19066666666666668,7000.0,0.0,0.0,0.0,41.33622323496177,optimal
2021-02-09 03:30:00,4,81,2.0,0.0,5.0,0.1688,11.13,6.0,2,19.352021063075465,55.0,0.19066666666666668,7000.0,0.0,0.0,0.0,43.6698870117268,optimal
2021-02-09 04:00:00,4,81,2.0,0.0,0.0,0.16573333333333332,11.6865,6.0,2,19.747285142206103,55.0,0.19066666666666668,7000.0,0.0,0.0,0.0,43.626217124715076,optimal
2021-02-09 04:30:00,4,81,2.0,0.0,5.0,0.066,10.7205,6.0,2,20.13970400879836,55.0,0.19066666666666668,7000.0,0.0,0.0,0.0,45.95759090759036,optimal
2021-02-09 05:00:00,4,81,2.0,0.0,0.0,0.19713333333333333,11.424,6.0,2,20.52016663650859,55.0,0.19066666666666668,7000.0,0.0,0.0,0.0,45.91163331668277,optimal
2021-02-09 05:30:00,4,81,2.0,0.0,5.0,0.14006666666666667,10.689,6.0,2,20.906831128897352,55.0,0.188,7000.0,0.0,0.0,0.0,48.240721683366075,optimal
2021-02-09 06:00:00,4,81,2.0,0.0,0.0,0.2502666666666667,11.361,6.0,2,21.292387528097553,55.0,0.16266666666666665,7000.0,0.0,0.0,0.0,48.192480961682705,optimal
2021-02-09 06:30:00,4,81,2.0,0.0,0.0,0.3216,11.571,6.0,2,21.711753799109935,55.0,0.15133333333333332,7000.0,0.0,0.0,0.0,48.144288480721016,optimal
2021-02-09 07:00:00,4,81,0.0,0.0,0.0,0.7683,14.3745,6.0,2,22.127334537082884,55.0,0.09666666666666666,0.0,0.0,0.0,0.0,48.096144192240295,optimal
2021-02-09 07:30:00,4,81,0.0,0.0,0.0,1.9354333333333327,13.23,6.0,2,22.026827417936335,55.0,0.09466666666666666,0.0,0.0,0.0,0.0,48.048048048048045,optimal
2021-02-09 08:00:00,4,81,0.0,0.0,0.0,0.13356666666666667,13.9755,6.0,2,21.978983499761103,55.0,0.09133333333333334,0.0,0.0,0.0,0.0,48.0,optimal
2021-02-09 08:30:00,4,81,0.0,0.0,0.0,0.13140000000000002,14.994,6.0,2,21.855125643383374,55.0,0.09133333333333334,0.0,0.0,0.0,0.0,47.29499159853109,optimal
2021-02-09 09:00:00,4,81,0.0,0.0,0.0,0.14703333333333332,13.671,6.0,2,21.67049146313277,55.0,0.09133333333333334,0.0,0.0,0.0,0.0,46.59068820546365,optimal
2021-02-09 09:30:00,4,81,0.0,0.0,0.0,0.1221,15.981,6.0,2,21.490008457406844,55.0,0.09133333333333334,0.0,0.0,0.0,0.0,45.88708911578928,optimal
2021-02-09 10:00:00,4,81,0.0,0.0,0.0,0.1688,15.6345,6.0,2,21.31187488296738,55.0,0.09133333333333334,0.0,0.0,0.0,0.0,45.184193625204585,optimal
2021-02-09 10:30:00,4,81,0.0,0.0,0.0,0.16573333333333332,16.5375,6.0,2,21.14152936899829,55.0,0.09133333333333334,0.0,0.0,0.0,0.0,44.482001030110474,optimal
2021-02-09 11:00:00,4,81,0.0,0.0,0.0,0.066,14.7735,6.0,2,20.974667921957007,55.0,0.09133333333333334,0.0,0.0,0.0,0.0,43.780510627611456,optimal
2021-02-09 11:30:00,4,81,0.0,0.0,0.0,0.24309999999999998,15.2145,6.0,2,20.803892461578645,55.0,0.09133333333333334,0.0,0.0,0.0,0.0,43.079721715514935,optimal
2021-02-09 12:00:00,4,81,0.0,0.0,0.0,0.09143333333333334,14.553,6.0,2,20.64856702082308,55.0,0.09133333333333334,0.0,0.0,0.0,0.0,42.379633592330514,optimal
2021-02-09 12:30:00,4,81,0.0,0.0,0.0,0.16573333333333332,14.3325,6.0,2,20.483498610737048,55.0,0.09133333333333334,0.0,0.0,0.0,0.0,41.680245557269274,optimal
2021-02-09 13:00:00,4,81,0.0,0.0,0.0,0.1034,14.595,6.0,2,20.325110571770814,55.0,0.09133333333333334,0.0,0.0,0.0,0.0,40.9815569102431,optimal
2021-02-09 13:30:00,4,81,0.0,0.0,0.0,0.08053333333333333,14.994,6.0,2,20.162930562699586,55.0,0.09133333333333334,0.0,0.0,0.0,0.0,40.283566951863946,optimal
2021-02-09 14:00:00,4,81,0.5575014351617983,0.0,0.0,0.254,14.3325,6.0,2,20.0,55.0,0.09133333333333334,1951.2550230662941,0.0,0.0,0.0,39.586274983443175,optimal
2021-02-09 14:30:00,4,81,0.6128735896476495,0.0,0.0,0.066,13.8915,6.0,2,20.0,55.0,0.09133333333333334,2145.0575637667735,0.0,0.0,0.0,38.889680306990826,optimal
2021-02-09 15:00:00,4,81,0.6145314775833214,0.0,0.0,0.066,13.8915,6.0,2,20.0,55.0,0.09133333333333334,2150.860171541625,0.0,0.0,0.0,38.193782225214925,optimal
2021-02-09 15:30:00,4,81,0.5615427399011471,0.0,0.0,0.39413333333333334,13.4715,6.0,2,20.0,55.0,0.08866666666666667,1965.399589654015,0.0,0.0,0.0,37.4985800415208,optimal
2021-02-09 16:00:00,4,81,2.0,0.0,0.0,0.26353333333333334,13.23,6.0,2,20.046625130105557,55.0,0.088,7000.0,0.0,0.0,0.0,37.46108146147928,optimal
2021-02-09 16:30:00,4,81,0.0,0.0,0.0,0.5288999999999999,13.8915,6.0,2,20.47959424933242,55.0,0.03666666666666666,0.0,0.0,0.0,0.0,37.4236203800178,optimal
2021-02-09 17:00:00,4,81,0.0,0.0,0.0,0.3328333333333333,26.9325,6.0,2,20.414351524126968,55.0,0.03666666666666666,0.0,0.0,0.0,0.0,37.386196759637784,optimal
2021-02-09 17:30:00,4,81,0.0,0.0,0.0,1.0954000000000002,30.303,6.0,2,20.346360016364716,55.0,0.03666666666666666,0.0,0.0,0.0,0.0,37.34881056287814,optimal
2021-02-09 18:00:00,4,81,0.0,0.0,0.0,0.8909333333333332,32.886,6.0,2,20.329667484245785,55.0,0.033333333333333326,0.0,0.0,0.0,0.0,37.31146175231527,optimal
2021-02-09 18:30:00,4,81,0.0,0.0,0.0,0.10566666666666669,34.9965,6.0,2,20.299606052881636,55.0,0.033333333333333326,0.0,0.0,0.0,0.0,37.27415029056295,optimal
2021-02-09 19:00:00,4,81,0.0,0.0,0.0,0.12196666666666668,33.327,6.0,2,20.21414206929127,55.0,0.02933333333333333,0.0,0.0,0.0,0.0,37.236876140272386,optimal
2021-02-09 19:30:00,4,81,0.0,0.0,0.0,0.5541333333333334,31.122,6.0,2,20.134609047015026,55.0,0.027333333333333328,0.0,0.0,0.0,0.0,37.19963926413212,optimal
2021-02-09 20:00:00,4,81,0.0,0.0,0.0,0.32043333333333335,17.9025,6.0,2,20.07708103855219,55.0,0.027333333333333328,0.0,0.0,0.0,0.0,37.162439624867986,optimal
2021-02-09 20:30:00,4,81,0.0,0.0,0.0,0.6419,15.6555,6.0,2,20.0,55.0,0.023333333333333327,0.0,0.0,0.0,0.0,37.12527718524312,optimal
2021-02-09 21:00:00,4,81,0.0,0.0,0.0,0.3204666666666666,14.553,6.0,2,19.943484336540628,55.0,0.023333333333333327,0.0,0.0,0.0,0.0,37.08815190805788,optimal
2021-02-09 21:30:00,4,81,0.0,0.0,0.0,0.2845,14.3325,6.0,2,19.861365139368964,55.0,0.022,0.0,0.0,0.0,0.0,37.05106375614982,optimal
2021-02-09 22:00:00,4,81,0.0,0.0,0.0,0.3343,13.335,6.0,2,19.768562370023737,55.0,0.004,0.0,0.0,0.0,0.0,37.01401269239367,optimal
2021-02-09 22:30:00,4,81,0.0,0.0,0.0,0.18906666666666663,12.1275,6.0,2,19.673317706430833,55.0,0.0,0.0,0.0,0.0,0.0,36.976998679701275,optimal
2021-02-09 23:00:00,4,81,0.0,0.0,0.0,0.1974,12.2955,6.0,2,19.569422018888165,55.0,0.0,0.0,0.0,0.0,0.0,36.94002168102158,optimal
2021-02-09 23:30:00,4,81,0.0,0.0,0.0,0.3368,11.6865,6.0,2,19.47924162894605,55.0,0.0,0.0,0.0,0.0,0.0,36.90308165934056,optimal
2021-02-10 00:00:00,4,81,2.0,0.0,0.0,0.1868333333333333,11.844,6.0,-4,19.47924162894605,55.0,0.0,7000.0,0.0,0.0,0.0,36.86617857768122,optimal
2021-02-10 00:30:00,4,81,2.0,0.0,0.0,0.0775,11.508,6.0,-4,19.87280265193199,55.0,0.029333333333333333,3934.6666666666665,0.0,3065.3333333333335,0.0,36.829312399103536,optimal
2021-02-10 01:00:00,4,81,2.0,0.0,0.0,0.057,11.508,6.0,-4,20.020046970536484,55.0,0.029333333333333333,7000.0,0.0,0.0,0.0,36.79248308670443,optimal
2021-02-10 01:30:00,4,81,2.0,0.0,5.0,0.057,10.4475,6.0,-4,20.397160860124266,55.0,0.029333333333333333,7000.0,0.0,0.0,0.0,39.13069060361772,optimal
2021-02-10 02:00:00,4,81,2.0,0.0,5.0,0.057,10.8675,6.0,-4,20.7700548689649,55.0,0.029333333333333333,7000.0,0.0,0.0,0.0,41.4665599130141,optimal
2021-02-10 02:30:00,4,81,2.0,0.0,5.0,0.2073333333333333,10.542,6.0,-4,21.138766320208905,55.0,0.029333333333333333,7000.0,0.0,0.0,0.0,43.80009335310109,optimal
2021-02-10 03:00:00,4,81,2.0,0.0,4.741185555268969,0.057,11.025,6.0,-4,21.515674044023893,55.0,0.029333333333333333,7000.0,0.0,0.0,0.0,46.00835639850075,optimal
2021-02-10 03:30:00,4,81,2.0,0.0,5.0,0.057,11.025,6.0,-4,21.877790793100964,55.0,0.029333333333333333,7000.0,0.0,0.0,0.0,48.33734804210225,optimal
2021-02-10 04:00:00,4,81,2.0,0.0,0.0,0.17316666666666666,14.553,6.0,-4,22.236704764956496,55.0,0.029333333333333333,7000.0,0.0,0.0,0.0,48.289010694060146,optimal
2021-02-10 04:30:00,4,81,2.0,0.0,0.0,0.09116666666666669,13.0935,6.0,-4,22.60129771477068,55.0,0.029333333333333333,7000.0,0.0,0.0,0.0,48.240721683366075,optimal
2021-02-10 05:00:00,4,81,0.0,0.0,0.0,0.057,15.6345,6.0,-4,22.95553204800269,55.0,0.029333333333333333,0.0,0.0,0.0,0.0,48.192480961682705,optimal
2021-02-10 05:30:00,4,81,0.0,0.0,0.0,0.20766666666666664,18.102,6.0,-4,22.76965284289913,55.0,0.029333333333333333,0.0,0.0,0.0,0.0,48.144288480721016,optimal
2021-02-10 06:00:00,4,81,0.0,0.0,0.0,0.064,17.199,6.0,-4,22.595990582160898,55.0,0.029333333333333333,0.0,0.0,0.0,0.0,48.096144192240295,optimal
2021-02-10 06:30:00,4,81,0.0,0.0,0.0,0.16566666666666666,18.2805,6.0,-4,22.411522457251753,55.0,0.029333333333333333,0.0,0.0,0.0,0.0,48.048048048048045,optimal
2021-02-10 07:00:00,4,81,0.0,0.0,0.0,0.096,17.4615,6.0,-4,22.24142949249174,55.0,0.011333333333333334,0.0,0.0,0.0,0.0,48.0,optimal
2021-02-10 07:30:00,4,81,0.0,0.0,0.0,0.48143333333333327,18.3225,6.0,-4,22.08253093837866,55.0,0.011333333333333334,0.0,0.0,0.0,0.0,47.72536305862651,optimal
2021-02-10 08:00:00,4,81,0.0,0.0,0.0,0.48633333333333334,17.094,6.0,-4,21.94774148270968,55.0,0.011333333333333334,0.0,0.0,0.0,0.0,47.4510007541944,optimal
2021-02-10 08:30:00,4,81,0.0,0.0,0.0,0.057,17.094,6.0,-4,21.79538793529101,55.0,0.011333333333333334,0.0,0.0,0.0,0.0,47.176912812066725,optimal
2021-02-10 09:00:00,4,81,0.0,0.0,0.0,0.4219,17.094,6.0,-4,21.60321740415837,55.0,0.011333333333333334,0.0,0.0,0.0,0.0,46.90309895788117,optimal
2021-02-10 09:30:00,4,81,0.0,0.0,0.0,0.1446,17.3565,6.0,-4,21.446796819338175,55.0,0.010666666666666666,0.0,0.0,0.0,0.0,46.6295589175498,optimal
2021-02-10 10:00:00,4,81,0.0,0.0,0.0,0.14366666666666666,17.115,6.0,-4,21.297042057792318,55.0,0.010666666666666666,0.0,0.0,0.0,0.0,46.356292417258764,optimal
2021-02-10 10:30:00,4,81,0.0,0.0,0.0,0.098,17.241,6.0,-4,21.151650963035955,55.0,0.010666666666666666,0.0,0.0,0.0,0.0,46.08329918346802,optimal
2021-02-10 11:00:00,4,81,0.0,0.0,0.0,0.16633333333333333,17.094,6.0,-4,20.97493222656274,55.0,0.010666666666666666,0.0,0.0,0.0,0.0,45.81057894291107,optimal
2021-02-10 11:30:00,4,81,2.0,0.0,0.0,0.057,16.5165,6.0,-4,20.80631108983039,55.0,0.010666666666666666,7000.0,0.0,0.0,0.0,45.538131422594674,optimal
2021-02-10 12:00:00,4,81,0.0,0.0,0.0,0.08466666666666667,17.8185,6.0,-4,21.165225229843582,55.0,0.010666666666666666,0.0,0.0,0.0,0.0,45.26595634979859,optimal
2021-02-10 12:30:00,4,81,0.0,0.0,0.0,0.276,17.094,6.0,-4,20.990440475488974,55.0,0.008,0.0,0.0,0.0,0.0,44.994053452075306,optimal
2021-02-10 13:00:00,4,81,2.0,0.0,0.0,0.38739999999999997,16.8945,6.0,-4,20.838566709226008,55.0,0.008,7000.0,0.0,0.0,0.0,44.72242245724975,optimal
2021-02-10 13:30:00,4,81,0.0,0.0,0.0,0.5407666666666666,18.123,6.0,-4,21.23492146442162,55.0,0.008,0.0,0.0,0.0,0.0,44.451063093419016,optimal
2021-02-10 14:00:00,4,81,0.0,0.0,0.0,0.21,31.647,6.0,-4,21.114778124457292,55.0,0.008,0.0,0.0,0.0,0.0,44.17997508895211,optimal
2021-02-10 14:30:00,4,81,0.0,0.0,0.0,0.16916666666666666,34.9965,6.0,-4,20.967989615913396,55.0,0.008,0.0,0.0,0.0,0.0,43.909158172489676,optimal
2021-02-10 15:00:00,4,81,0.0,0.0,0.0,0.2105,34.9965,6.0,-4,20.816638601337775,55.0,0.008,0.0,0.0,0.0,0.0,43.6386120729437,optimal
2021-02-10 15:30:00,4,81,0.0,0.0,0.0,0.2677,34.9965,6.0,-4,20.657328216500698,55.0,0.007333333333333333,0.0,0.0,0.0,0.0,43.36833651949727,optimal
2021-02-10 16:00:00,4,81,0.0,0.0,0.0,0.41403333333333336,34.9965,6.0,-4,20.53165663576452,55.0,0.007333333333333333,0.0,0.0,0.0,0.0,43.098331241604285,optimal
2021-02-10 16:30:00,4,81,0.0,0.0,0.0,0.358,34.9965,6.0,-4,20.42068967428297,55.0,0.004666666666666667,0.0,0.0,0.0,0.0,42.8285959689892,optimal
2021-02-10 17:00:00,4,81,0.0,0.0,0.0,0.21616666666666662,27.741,6.0,-4,20.295770699426278,55.0,0.004666666666666667,0.0,0.0,0.0,0.0,42.55913043164672,optimal
2021-02-10 17:30:00,4,81,0.0,0.0,0.0,0.4625666666666667,19.026,6.0,-4,20.15878616816653,55.0,0.002666666666666666,0.0,0.0,0.0,0.0,42.28993435984159,optimal
2021-02-10 18:00:00,4,81,0.3394670844528046,0.0,0.0,0.0767,18.7215,6.0,-4,20.049733735034607,55.0,0.002666666666666666,1188.1347955848162,0.0,0.0,0.0,42.02100748410826,optimal
2021-02-10 18:30:00,4,81,0.5595651044154694,0.0,0.0,0.085,17.4195,6.0,-4,20.0,55.0,0.001333333333333333,1958.4778654541428,0.0,0.0,0.0,41.752349535250666,optimal
2021-02-10 19:00:00,4,81,0.5670756736355979,0.0,0.0,0.1447,16.758,6.0,-4,20.0,55.0,0.001333333333333333,1984.7648577245925,0.0,0.0,0.0,41.48396024434193,optimal
2021-02-10 19:30:00,4,81,0.5369935889219822,0.0,0.0,0.23333333333333328,14.217,6.0,-4,20.0,55.0,0.0,1879.477561226938,0.0,0.0,0.0,41.2158393427241,optimal
2021-02-10 20:00:00,4,81,0.6027210280178922,0.0,0.0,0.15330000000000002,13.3665,6.0,-4,20.0,55.0,0.0,2109.5235980626226,0.0,0.0,0.0,40.94798656200789,optimal
2021-02-10 20:30:00,4,81,0.0,0.0,0.0,0.9488,12.789,6.0,-4,20.0,55.0,0.0,0.0,0.0,0.0,0.0,40.680401634072396,optimal
2021-02-10 21:00:00,4,81,0.0,0.0,0.0,0.149,11.907,6.0,-4,19.867333773029,55.0,0.0,0.0,0.0,0.0,0.0,40.41308429106484,optimal
2021-02-10 21:30:00,4,81,0.0,0.0,0.0,0.13533333333333333,11.7075,6.0,-4,19.693158825988874,55.0,0.0,0.0,0.0,0.0,0.0,40.14603426540029,optimal
2021-02-10 22:00:00,4,81,0.6369523809523808,0.0,0.0,0.08066666666666668,10.8045,6.0,-4,19.506658138966316,55.0,0.02133333333333333,0.0,0.0,2229.333333333333,0.0,39.879251289761406,optimal
2021-02-10 22:30:00,4,81,0.0,0.0,0.0,0.9813999999999999,11.508,6.0,-4,19.304815988922027,55.0,0.019999999999999997,0.0,0.0,0.0,0.0,39.839372038471645,optimal
2021-02-10 23:00:00,4,81,0.0,0.0,0.0,1.0245,11.508,6.0,-4,19.136422107958396,55.0,0.018,0.0,0.0,0.0,0.0,39.79953266643317,optimal
2021-02-10 23:30:00,4,81,0.0,0.0,0.0,0.2557666666666667,11.508,6.0,-4,18.98463986500013,55.0,0.0,0.0,0.0,0.0,0.0,39.75973313376674,optimal
2021-02-11 00:00:00,4,81,2.0,0.0,0.0,0.049,11.2455,6.0,1,18.98463986500013,55.0,0.0,7000.0,0.0,0.0,0.0,39.71997340063297,optimal
2021-02-11 00:30:00,4,81,2.0,0.0,0.0,0.12553333333333333,11.025,6.0,1,19.336013651131605,55.0,0.06698564593301436,0.0,0.0,7000.0,0.0,39.68025342723234,optimal
2021-02-11 01:00:00,4,81,1.0834212742837905,0.0,0.0,0.049,12.0855,6.0,1,19.157504914999578,55.0,0.10266666666666667,63.307793326600915,0.0,3728.6666666666665,0.0,39.6405731738051,optimal
2021-02-11 01:30:00,4,81,2.0,0.0,0.0,0.049,11.6865,6.0,1,18.980451516691414,55.0,0.10266666666666667,7000.0,0.0,0.0,0.0,39.600932600631296,optimal
2021-02-11 02:00:00,4,81,2.0,0.0,0.0,0.1852666666666667,11.2245,6.0,1,19.333631266762787,55.0,0.10266666666666667,7000.0,0.0,0.0,0.0,39.56133166803067,optimal
2021-02-11 02:30:00,4,81,2.0,0.0,0.0,0.12713333333333335,11.025,6.0,1,19.69407259605034,55.0,0.10266666666666667,7000.0,0.0,0.0,0.0,39.521770336362636,optimal
2021-02-11 03:00:00,4,81,2.0,0.0,5.0,0.1242,10.7835,6.0,1,20.046010982082414,55.0,0.10266666666666667,7000.0,0.0,0.0,0.0,41.85724856602627,optimal
2021-02-11 03:30:00,4,81,2.0,0.0,0.0,0.139,11.025,6.0,1,20.39372859600478,55.0,0.10266666666666667,7000.0,0.0,0.0,0.0,41.81539131746025,optimal
2021-02-11 04:00:00,4,81,2.0,0.0,5.0,0.09820000000000001,10.584,6.0,1,20.74170989153437,55.0,0.10266666666666667,7000.0,0.0,0.0,0.0,44.14857592614278,optimal
2021-02-11 04:30:00,4,81,2.0,0.0,3.804644139928691,0.11793333333333333,11.025,6.0,1,21.08571508522478,55.0,0.10266666666666667,7000.0,0.0,0.0,0.0,45.91163331668277,optimal
2021-02-11 05:00:00,4,81,2.0,0.0,5.0,0.1938,10.4265,6.0,1,21.428181630673578,55.0,0.10266666666666667,7000.0,0.0,0.0,0.0,48.240721683366075,optimal
2021-02-11 05:30:00,4,81,2.0,0.0,0.0,0.049,12.789,6.0,1,21.777288105695977,55.0,0.10266666666666667,7000.0,0.0,0.0,0.0,48.192480961682705,optimal
2021-02-11 06:00:00,4,81,2.0,0.0,0.0,0.18686666666666668,12.684,6.0,1,22.11059548845453,55.0,0.10266666666666667,7000.0,0.0,0.0,0.0,48.144288480721016,optimal
2021-02-11 06:30:00,4,81,0.0,0.0,0.0,0.22286666666666669,16.254,6.0,1,22.45367330418319,55.0,0.09933333333333333,0.0,0.0,0.0,0.0,48.096144192240295,optimal
2021-02-11 07:00:00,4,81,0.0,0.0,0.0,0.18259999999999998,17.64,6.0,1,22.28943915148459,55.0,0.07733333333333334,0.0,0.0,0.0,0.0,48.048048048048045,optimal
2021-02-11 07:30:00,4,81,0.0,0.0,0.0,0.087,19.1625,6.0,1,22.144058014839725,55.0,0.06,0.0,0.0,0.0,0.0,48.0,optimal
2021-02-11 08:00:00,4,81,0.0,0.0,0.0,0.44153333333333333,26.46,6.0,1,22.0,55.0,0.05733333333333333,0.0,0.0,0.0,0.0,47.80660976391775,optimal
2021-02-11 08:30:00,4,81,0.0,0.0,0.0,0.9009666666666668,20.79,6.0,1,21.867454281154394,55.0,0.05266666666666667,0.0,0.0,0.0,0.0,47.61341291807158,optimal
2021-02-11 09:00:00,4,81,0.0,0.0,0.0,0.1586,29.106,6.0,1,21.713059604206187,55.0,0.04933333333333333,0.0,0.0,0.0,0.0,47.42040926907126,optimal
2021-02-11 09:30:00,4,81,0.0,0.0,0.0,0.3778,19.1835,6.0,1,21.552527233586407,55.0,0.04666666666666667,0.0,0.0,0.0,0.0,47.227598623719935,optimal
2021-02-11 10:00:00,4,81,0.0,0.0,0.0,0.20486666666666667,19.6665,6.0,1,21.41670675584327,55.0,0.04533333333333334,0.0,0.0,0.0,0.0,47.034980789013964,optimal
2021-02-11 10:30:00,4,81,0.0,0.0,0.0,0.5429333333333333,19.404,6.0,1,21.286090063660303,55.0,0.04466666666666667,0.0,0.0,0.0,0.0,46.8425555721427,optimal
2021-02-11 11:00:00,4,81,0.0,0.0,0.0,0.34286666666666665,19.047,6.0,1,21.17552970234795,55.0,0.04466666666666667,0.0,0.0,0.0,0.0,46.65032278048831,optimal
2021-02-11 11:30:00,4,81,0.0,0.0,0.0,0.5196333333333333,18.858,6.0,1,21.03640974895315,55.0,0.042666666666666665,0.0,0.0,0.0,0.0,46.45828222162557,optimal
2021-02-11 12:00:00,4,81,0.0,0.0,0.0,0.2511,19.2675,6.0,1,20.91971041664062,55.0,0.042,0.0,0.0,0.0,0.0,46.266433703321695,optimal
2021-02-11 12:30:00,4,81,0.0,0.0,0.0,0.35806666666666664,18.963,6.0,1,20.789049944683317,55.0,0.03933333333333333,0.0,0.0,0.0,0.0,46.07477703353612,optimal
2021-02-11 13:00:00,4,81,0.0,0.0,0.0,0.3093333333333333,18.438,6.0,1,20.669513769311145,55.0,0.036,0.0,0.0,0.0,0.0,45.883312020420334,optimal
2021-02-11 13:30:00,4,81,0.0,0.0,0.0,0.5342,18.7425,6.0,1,20.54587518688387,55.0,0.034,0.0,0.0,0.0,0.0,45.69203847231766,optimal
2021-02-11 14:00:00,4,81,2.0,0.0,0.0,0.6083333333333334,15.2145,6.0,1,20.4369660745233,55.0,0.034,7000.0,0.0,0.0,0.0,45.500956197763095,optimal
2021-02-11 14:30:00,4,81,0.0,0.0,0.0,1.8140333333333334,17.7765,6.0,1,20.878616007169008,55.0,0.034,0.0,0.0,0.0,0.0,45.31006500548308,optimal
2021-02-11 15:00:00,4,81,0.0,0.0,0.0,0.21873333333333328,16.758,6.0,1,20.76968244015124,55.0,0.034,0.0,0.0,0.0,0.0,45.11936470439535,optimal
2021-02-11 15:30:00,4,81,2.0,0.0,0.0,0.2253,16.422,6.0,1,20.610768590570554,55.0,0.034,7000.0,0.0,0.0,0.0,44.928855103608704,optimal
2021-02-11 16:00:00,4,81,0.3720916488049842,0.0,0.0,0.19876666666666667,16.758,6.0,1,20.976721790985806,55.0,0.034,1302.3207708174446,0.0,0.0,0.0,44.73853601242285,optimal
2021-02-11 16:30:00,4,81,0.0,0.0,0.0,0.3023666666666667,29.358,6.0,1,20.89156779715988,55.0,0.03266666666666666,0.0,0.0,0.0,0.0,44.548407240328174,optimal
2021-02-11 17:00:00,4,81,0.0,0.0,0.0,0.26713333333333333,34.9965,6.0,1,20.711452902564986,55.0,0.03133333333333333,0.0,0.0,0.0,0.0,44.3584685970056,optimal
2021-02-11 17:30:00,4,81,0.0,0.0,0.0,0.7305666666666667,34.65,6.0,1,20.554791079363643,55.0,0.028,0.0,0.0,0.0,0.0,44.168719892326344,optimal
2021-02-11 18:00:00,4,81,0.0,0.0,0.0,1.3855666666666666,34.9965,6.0,1,20.44457796153491,55.0,0.026,0.0,0.0,0.0,0.0,43.97916093635177,optimal
2021-02-11 18:30:00,4,81,0.0,0.0,0.0,0.39553333333333335,34.9965,6.0,1,20.385770672344123,55.0,0.008,0.0,0.0,0.0,0.0,43.935181775415415,optimal
2021-02-11 19:00:00,4,81,0.0,0.0,0.0,0.536,30.4815,6.0,1,20.25947014121338,55.0,0.008,0.0,0.0,0.0,0.0,43.89124659364,optimal
2021-02-11 19:30:00,4,81,0.0,0.0,0.0,0.4261333333333333,21.4305,6.0,1,20.134961692826195,55.0,0.006666666666666667,0.0,0.0,0.0,0.0,43.84735534704636,optimal
2021-02-11 20:00:00,4,81,0.45441620972901087,0.0,0.0,0.5306666666666666,14.3325,6.0,1,20.0,55.0,0.005333333333333333,1590.456734051538,0.0,0.0,0.0,43.80350799169931,optimal
2021-02-11 20:30:00,4,81,0.0,0.0,0.0,0.2776,13.692,6.0,1,20.0,55.0,0.005333333333333333,0.0,0.0,0.0,0.0,43.759704483707615,optimal
2021-02-11 21:00:00,4,81,0.0,0.0,0.0,0.37346666666666656,14.007,6.0,1,19.865723731013848,55.0,0.0033333333333333335,0.0,0.0,0.0,0.0,43.71594477922391,optimal
2021-02-11 21:30:00,4,81,0.0,0.0,0.0,0.5121333333333333,12.873,6.0,1,19.724386665414503,55.0,0.0,0.0,0.0,0.0,0.0,43.67222883444469,optimal
2021-02-11 22:00:00,4,81,0.0,0.0,0.0,0.45539999999999997,12.684,6.0,1,19.590220246367835,55.0,0.0,0.0,0.0,0.0,0.0,43.62855660561024,optimal
2021-02-11 22:30:00,4,81,0.0,0.0,0.0,0.1843333333333333,12.306,6.0,1,19.44937155262827,55.0,0.0,0.0,0.0,0.0,0.0,43.58492804900463,optimal
2021-02-11 23:00:00,4,81,0.0,0.0,0.0,0.24973333333333328,10.6365,6.0,1,19.2523523770582,55.0,0.0,0.0,0.0,0.0,0.0,43.541343120955624,optimal
2021-02-11 23:30:00,4,81,0.0,0.0,0.0,0.26946666666666663,11.2455,6.0,1,19.060038124995625,55.0,0.0,0.0,0.0,0.0,0.0,43.49780177783467,optimal
2021-02-12 00:00:00,4,81,2.0,0.0,5.0,0.05213333333333333,8.1585,6.0,1,19.060038124995625,55.0,0.0,7000.0,0.0,0.0,0.0,45.829303976056835,optimal
2021-02-12 00:30:00,4,81,2.0,0.0,0.0,0.07553333333333333,10.3635,6.0,1,19.379442071122142,55.0,0.06698564593301436,0.0,0.0,7000.0,0.0,45.78347467208078,optimal
2021-02-12 01:00:00,4,81,0.2240431284263857,0.0,0.0,0.2355,10.8045,6.0,1,19.16099706455414,55.0,0.07448948277026173,0.0,0.0,784.15094949235,0.0,45.7376911974087,optimal
2021-02-12 01:30:00,4,81,0.0,0.0,0.0,0.13523333333333332,11.025,6.0,1,18.956675680331802,55.0,0.07448948277026173,0.0,0.0,0.0,0.0,45.69195350621129,optimal
2021-02-12 02:00:00,4,81,2.0,0.0,0.0,0.051,10.3635,6.0,1,18.74740425776473,55.0,0.102,4125.15094949235,0.0,2874.8490505076497,0.0,45.64626155270508,optimal
2021-02-12 02:30:00,4,81,2.0,0.0,0.0,0.16733333333333333,10.8045,6.0,1,18.848839287937658,55.0,0.102,7000.0,0.0,0.0,0.0,45.60061529115237,optimal
2021-02-12 03:00:00,4,81,2.0,0.0,0.0,0.13593333333333335,10.059,6.0,1,19.179997985210978,55.0,0.102,7000.0,0.0,0.0,0.0,45.55501467586122,optimal
2021-02-12 03:30:00,4,81,2.0,0.0,0.0,0.23833333333333329,10.584,6.0,1,19.50848800332622,55.0,0.102,7000.0,0.0,0.0,0.0,45.50945966118536,optimal
2021-02-12 04:00:00,4,81,2.0,0.0,5.0,0.051,9.4185,6.0,1,19.84806810486837,55.0,0.102,7000.0,0.0,0.0,0.0,47.83895020152418,optimal
2021-02-12 04:30:00,4,81,2.0,0.0,0.0,0.11296666666666669,10.3635,6.0,1,20.17655871173618,55.0,0.102,7000.0,0.0,0.0,0.0,47.791111251322654,optimal
2021-02-12 05:00:00,4,81,2.0,0.0,1.148822218923816,0.2403,9.8385,6.0,1,20.513057845017308,55.0,0.102,7000.0,0.0,0.0,0.0,48.289010694060146,optimal
2021-02-12 05:30:00,4,81,2.0,0.0,0.0,0.14066666666666666,11.067,6.0,1,20.862476472258038,55.0,0.102,7000.0,0.0,0.0,0.0,48.240721683366075,optimal
2021-02-12 06:00:00,4,81,2.0,0.0,0.0,0.09866666666666668,10.8465,6.0,1,21.20828694034548,55.0,0.102,7000.0,0.0,0.0,0.0,48.192480961682705,optimal
2021-02-12 06:30:00,4,81,0.0,0.0,0.0,0.07959999999999999,13.671,6.0,1,21.554913580030572,55.0,0.102,0.0,0.0,0.0,0.0,48.144288480721016,optimal
2021-02-12 07:00:00,4,81,0.0,0.0,0.0,0.2579666666666666,12.348,6.0,1,21.364413706660752,55.0,0.09666666666666666,0.0,0.0,0.0,0.0,48.096144192240295,optimal
2021-02-12 07:30:00,4,81,0.0,0.0,0.0,1.8557000000000001,14.3325,6.0,1,21.237481654966786,55.0,0.04466666666666667,0.0,0.0,0.0,0.0,48.048048048048045,optimal
2021-02-12 08:00:00,4,81,0.0,0.0,0.0,0.4078,15.393,6.0,1,21.19469335703704,55.0,0.03933333333333333,0.0,0.0,0.0,0.0,48.0,optimal
2021-02-12 08:30:00,4,81,0.0,0.0,0.0,0.17313333333333333,13.587,6.0,1,21.0697594660361,55.0,0.03866666666666667,0.0,0.0,0.0,0.0,47.66776757003331,optimal
2021-02-12 09:00:00,4,81,0.0,0.0,0.0,0.4334333333333333,16.1385,6.0,1,20.88037784180192,55.0,0.03866666666666667,0.0,0.0,0.0,0.0,47.335867372496594,optimal
2021-02-12 09:30:00,4,81,0.0,0.0,0.0,0.10859999999999999,14.595,6.0,1,20.710435738744952,55.0,0.03866666666666667,0.0,0.0,0.0,0.0,47.00429907515741,optimal
2021-02-12 10:00:00,4,81,0.0,0.0,0.0,0.4105,14.637,6.0,1,20.545780316768226,55.0,0.036,0.0,0.0,0.0,0.0,46.67306234611557,optimal
2021-02-12 10:30:00,4,81,0.0,0.0,0.0,0.29846666666666666,13.9125,6.0,1,20.425238613821836,55.0,0.034666666666666665,0.0,0.0,0.0,0.0,46.34215685380277,optimal
2021-02-12 11:00:00,4,81,0.0,0.0,0.0,1.2401666666666666,13.3665,6.0,1,20.335160015892477,55.0,0.034666666666666665,0.0,0.0,0.0,0.0,46.01158226698228,optimal
2021-02-12 11:30:00,4,81,0.0,0.0,0.0,0.9829,13.0095,6.0,1,20.319331378732056,55.0,0.034,0.0,0.0,0.0,0.0,45.68133825474861,optimal
2021-02-12 12:00:00,4,81,0.0,0.0,0.0,0.19473333333333329,13.8915,6.0,1,20.258514585010822,55.0,0.030666666666666665,0.0,0.0,0.0,0.0,45.35142448652718,optimal
2021-02-12 12:30:00,4,81,0.0,0.0,0.0,1.1060333333333332,13.188,6.0,1,20.121435893536674,55.0,0.029333333333333333,0.0,0.0,0.0,0.0,45.02184063207397,optimal
2021-02-12 13:00:00,4,81,0.4304828370434436,0.0,0.0,0.9448666666666667,12.5685,6.0,1,20.0,55.0,0.029333333333333333,1506.6899296520526,0.0,0.0,0.0,44.69258636147521,optimal
2021-02-12 13:30:00,4,81,0.5194442888722837,0.0,0.0,0.2979,12.285,6.0,1,20.0,55.0,0.02666666666666667,1818.055011052993,0.0,0.0,0.0,44.363661345147044,optimal
2021-02-12 14:00:00,4,81,1.4345683648436414,0.0,0.0,0.20183333333333328,11.487,6.0,1,20.0,55.0,0.025333333333333333,5020.989276952745,0.0,0.0,0.0,44.035065253835214,optimal
2021-02-12 14:30:00,4,81,0.0,0.0,0.0,0.4281333333333333,11.802,6.0,1,20.234613234902156,55.0,0.023333333333333334,0.0,0.0,0.0,0.0,43.70679775861469,optimal
2021-02-12 15:00:00,4,81,2.0,0.0,0.0,0.283,11.2245,6.0,1,20.10052542048128,55.0,0.020666666666666667,7000.0,0.0,0.0,0.0,43.37885853088939,optimal
2021-02-12 15:30:00,4,81,2.0,0.0,0.0,0.4475,11.025,6.0,1,20.517055472302893,55.0,0.017333333333333333,7000.0,0.0,0.0,0.0,43.05124724239182,optimal
2021-02-12 16:00:00,4,81,0.0,0.0,0.0,0.21766666666666662,11.907,6.0,1,20.969638439990266,55.0,0.017333333333333333,0.0,0.0,0.0,0.0,42.72396356518274,optimal
2021-02-12 16:30:00,4,81,0.0,0.0,0.0,1.5573666666666666,25.83,6.0,1,20.80426761073428,55.0,0.012,0.0,0.0,0.0,0.0,42.39700717165088,optimal
2021-02-12 17:00:00,4,81,0.0,0.0,0.0,0.8807,28.035,6.0,1,20.685952014695882,55.0,0.012,0.0,0.0,0.0,0.0,42.07037773451254,optimal
2021-02-12 17:30:00,4,81,0.0,0.0,0.0,1.4811666666666667,28.119,6.0,1,20.554098063106675,55.0,0.009999999999999998,0.0,0.0,0.0,0.0,41.744074926811344,optimal
2021-02-12 18:00:00,4,81,0.0,0.0,0.0,0.7126,30.156,6.0,1,20.444092644869595,55.0,0.008666666666666666,0.0,0.0,0.0,0.0,41.41809842191785,optimal
2021-02-12 18:30:00,4,81,0.0,0.0,0.0,0.2402333333333333,29.1585,6.0,1,20.33478897932195,55.0,0.005999999999999998,0.0,0.0,0.0,0.0,41.09244789352925,optimal
2021-02-12 19:00:00,4,81,0.0,0.0,0.0,0.14076666666666668,26.712,6.0,1,20.226229324759743,55.0,0.005999999999999998,0.0,0.0,0.0,0.0,40.76712301566903,optimal
2021-02-12 19:30:00,4,81,0.0,0.0,0.0,0.4942,15.435,6.0,1,20.14482715220934,55.0,0.0033333333333333327,0.0,0.0,0.0,0.0,40.44212346268667,optimal
2021-02-12 20:00:00,4,81,0.0,0.0,0.0,0.20276666666666668,13.566,6.0,1,20.080756488758645,55.0,0.0033333333333333327,0.0,0.0,0.0,0.0,40.401681339223984,optimal
2021-02-12 20:30:00,4,81,0.0,0.0,0.0,0.36173333333333335,12.789,6.0,1,20.0,55.0,0.0033333333333333327,0.0,0.0,0.0,0.0,40.36127965788476,optimal
2021-02-12 21:00:00,4,81,0.0,0.0,0.0,0.3474333333333333,12.1275,6.0,1,19.93776566238936,55.0,0.002666666666666666,0.0,0.0,0.0,0.0,40.32091837822687,optimal
2021-02-12 21:30:00,4,81,0.0,0.0,0.0,0.35769999999999996,13.671,6.0,1,19.872694777180556,55.0,0.0,0.0,0.0,0.0,0.0,40.28059745984864,optimal
2021-02-12 22:00:00,4,81,0.0995238095238095,0.0,0.0,0.35486666666666666,10.668,6.0,1,19.80142172174329,55.0,0.0019999999999999996,0.0,0.0,348.33333333333326,0.0,40.240316862388795,optimal
2021-02-12 22:30:00,4,81,0.0,0.0,0.0,0.17296666666666666,11.7285,6.0,1,19.73374139269376,55.0,0.0019999999999999996,0.0,0.0,0.0,0.0,40.20007654552641,optimal
2021-02-12 23:00:00,4,81,0.0,0.0,0.0,0.3561666666666667,11.025,6.0,1,19.631962361002195,55.0,0.0006666666666666665,0.0,0.0,0.0,0.0,40.15987646898088,optimal
2021-02-12 23:30:00,4,81,0.0,0.0,0.0,0.3033,10.689,6.0,1,19.536057702403017,55.0,0.0,0.0,0.0,0.0,0.0,40.1197165925119,optimal
2021-02-13 00:00:00,4,81,0.0,0.0,0.0,0.05866666666666666,11.025,6.0,4,19.536057702403017,55.0,0.0,0.0,0.0,0.0,0.0,40.079596875919385,optimal
2021-02-13 00:30:00,4,81,2.0,0.0,0.0,0.06316666666666666,8.2005,6.0,4,19.381986897443223,55.0,0.034666666666666665,3377.3333333333335,0.0,3622.6666666666665,0.0,40.039517279043466,optimal
2021-02-13 01:00:00,4,81,0.0,0.0,0.0,0.12983333333333336,9.5655,6.0,4,19.48535263304843,55.0,0.034666666666666665,0.0,0.0,0.0,0.0,39.999477761764425,optimal
2021-02-13 01:30:00,4,81,2.0,0.0,5.0,0.059,7.056,6.0,4,19.335930026045933,55.0,0.034666666666666665,7000.0,0.0,0.0,0.0,42.33447828400266,optimal
2021-02-13 02:00:00,4,81,0.0,0.0,0.0,0.059,9.3975,6.0,4,19.71636486896107,55.0,0.034666666666666665,0.0,0.0,0.0,0.0,42.29214380571865,optimal
2021-02-13 02:30:00,4,81,0.0,0.0,0.0,0.134,10.059,6.0,4,19.56038507969821,55.0,0.034666666666666665,0.0,0.0,0.0,0.0,42.249851661912935,optimal
2021-02-13 03:00:00,4,81,0.0,0.0,0.0,0.059,9.261,6.0,4,19.411500855481062,55.0,0.034666666666666665,0.0,0.0,0.0,0.0,42.20760181025102,optimal
2021-02-13 03:30:00,4,81,2.0,0.0,0.0,0.059,8.1585,6.0,4,19.258217465985762,55.0,0.034666666666666665,7000.0,0.0,0.0,0.0,42.165394208440766,optimal
2021-02-13 04:00:00,4,81,0.0,0.0,0.0,0.059,9.4815,6.0,4,19.639339645285702,55.0,0.034666666666666665,0.0,0.0,0.0,0.0,42.12322881423233,optimal
2021-02-13 04:30:00,4,81,2.0,0.0,0.0,0.134,8.379,6.0,4,19.483156653352793,55.0,0.034666666666666665,7000.0,0.0,0.0,0.0,42.08110558541809,optimal
2021-02-13 05:00:00,4,81,0.0,0.0,0.0,0.059,9.5235,6.0,4,19.866678632564224,55.0,0.034666666666666665,0.0,0.0,0.0,0.0,42.039024479832676,optimal
2021-02-13 05:30:00,4,81,2.0,0.0,3.119662778348787,0.12566666666666668,8.1375,6.0,4,19.706715998905768,55.0,0.034666666666666665,7000.0,0.0,0.0,0.0,43.47882527506851,optimal
2021-02-13 06:00:00,4,81,0.0,0.0,0.0,0.06733333333333333,10.0905,6.0,4,20.085856656199244,55.0,0.034666666666666665,0.0,0.0,0.0,0.0,43.435346449793435,optimal
2021-02-13 06:30:00,4,81,2.0,0.0,5.0,0.059,7.539,6.0,4,19.922821670866856,55.0,0.034666666666666665,7000.0,0.0,0.0,0.0,45.76691110334364,optimal
2021-02-13 07:00:00,4,81,2.0,0.0,5.0,0.9972000000000001,7.938,6.0,4,20.293643393673115,55.0,0.03333333333333333,7000.0,0.0,0.0,0.0,48.096144192240295,optimal
2021-02-13 07:30:00,4,81,2.0,0.0,0.0,0.459,8.274,6.0,4,20.696038190474,55.0,0.02266666666666667,7000.0,0.0,0.0,0.0,48.048048048048045,optimal
2021-02-13 08:00:00,4,81,2.0,0.0,0.0,0.1275,9.261,6.0,4,21.083274639513114,55.0,0.016,7000.0,0.0,0.0,0.0,48.0,optimal
2021-02-13 08:30:00,4,81,0.499344851435509,0.0,0.0,0.09583333333333331,9.9225,6.0,4,21.491777735512574,55.0,0.014,1747.7069800242814,0.0,0.0,0.0,47.49974582472392,optimal
2021-02-13 09:00:00,4,81,2.0,0.0,0.0,0.15093333333333334,9.702,6.0,4,21.466051496504733,55.0,0.014,7000.0,0.0,0.0,0.0,46.99999190362311,optimal
2021-02-13 09:30:00,4,81,0.0,0.0,0.0,0.19066666666666662,10.584,6.0,4,21.813554873334354,55.0,0.010666666666666665,0.0,0.0,0.0,0.0,46.500737736443405,optimal
2021-02-13 10:00:00,4,81,2.0,0.0,0.0,0.183,10.143,6.0,4,21.644669783782394,55.0,0.010666666666666665,7000.0,0.0,0.0,0.0,46.00198282343088,optimal
2021-02-13 10:30:00,4,81,0.0,0.0,0.0,0.069,13.0095,6.0,4,22.0,55.0,0.010666666666666665,0.0,0.0,0.0,0.0,45.503726665331364,optimal
2021-02-13 11:00:00,4,81,0.021401894193000537,0.0,0.0,0.12733333333333333,11.025,6.0,4,21.804174442073244,55.0,0.010666666666666665,74.90662967550188,0.0,0.0,0.0,45.00596876338995,optimal
2021-02-13 11:30:00,4,81,0.0,0.0,0.0,0.08566666666666667,12.789,6.0,4,21.62067775836694,55.0,0.010666666666666665,0.0,0.0,0.0,0.0,44.50870861935048,optimal
2021-02-13 12:00:00,4,81,0.0,0.0,0.0,0.07733333333333332,12.1275,6.0,4,21.430361840625647,55.0,0.010666666666666665,0.0,0.0,0.0,0.0,44.01194573545504,optimal
2021-02-13 12:30:00,4,81,0.0,0.0,0.0,0.13566666666666666,12.1695,6.0,4,21.241536314418767,55.0,0.010666666666666665,0.0,0.0,0.0,0.0,43.515679614443506,optimal
2021-02-13 13:00:00,4,81,0.0,0.0,0.0,0.069,12.306,6.0,4,21.059711101239593,55.0,0.010666666666666665,0.0,0.0,0.0,0.0,43.01990975955298,optimal
2021-02-13 13:30:00,4,81,0.0,0.0,0.0,0.069,13.23,6.0,4,20.87529764357283,55.0,0.010666666666666665,0.0,0.0,0.0,0.0,42.52463567451735,optimal
2021-02-13 14:00:00,4,81,0.0,0.0,0.0,0.1315,13.671,6.0,4,20.693399708720282,55.0,0.010666666666666665,0.0,0.0,0.0,0.0,42.02985686356675,optimal
2021-02-13 14:30:00,4,81,0.0,0.0,0.0,0.0815,13.9335,6.0,4,20.51875836375467,55.0,0.010666666666666665,0.0,0.0,0.0,0.0,41.5355728314271,optimal
2021-02-13 15:00:00,4,81,0.0,0.0,0.0,0.1315,13.293,6.0,4,20.342735453557335,55.0,0.010666666666666665,0.0,0.0,0.0,0.0,41.041783083319594,optimal
2021-02-13 15:30:00,4,81,0.0,0.0,0.0,0.0815,12.1065,6.0,4,20.172964507596728,55.0,0.010666666666666665,0.0,0.0,0.0,0.0,40.54848712496019,optimal
2021-02-13 16:00:00,4,81,0.6281474811662431,0.0,0.0,0.144,11.571,6.0,4,20.0,55.0,0.010666666666666665,2198.516184081851,0.0,0.0,0.0,40.05568446255915,optimal
2021-02-13 16:30:00,4,81,1.4048612720250697,0.0,0.0,0.148,11.025,6.0,4,20.0,55.0,0.009333333333333332,4917.014452087744,0.0,0.0,0.0,39.56337460282051,optimal
2021-02-13 17:00:00,4,81,2.0,0.0,0.0,0.196,10.8465,6.0,4,20.221360969930604,55.0,0.005999999999999998,7000.0,0.0,0.0,0.0,39.07155705294161,optimal
2021-02-13 17:30:00,4,81,0.0,0.0,0.0,0.20026666666666668,11.2455,6.0,4,20.633226599229193,55.0,0.004666666666666666,0.0,0.0,0.0,0.0,38.58023132061258,optimal
2021-02-13 18:00:00,4,81,0.0,0.0,0.0,0.2483333333333333,23.8665,6.0,4,20.519706514180147,55.0,0.004666666666666666,0.0,0.0,0.0,0.0,38.089396914015886,optimal
2021-02-13 18:30:00,4,81,0.0,0.0,0.0,0.2364,27.4575,6.0,4,20.42410685874283,55.0,0.003999999999999999,0.0,0.0,0.0,0.0,37.59905334182579,optimal
2021-02-13 19:00:00,4,81,0.0,0.0,0.0,0.3482,27.3735,6.0,4,20.31954137704367,55.0,0.003999999999999999,0.0,0.0,0.0,0.0,37.109200113207876,optimal
2021-02-13 19:30:00,4,81,0.0,0.0,0.0,0.3108,30.4605,6.0,4,20.218186935982548,55.0,0.003999999999999999,0.0,0.0,0.0,0.0,36.61983673781859,optimal
2021-02-13 20:00:00,4,81,0.0,0.0,0.0,0.40553333333333336,30.0195,6.0,4,20.10959914402814,55.0,0.003999999999999999,0.0,0.0,0.0,0.0,36.130962725804686,optimal
2021-02-13 20:30:00,4,81,0.0,0.0,0.0,0.5739666666666667,26.9325,6.0,4,20.0,55.0,0.003999999999999999,0.0,0.0,0.0,0.0,35.6425775878028,optimal
2021-02-13 21:00:00,4,81,0.0,0.0,0.0,0.6715333333333333,14.595,6.0,4,19.913098586212733,55.0,0.003999999999999999,0.0,0.0,0.0,0.0,35.154680834938915,optimal
2021-02-13 21:30:00,4,81,0.0,0.0,0.0,0.4953333333333333,12.4845,6.0,4,19.82948538735858,55.0,0.001333333333333333,0.0,0.0,0.0,0.0,34.6672719788279,optimal
2021-02-13 22:00:00,4,81,0.0,0.0,0.0,0.547,12.1275,6.0,4,19.722653153361424,55.0,0.001333333333333333,0.0,0.0,0.0,0.0,34.63260470684907,optimal
2021-02-13 22:30:00,4,81,0.0,0.0,0.0,0.41023333333333334,12.1275,6.0,4,19.637617532506596,55.0,0.0,0.0,0.0,0.0,0.0,34.59797210214222,optimal
2021-02-13 23:00:00,4,81,0.0,0.0,0.0,0.069,12.789,6.0,4,19.54171170542095,55.0,0.0,0.0,0.0,0.0,0.0,34.56337413004008,optimal
2021-02-13 23:30:00,4,81,0.0,0.0,0.0,0.14266666666666666,11.907,6.0,4,19.387276653249877,55.0,0.0,0.0,0.0,0.0,0.0,34.528810755910044,optimal
2021-02-07 00:00:00,5,81,0.0,0.0,0.0,0.056,7.7175,6.0,-3,21.0,55.0,0.12,0.0,0.0,0.0,0.0,47.952,optimal
2021-02-07 00:30:00,5,81,0.0,0.0,0.0,0.056,6.615,6.0,-3,20.859704162797847,55.0,0.12,0.0,0.0,0.0,0.0,47.904047999999996,optimal
2021-02-07 01:00:00,5,81,0.0,0.0,0.0,0.1821333333333333,6.174,6.0,-3,20.719764726093164,55.0,0.12,0.0,0.0,0.0,0.0,47.856143952,optimal
2021-02-07 01:30:00,5,81,2.0,0.0,0.0,0.056,3.906,6.0,-3,20.58979155665685,55.0,0.12733333333333333,6233.666666666667,0.0,766.3333333333334,0.0,47.80828780804799,optimal
2021-02-07 02:00:00,5,81,2.0,0.0,0.0,0.142,2.3415,6.0,-3,20.926000088160645,55.0,0.12733333333333333,7000.0,0.0,0.0,0.0,47.76047952023995,optimal
2021-02-07 02:30:00,5,81,2.0,0.0,0.0,0.09613333333333333,2.205,6.0,-3,21.323751770761916,55.0,0.12733333333333333,7000.0,0.0,0.0,0.0,47.712719040719705,optimal
2021-02-07 03:00:00,5,81,2.0,0.0,1.5173209562087209,0.1076,0.882,6.0,-3,21.7136053963557,55.0,0.12733333333333333,7000.0,0.0,0.0,0.0,48.38573377587813,optimal
2021-02-07 03:30:00,5,81,2.0,0.0,0.0,0.13053333333333333,1.5435,6.0,-3,22.10000037417085,55.0,0.12733333333333333,7000.0,0.0,0.0,0.0,48.33734804210225,optimal
2021-02-07 04:00:00,5,81,2.0,0.0,0.0,0.06533333333333333,1.5435,6.0,-3,22.48428343529557,55.0,0.12733333333333333,7000.0,0.0,0.0,0.0,48.289010694060146,optimal
2021-02-07 04:30:00,5,81,0.0,0.0,0.0,0.19213333333333332,5.0715,6.0,-3,22.8590450168379,55.0,0.12733333333333333,0.0,0.0,0.0,0.0,48.240721683366075,optimal
2021-02-07 05:00:00,5,81,0.0,0.0,0.0,0.05666666666666666,5.376,6.0,-3,22.706612932990613,55.0,0.12733333333333333,0.0,0.0,0.0,0.0,48.192480961682705,optimal
2021-02-07 05:30:00,5,81,0.7378259714968995,0.0,0.0,0.09040000000000001,5.0715,6.0,-3,22.545916030718924,55.0,0.12733333333333333,2582.3909002391483,0.0,0.0,0.0,48.144288480721016,optimal
2021-02-07 06:00:00,5,81,0.0,0.0,0.0,0.15706666666666666,5.5125,6.0,-3,22.58607431239944,55.0,0.12733333333333333,0.0,0.0,0.0,0.0,48.096144192240295,optimal
2021-02-07 06:30:00,5,81,0.0,0.0,0.0,0.066,9.261,6.0,-3,22.433434812357554,55.0,0.12733333333333333,0.0,0.0,0.0,0.0,48.048048048048045,optimal
2021-02-07 07:00:00,5,81,0.0,0.0,0.0,0.4065666666666667,11.7075,6.0,-3,22.274711830935786,55.0,0.10333333333333333,0.0,0.0,0.0,0.0,48.0,optimal
2021-02-07 07:30:00,5,81,0.0,0.0,0.0,0.07526666666666666,12.348,6.0,-3,22.156446656774406,55.0,0.09933333333333333,0.0,0.0,0.0,0.0,47.75819417286742,optimal
2021-02-07 08:00:00,5,81,0.0,0.0,0.0,0.1802,12.348,6.0,-3,22.0,55.0,0.096,0.0,0.0,0.0,0.0,47.516630151561976,optimal
2021-02-07 08:30:00,5,81,0.0,0.0,0.0,0.4206666666666667,12.1275,6.0,-3,21.850743912405775,55.0,0.04025333333333333,0.0,0.0,0.0,0.0,47.275307694277835,optimal
2021-02-07 09:00:00,5,81,0.0,0.0,0.0,2.3483,12.5265,6.0,-3,21.71819263641687,55.0,0.036,0.0,0.0,0.0,0.0,47.03422655945098,optimal
2021-02-07 09:30:00,5,81,0.0,0.0,0.0,1.5095,11.7495,6.0,-3,21.688258827131577,55.0,0.034,0.0,0.0,0.0,0.0,46.793386505758946,optimal
2021-02-07 10:00:00,5,81,0.0,0.0,0.0,0.2566666666666667,13.23,6.0,-3,21.58902564677147,55.0,0.021653333333333333,0.0,0.0,0.0,0.0,46.552787292120605,optimal
2021-02-07 10:30:00,5,81,0.0,0.0,0.0,0.2329333333333333,14.3325,6.0,-3,21.473899890372984,55.0,0.020666666666666667,0.0,0.0,0.0,0.0,46.312428677695905,optimal
2021-02-07 11:00:00,5,81,0.0,0.0,0.0,0.2476,14.994,6.0,-3,21.32379092681561,55.0,0.020666666666666667,0.0,0.0,0.0,0.0,46.07231042188563,optimal
2021-02-07 11:30:00,5,81,0.0,0.0,0.0,0.1795,14.8155,6.0,-3,21.158823592103122,55.0,0.020666666666666667,0.0,0.0,0.0,0.0,45.83243228433117,optimal
2021-02-07 12:00:00,5,81,0.0,0.0,0.0,0.19213333333333332,14.112,6.0,-3,20.989033839173114,55.0,0.020666666666666667,0.0,0.0,0.0,0.0,45.59279402491426,optimal
2021-02-07 12:30:00,5,81,0.0,0.0,0.0,0.066,14.007,6.0,-3,20.828628791516135,55.0,0.020666666666666667,0.0,0.0,0.0,0.0,45.35339540375677,optimal
2021-02-07 13:00:00,5,81,0.0,0.0,0.0,0.17493333333333333,13.23,6.0,-3,20.66002944309775,55.0,0.020666666666666667,0.0,0.0,0.0,0.0,45.114236181220434,optimal
2021-02-07 13:30:00,5,81,2.0,0.0,0.0,0.2483333333333333,11.382,6.0,-3,20.501223438530282,55.0,0.018666666666666668,7000.0,0.0,0.0,0.0,44.875316117906635,optimal
2021-02-07 14:00:00,5,81,0.5579085208814729,0.0,0.0,0.3968,11.7495,6.0,-3,20.894553686759647,55.0,0.016,1952.679823085155,0.0,0.0,0.0,44.63663497465615,optimal
2021-02-07 14:30:00,5,81,0.0,0.0,0.0,0.24896666666666667,24.3285,6.0,-3,20.91255723146544,55.0,0.009999999999999998,0.0,0.0,0.0,0.0,44.39819251254891,optimal
2021-02-07 15:00:00,5,81,0.0,0.0,0.0,0.18936666666666668,28.917,6.0,-3,20.77964857657051,55.0,0.009999999999999998,0.0,0.0,0.0,0.0,44.159988492903786,optimal
2021-02-07 15:30:00,5,81,0.0,0.0,0.0,0.199,31.3635,6.0,-3,20.642646772064833,55.0,0.007999999999999998,0.0,0.0,0.0,0.0,43.922022677278306,optimal
2021-02-07 16:00:00,5,81,0.0,0.0,0.0,1.767266666666667,33.306,6.0,-3,20.51681209077366,55.0,0.007999999999999998,0.0,0.0,0.0,0.0,43.68429482746845,optimal
2021-02-07 16:30:00,5,81,0.0,0.0,0.0,0.10466666666666669,31.3425,6.0,-3,20.442286811257357,55.0,0.005333333333333332,0.0,0.0,0.0,0.0,43.4468047055084,optimal
2021-02-07 17:00:00,5,81,0.0,0.0,0.0,0.1864,28.2555,6.0,-3,20.288841129876484,55.0,0.005333333333333332,0.0,0.0,0.0,0.0,43.20955207367031,optimal
2021-02-07 17:30:00,5,81,0.0,0.0,0.0,0.18773333333333328,15.6975,6.0,-3,20.13419203960205,55.0,0.003999999999999999,0.0,0.0,0.0,0.0,42.97253669446406,optimal
2021-02-07 18:00:00,5,81,0.4380957079352398,0.0,0.0,0.2157666666666667,12.5475,6.0,-3,20.0,55.0,0.003999999999999999,1533.3349777733392,0.0,0.0,0.0,42.73575833063702,optimal
2021-02-07 18:30:00,5,81,0.39762831535415255,0.0,0.0,0.2453333333333333,12.0855,6.0,-3,20.0,55.0,0.003999999999999999,1391.699103739534,0.0,0.0,0.0,42.499216745173804,optimal
2021-02-07 19:00:00,5,81,1.1700163157023253,0.0,0.0,0.1197,11.907,6.0,-3,20.0,55.0,0.003999999999999999,4095.0571049581386,0.0,0.0,0.0,42.262911701296055,optimal
2021-02-07 19:30:00,5,81,0.0,0.0,0.0,0.25939999999999996,12.5685,6.0,-3,20.212126141479775,55.0,0.003999999999999999,0.0,0.0,0.0,0.0,42.02684296246218,optimal
2021-02-07 20:00:00,5,81,0.0,0.0,0.0,0.19090000000000001,13.146,6.0,-3,20.11733369759128,55.0,0.001333333333333333,0.0,0.0,0.0,0.0,41.79101029236714,optimal
2021-02-07 20:30:00,5,81,0.0,0.0,0.0,0.30086666666666667,10.584,6.0,-3,20.0,55.0,0.001333333333333333,0.0,0.0,0.0,0.0,41.749219282074776,optimal
2021-02-07 21:00:00,5,81,0.0,0.0,0.0,0.3575,6.678,6.0,-3,19.903338733140107,55.0,0.0,0.0,0.0,0.0,0.0,41.7074700627927,optimal
2021-02-07 21:30:00,5,81,0.0,0.0,0.0,0.40893333333333326,7.938,6.0,-3,19.818666750702533,55.0,0.0,0.0,0.0,0.0,0.0,41.66576259272991,optimal
2021-02-07 22:00:00,5,81,0.0,0.0,0.0,0.328,5.292,6.0,-3,19.734669985231584,55.0,0.0,0.0,0.0,0.0,0.0,41.624096830137184,optimal
2021-02-07 22:30:00,5,81,0.0,0.0,0.0,0.43939999999999996,9.261,6.0,-3,19.640512575709874,55.0,0.0,0.0,0.0,0.0,0.0,41.58247273330705,optimal
2021-02-07 23:00:00,5,81,0.0,0.0,0.0,0.31156666666666666,10.3635,6.0,-3,19.557060094371547,55.0,0.0,0.0,0.0,0.0,0.0,41.54089026057374,optimal
2021-02-07 23:30:00,5,81,0.0,0.0,0.0,0.236,8.274,6.0,-3,19.459446045369535,55.0,0.0,0.0,0.0,0.0,0.0,41.49934937031317,optimal
2021-02-08 00:00:00,5,81,2.0,0.0,0.0,0.067,7.665,6.0,-3,19.459446045369535,55.0,0.0,7000.0,0.0,0.0,0.0,41.45785002094286,optimal
2021-02-08 00:30:00,5,81,2.0,0.0,0.0,0.067,6.7725,6.0,-3,19.853778334460266,55.0,0.06698564593301436,0.0,0.0,7000.0,0.0,41.41639217092192,optimal
2021-02-08 01:00:00,5,81,2.0,0.0,0.13289989369849908,0.13133333333333333,5.5755,6.0,-3,19.711130844122437,55.0,0.07200000000000001,6475.999999999999,0.0,524.000000000001,0.0,41.43810322825778,optimal
2021-02-08 01:30:00,5,81,2.0,0.0,5.0,0.09273333333333332,5.0925,6.0,-3,20.068204436399213,55.0,0.07200000000000001,7000.0,0.0,0.0,0.0,43.771665125029514,optimal
2021-02-08 02:00:00,5,81,2.0,0.0,5.0,0.067,4.1895,6.0,-3,20.458671490537,55.0,0.07200000000000001,7000.0,0.0,0.0,0.0,46.10289345990448,optimal
2021-02-08 02:30:00,5,81,2.0,0.0,0.0,0.15706666666666666,7.056,6.0,-3,20.843281572007974,55.0,0.07200000000000001,7000.0,0.0,0.0,0.0,46.056790566444576,optimal
2021-02-08 03:00:00,5,81,2.0,0.0,5.0,0.07,5.271,6.0,-3,21.23179642630305,55.0,0.07200000000000001,7000.0,0.0,0.0,0.0,48.38573377587813,optimal
2021-02-08 03:30:00,5,81,2.0,0.0,0.0,0.077,7.938,6.0,-3,21.610452988040358,55.0,0.07200000000000001,7000.0,0.0,0.0,0.0,48.33734804210225,optimal
2021-02-08 04:00:00,5,81,2.0,0.0,0.0,0.16706666666666667,7.938,6.0,-3,21.98531825463516,55.0,0.07200000000000001,7000.0,0.0,0.0,0.0,48.289010694060146,optimal
2021-02-08 04:30:00,5,81,0.0,0.0,0.0,0.077,11.907,6.0,-3,22.363290023187616,55.0,0.07200000000000001,0.0,0.0,0.0,0.0,48.240721683366075,optimal
2021-02-08 05:00:00,5,81,1.3542611060709255,0.0,0.0,0.16706666666666667,11.025,6.0,-3,22.19667799008763,55.0,0.07200000000000001,4739.913871248239,0.0,0.0,0.0,48.192480961682705,optimal
2021-02-08 05:30:00,5,81,0.0,0.0,0.0,0.077,11.2875,6.0,-3,22.398763157800833,55.0,0.07200000000000001,0.0,0.0,0.0,0.0,48.144288480721016,optimal
2021-02-08 06:00:00,5,81,0.0,0.0,0.0,0.077,12.936,6.0,-3,22.230510689310158,55.0,0.07200000000000001,0.0,0.0,0.0,0.0,48.096144192240295,optimal
2021-02-08 06:30:00,5,81,0.0,0.0,0.0,0.16706666666666667,13.0095,6.0,-3,22.06330411641376,55.0,0.07200000000000001,0.0,0.0,0.0,0.0,48.048048048048045,optimal
2021-02-08 07:00:00,5,81,0.0,0.0,0.0,0.07633333333333332,13.671,6.0,-3,21.90399845320232,55.0,0.07200000000000001,0.0,0.0,0.0,0.0,48.0,optimal
2021-02-08 07:30:00,5,81,0.0,0.0,0.0,0.1506333333333333,13.188,6.0,-3,21.751014798879755,55.0,0.07200000000000001,0.0,0.0,0.0,0.0,47.87972233319681,optimal
2021-02-08 08:00:00,5,81,0.0,0.0,0.0,0.12390000000000001,13.8495,6.0,-3,21.60961495633868,55.0,0.068,0.0,0.0,0.0,0.0,47.75956494406042,optimal
2021-02-08 08:30:00,5,81,0.0,0.0,0.0,0.10786666666666667,13.23,6.0,-3,21.465696115346624,55.0,0.02762666666666667,0.0,0.0,0.0,0.0,47.639527712313175,optimal
2021-02-08 09:00:00,5,81,0.0,0.0,0.0,0.16566666666666666,13.3665,6.0,-3,21.3310801172896,55.0,0.004666666666666666,0.0,0.0,0.0,0.0,47.51961051779767,optimal
2021-02-08 09:30:00,5,81,0.0,0.0,0.0,0.12203333333333331,13.0515,6.0,-3,21.182274546010763,55.0,0.004666666666666666,0.0,0.0,0.0,0.0,47.39981324047669,optimal
2021-02-08 10:00:00,5,81,0.0,0.0,0.0,0.12203333333333331,13.5345,6.0,-3,21.00900785248322,55.0,0.004666666666666666,0.0,0.0,0.0,0.0,47.280135760433026,optimal
2021-02-08 10:30:00,5,81,0.0,0.0,0.0,0.077,14.154,6.0,-3,20.838600329065365,55.0,0.004666666666666666,0.0,0.0,0.0,0.0,47.16057795786941,optimal
2021-02-08 11:00:00,5,81,0.0,0.0,0.0,0.16706666666666667,14.112,6.0,-3,20.664941169688003,55.0,0.004666666666666666,0.0,0.0,0.0,0.0,47.04113971310835,optimal
2021-02-08 11:30:00,5,81,0.0,0.0,0.0,0.077,14.2485,6.0,-3,20.498355537786825,55.0,0.004666666666666666,0.0,0.0,0.0,0.0,46.92182090659205,optimal
2021-02-08 12:00:00,5,81,0.0,0.0,0.0,0.077,12.789,6.0,-3,20.32726348412334,55.0,0.004666666666666666,0.0,0.0,0.0,0.0,46.802621418882275,optimal
2021-02-08 12:30:00,5,81,0.0,0.0,0.0,0.16706666666666667,13.0095,6.0,-3,20.1585691330181,55.0,0.004666666666666666,0.0,0.0,0.0,0.0,46.6835411306602,optimal
2021-02-08 13:00:00,5,81,2.0,0.0,0.0,0.077,12.1275,6.0,-3,20.0,55.0,0.004666666666666666,7000.0,0.0,0.0,0.0,46.56457992272635,optimal
2021-02-08 13:30:00,5,81,1.3794070032839933,0.0,0.0,0.16706666666666667,12.348,6.0,-3,20.371230070277118,55.0,0.004666666666666666,4827.924511493977,0.0,0.0,0.0,46.44573767600044,optimal
2021-02-08 14:00:00,5,81,2.0,0.0,0.0,0.077,12.348,6.0,-3,20.581384763307025,55.0,0.004666666666666666,7000.0,0.0,0.0,0.0,46.32701427152125,optimal
2021-02-08 14:30:00,5,81,0.0,0.0,0.0,0.077,25.389,6.0,-3,20.949241638667257,55.0,0.004666666666666666,0.0,0.0,0.0,0.0,46.20840959044654,optimal
2021-02-08 15:00:00,5,81,0.0,0.0,0.0,0.16706666666666667,29.1375,6.0,-3,20.77902620924015,55.0,0.004666666666666666,0.0,0.0,0.0,0.0,46.089923514052906,optimal
2021-02-08 15:30:00,5,81,0.0,0.0,0.0,0.077,30.597,6.0,-3,20.615853836978353,55.0,0.004666666666666666,0.0,0.0,0.0,0.0,45.971555923735664,optimal
2021-02-08 16:00:00,5,81,0.0,0.0,0.0,0.077,33.684,6.0,-3,20.447702624123202,55.0,0.004666666666666666,0.0,0.0,0.0,0.0,45.85330670100874,optimal
2021-02-08 16:30:00,5,81,0.0,0.0,0.0,0.16706666666666667,32.445,6.0,-3,20.281480865415126,55.0,0.004666666666666666,0.0,0.0,0.0,0.0,45.73517572750454,optimal
2021-02-08 17:00:00,5,81,0.0,0.0,0.0,2.1746666666666665,28.917,6.0,-3,20.12226684626544,55.0,0.0019999999999999996,0.0,0.0,0.0,0.0,45.617162884973844,optimal
2021-02-08 17:30:00,5,81,0.0,0.0,0.0,0.42206666666666665,15.876,6.0,-3,20.097381243301598,55.0,0.0019999999999999996,0.0,0.0,0.0,0.0,45.49926805528568,optimal
2021-02-08 18:00:00,5,81,0.3180164399572431,0.0,0.0,0.659,12.348,6.0,-3,20.0,55.0,0.001333333333333333,1113.0575398503508,0.0,0.0,0.0,45.38149112042721,optimal
2021-02-08 18:30:00,5,81,0.7918762926999006,0.0,0.0,0.23086666666666666,12.1275,6.0,-3,20.0,55.0,0.001333333333333333,2771.567024449652,0.0,0.0,0.0,45.26383196250359,optimal
2021-02-08 19:00:00,5,81,0.0,0.0,0.0,0.2883,12.348,6.0,-3,20.106214106485975,55.0,0.0,0.0,0.0,0.0,0.0,45.1462904637379,optimal
2021-02-08 19:30:00,5,81,0.38076002301453066,0.0,0.0,0.3167,12.1275,6.0,-3,20.0,55.0,0.0,1332.6600805508572,0.0,0.0,0.0,45.02886650647097,optimal
2021-02-08 20:00:00,5,81,0.3723622007577865,0.0,0.0,0.34703333333333336,12.1275,6.0,-3,20.0,55.0,0.0,1303.2677026522526,0.0,0.0,0.0,44.91155997316131,optimal
2021-02-08 20:30:00,5,81,0.0,0.0,0.0,0.6499666666666667,11.2665,6.0,-3,20.0,55.0,0.0,0.0,0.0,0.0,0.0,44.79437074638496,optimal
2021-02-08 21:00:00,5,81,0.0796190476190476,0.0,0.0,0.5822999999999999,10.143,6.0,-3,19.939681904312867,55.0,0.002666666666666666,0.0,0.0,278.66666666666663,0.0,44.67729870883539,optimal
2021-02-08 21:30:00,5,81,0.0,0.0,0.0,0.6856,11.2455,6.0,-3,19.88172094547634,55.0,0.002666666666666666,0.0,0.0,0.0,0.0,44.560343743323365,optimal
2021-02-08 22:00:00,5,81,0.0,0.0,0.0,0.5585333333333333,11.025,6.0,-3,19.824654274711655,55.0,0.0,0.0,0.0,0.0,0.0,44.515783399580044,optimal
2021-02-08 22:30:00,5,81,0.0,0.0,0.0,0.4133,5.9745,6.0,-3,19.76868737922744,55.0,0.0,0.0,0.0,0.0,0.0,44.47126761618046,optimal
2021-02-08 23:00:00,5,81,0.0,0.0,0.0,0.34236666666666665,7.938,6.0,-3,19.682691927178485,55.0,0.0,0.0,0.0,0.0,0.0,44.42679634856428,optimal
2021-02-08 23:30:00,5,81,0.0,0.0,0.0,0.15730000000000002,8.6835,6.0,-3,19.586487263625116,55.0,0.0,0.0,0.0,0.0,0.0,44.382369552215714,optimal
2021-02-09 00:00:00,5,81,0.0,0.0,0.0,0.041,12.2955,6.0,4,19.586487263625116,55.0,0.0,0.0,0.0,0.0,0.0,44.3379871826635,optimal
2021-02-09 00:30:00,5,81,0.0,0.0,0.0,0.041,11.6865,6.0,4,19.429890755368486,55.0,0.0,0.0,0.0,0.0,0.0,44.29364919548083,optimal
2021-02-09 01:00:00,5,81,0.0,0.0,0.0,0.101,11.466,6.0,4,19.275121510259392,55.0,0.0,0.0,0.0,0.0,0.0,44.24935554628535,optimal
2021-02-09 01:30:00,5,81,2.0,0.0,0.0,0.041,10.8045,6.0,4,19.12673615604934,55.0,0.034666666666666665,3377.3333333333335,0.0,3622.6666666666665,0.0,44.205106190739066,optimal
2021-02-09 02:00:00,5,81,2.0,0.0,5.0,0.0538,10.584,6.0,4,19.23160318265811,55.0,0.034666666666666665,7000.0,0.0,0.0,0.0,46.53590108454833,optimal
2021-02-09 02:30:00,5,81,1.0790258894669371,0.0,0.0,0.179,11.2455,6.0,4,19.611728618784984,55.0,0.034666666666666665,3776.5906131342795,0.0,0.0,0.0,46.48936518346378,optimal
2021-02-09 03:00:00,5,81,0.0,0.0,0.0,0.091,12.1275,6.0,4,19.7528099229996,55.0,0.034666666666666665,0.0,0.0,0.0,0.0,46.44287581828032,optimal
2021-02-09 03:30:00,5,81,0.0,0.0,0.0,0.0538,11.823,6.0,4,19.59855301524857,55.0,0.034666666666666665,0.0,0.0,0.0,0.0,46.39643294246204,optimal
2021-02-09 04:00:00,5,81,0.0,0.0,0.0,0.20566666666666664,11.7705,6.0,4,19.443709778459112,55.0,0.034666666666666665,0.0,0.0,0.0,0.0,46.350036509519576,optimal
2021-02-09 04:30:00,5,81,2.0,0.0,0.0,0.06433333333333333,11.13,6.0,4,19.30269476520767,55.0,0.034666666666666665,7000.0,0.0,0.0,0.0,46.30368647301005,optimal
2021-02-09 05:00:00,5,81,2.0,0.0,0.0,0.1242,11.6865,6.0,4,19.68476312305946,55.0,0.034666666666666665,7000.0,0.0,0.0,0.0,46.25738278653704,optimal
2021-02-09 05:30:00,5,81,2.0,0.0,0.0,0.13526666666666667,10.7205,6.0,4,20.067130407288527,55.0,0.034666666666666665,7000.0,0.0,0.0,0.0,46.21112540375051,optimal
2021-02-09 06:00:00,5,81,2.0,0.0,0.0,0.1148,11.424,6.0,4,20.446959232001355,55.0,0.03333333333333333,7000.0,0.0,0.0,0.0,46.16491427834676,optimal
2021-02-09 06:30:00,5,81,2.0,0.0,3.9605276545928283,0.34903333333333336,10.689,6.0,4,20.830793354283106,55.0,0.032,7000.0,0.0,0.0,0.0,48.0,optimal
2021-02-09 07:00:00,5,81,2.0,0.0,0.0,1.3974333333333333,11.361,6.0,4,21.23651486744332,55.0,0.03133333333333333,7000.0,0.0,0.0,0.0,47.77512273006425,optimal
2021-02-09 07:30:00,5,81,2.0,0.0,0.0,0.38226666666666664,11.571,6.0,4,21.627101958578418,55.0,0.03133333333333333,7000.0,0.0,0.0,0.0,47.55047033739843,optimal
2021-02-09 08:00:00,5,81,0.0,0.0,0.0,0.17366666666666666,14.3745,6.0,4,22.0,55.0,0.03133333333333333,0.0,0.0,0.0,0.0,47.32604259712528,optimal
2021-02-09 08:30:00,5,81,0.0,0.0,0.0,0.2039333333333333,13.23,6.0,4,21.81201596646568,55.0,0.03133333333333333,0.0,0.0,0.0,0.0,47.1018392845924,optimal
2021-02-09 09:00:00,5,81,0.0,0.0,0.0,1.084,13.9755,6.0,4,21.627939888509008,55.0,0.03133333333333333,0.0,0.0,0.0,0.0,46.87786017537206,optimal
2021-02-09 09:30:00,5,81,0.0,0.0,0.0,2.54,14.994,6.0,4,21.464722577091614,55.0,0.03133333333333333,0.0,0.0,0.0,0.0,46.654105045260934,optimal
2021-02-09 10:00:00,5,81,0.0,0.0,0.0,1.7903,13.671,6.0,4,21.319454739397628,55.0,0.03133333333333333,0.0,0.0,0.0,0.0,46.43057367027992,optimal
2021-02-09 10:30:00,5,81,0.0,0.0,0.0,0.169,15.981,6.0,4,21.16669772359008,55.0,0.03133333333333333,0.0,0.0,0.0,0.0,46.20726582667389,optimal
2021-02-09 11:00:00,5,81,0.0,0.0,0.0,0.0638,15.6345,6.0,4,21.00059428179093,55.0,0.03133333333333333,0.0,0.0,0.0,0.0,45.984181290911465,optimal
2021-02-09 11:30:00,5,81,0.0,0.0,0.0,0.0974,16.5375,6.0,4,20.830153490501477,55.0,0.03133333333333333,0.0,0.0,0.0,0.0,45.7613198396848,optimal
2021-02-09 12:00:00,5,81,0.0,0.0,0.0,0.1754,14.7735,6.0,4,20.664223171412925,55.0,0.03133333333333333,0.0,0.0,0.0,0.0,45.53868124990937,optimal
2021-02-09 12:30:00,5,81,0.0,0.0,0.0,0.09766666666666668,15.2145,6.0,4,20.506147299613875,55.0,0.03133333333333333,0.0,0.0,0.0,0.0,45.31626529872371,optimal
2021-02-09 13:00:00,5,81,0.0,0.0,0.0,0.179,14.553,6.0,4,20.34310301309731,55.0,0.03133333333333333,0.0,0.0,0.0,0.0,45.09407176348923,optimal
2021-02-09 13:30:00,5,81,1.0067369289238635,0.0,0.0,0.0638,14.3325,6.0,4,20.186749141031264,55.0,0.03133333333333333,3523.5792512335224,0.0,0.0,0.0,44.872100421789995,optimal
2021-02-09 14:00:00,5,81,0.0,0.0,0.0,0.12793333333333334,14.595,6.0,4,20.29084521064336,55.0,0.029333333333333333,0.0,0.0,0.0,0.0,44.65035105143245,optimal
2021-02-09 14:30:00,5,81,0.0,0.0,0.0,0.15853333333333333,14.994,6.0,4,20.136223368498108,55.0,0.028666666666666667,0.0,0.0,0.0,0.0,44.42882343044527,optimal
2021-02-09 15:00:00,5,81,0.424836239488085,0.0,0.0,0.04,14.3325,6.0,4,20.0,55.0,0.024666666666666667,1486.9268382082976,0.0,0.0,0.0,44.207517337079075,optimal
2021-02-09 15:30:00,5,81,0.3718076680595099,0.0,0.0,0.09559999999999999,13.8915,6.0,4,20.0,55.0,0.024666666666666667,1301.3268382082845,0.0,0.0,0.0,43.986432549806246,optimal
2021-02-09 16:00:00,5,81,0.5774457896124983,0.0,0.0,0.1928666666666667,13.8915,6.0,4,20.0,55.0,0.024666666666666667,2021.060263643744,0.0,0.0,0.0,43.76556884732069,optimal
2021-02-09 16:30:00,5,81,1.361456150055685,0.0,0.0,0.08433333333333333,13.4715,6.0,4,20.0,55.0,0.024666666666666667,4765.096525194897,0.0,0.0,0.0,43.544926008537615,optimal
2021-02-09 17:00:00,5,81,2.0,0.0,0.0,0.18246666666666667,13.23,6.0,4,20.199721483348895,55.0,0.024666666666666667,7000.0,0.0,0.0,0.0,43.32450381259333,optimal
2021-02-09 17:30:00,5,81,0.0,0.0,0.0,0.0887,13.8915,6.0,4,20.574904986503466,55.0,0.02266666666666667,0.0,0.0,0.0,0.0,43.104302038844985,optimal
2021-02-09 18:00:00,5,81,0.0,0.0,0.0,0.3144666666666666,26.9325,6.0,4,20.422649363621492,55.0,0.018,0.0,0.0,0.0,0.0,42.88432046687039,optimal
2021-02-09 18:30:00,5,81,0.0,0.0,0.0,0.114,30.303,6.0,4,20.305479553860195,55.0,0.016,0.0,0.0,0.0,0.0,42.66455887646777,optimal
2021-02-09 19:00:00,5,81,0.0,0.0,0.0,0.2934,32.886,6.0,4,20.194919979544927,55.0,0.012,0.0,0.0,0.0,0.0,42.445017047655554,optimal
2021-02-09 19:30:00,5,81,0.0,0.0,0.0,0.17633333333333334,34.9965,6.0,4,20.096724698908137,55.0,0.011333333333333334,0.0,0.0,0.0,0.0,42.22569476067215,optimal
2021-02-09 20:00:00,5,81,0.0,0.0,0.0,2.736733333333333,33.327,6.0,4,20.0,55.0,0.009333333333333332,0.0,0.0,0.0,0.0,42.00659179597572,optimal
2021-02-09 20:30:00,5,81,0.0,0.0,0.0,0.4418,31.122,6.0,4,20.008186133813638,55.0,0.007333333333333332,0.0,0.0,0.0,0.0,41.787707934244,optimal
2021-02-09 21:00:00,5,81,0.0,0.0,0.0,0.299,17.9025,6.0,4,19.930532751890077,55.0,0.007333333333333332,0.0,0.0,0.0,0.0,41.569042956374,optimal
2021-02-09 21:30:00,5,81,0.0,0.0,0.0,0.1807,15.6555,6.0,4,19.84671677368823,55.0,0.007333333333333332,0.0,0.0,0.0,0.0,41.35059664348187,optimal
2021-02-09 22:00:00,5,81,0.0,0.0,0.0,0.20533333333333328,14.553,6.0,4,19.747562904839338,55.0,0.006666666666666665,0.0,0.0,0.0,0.0,41.30924604683839,optimal
2021-02-09 22:30:00,5,81,0.0,0.0,0.0,0.16706666666666667,14.3325,6.0,4,19.639458821783965,55.0,0.003999999999999999,0.0,0.0,0.0,0.0,41.26793680079155,optimal
2021-02-09 23:00:00,5,81,0.0,0.0,0.0,0.351,13.335,6.0,4,19.543417866346523,55.0,0.002666666666666666,0.0,0.0,0.0,0.0,41.22666886399076,optimal
2021-02-09 23:30:00,5,81,0.0,0.0,0.0,0.14,12.1275,6.0,4,19.477802332338197,55.0,0.0,0.0,0.0,0.0,0.0,41.18544219512677,optimal
2021-02-10 00:00:00,5,81,2.0,0.0,0.0,0.062,11.508,6.0,-1,19.477802332338197,55.0,0.0,7000.0,0.0,0.0,0.0,41.14425675293164,optimal
2021-02-10 00:30:00,5,81,2.0,0.0,0.0,0.062,11.508,6.0,-1,19.86180117291079,55.0,0.06698564593301436,0.0,0.0,7000.0,0.0,41.10311249617871,optimal
2021-02-10 01:00:00,5,81,2.0,0.0,0.0,0.08493333333333333,11.508,6.0,-1,19.70802716941655,55.0,0.09,4595.0,0.0,2405.0,0.0,41.06200938368253,optimal
2021-02-10 01:30:00,5,81,2.0,0.0,0.0,0.2403333333333333,11.844,6.0,-1,19.906676033543192,55.0,0.09,7000.0,0.0,0.0,0.0,41.02094737429885,optimal
2021-02-10 02:00:00,5,81,2.0,0.0,0.0,0.062,11.508,6.0,-1,20.297819624499766,55.0,0.09,7000.0,0.0,0.0,0.0,40.97992642692455,optimal
2021-02-10 02:30:00,5,81,2.0,0.0,0.0,0.062,11.508,6.0,-1,20.671027902075267,55.0,0.09,7000.0,0.0,0.0,0.0,40.93894650049763,optimal
2021-02-10 03:00:00,5,81,2.0,0.0,5.0,0.19813333333333333,10.4475,6.0,-1,21.040935302313954,55.0,0.09,7000.0,0.0,0.0,0.0,43.27300755399713,optimal
2021-02-10 03:30:00,5,81,2.0,0.0,5.0,0.13613333333333333,10.8675,6.0,-1,21.417946170667133,55.0,0.09,7000.0,0.0,0.0,0.0,45.60473454644313,optimal
2021-02-10 04:00:00,5,81,2.0,0.0,5.0,0.12506666666666666,10.542,6.0,-1,21.786211395455567,55.0,0.09,7000.0,0.0,0.0,0.0,47.93412981189669,optimal
2021-02-10 04:30:00,5,81,2.0,0.0,0.0,0.2002,11.025,6.0,-1,22.1510619550418,55.0,0.09,7000.0,0.0,0.0,0.0,47.88619568208479,optimal
2021-02-10 05:00:00,5,81,2.0,0.0,1.3565075958182524,0.062,11.025,6.0,-1,22.517527246313836,55.0,0.09,7000.0,0.0,0.0,0.0,48.48265059441637,optimal
2021-02-10 05:30:00,5,81,0.0,0.0,0.0,0.1691,14.553,6.0,-1,22.86933418171535,55.0,0.09,0.0,0.0,0.0,0.0,48.434167943821954,optimal
2021-02-10 06:00:00,5,81,0.03038313146604602,0.0,0.0,0.15616666666666665,13.0935,6.0,-1,22.69181542617418,55.0,0.09,106.34096013116107,0.0,0.0,0.0,48.38573377587813,optimal
2021-02-10 06:30:00,5,81,0.0,0.0,0.0,0.09066666666666669,15.6345,6.0,-1,22.522101182616407,55.0,0.09,0.0,0.0,0.0,0.0,48.33734804210225,optimal
2021-02-10 07:00:00,5,81,0.0,0.0,0.0,0.2382333333333333,18.102,6.0,-1,22.34256037173823,55.0,0.09,0.0,0.0,0.0,0.0,48.289010694060146,optimal
2021-02-10 07:30:00,5,81,0.0,0.0,0.0,0.0687,17.199,6.0,-1,22.176937049432514,55.0,0.09,0.0,0.0,0.0,0.0,48.240721683366075,optimal
2021-02-10 08:00:00,5,81,0.0,0.0,0.0,0.062,18.2805,6.0,-1,22.0,55.0,0.09,0.0,0.0,0.0,0.0,48.192480961682705,optimal
2021-02-10 08:30:00,5,81,0.0,0.0,0.0,0.26326666666666665,17.4615,6.0,-1,21.823776647359107,55.0,0.09,0.0,0.0,0.0,0.0,48.144288480721016,optimal
2021-02-10 09:00:00,5,81,0.0,0.0,0.0,0.0922,18.3225,6.0,-1,21.666220006377284,55.0,0.088,0.0,0.0,0.0,0.0,48.096144192240295,optimal
2021-02-10 09:30:00,5,81,0.0,0.0,0.0,0.6183,17.094,6.0,-1,21.510093235713438,55.0,0.088,0.0,0.0,0.0,0.0,48.048048048048045,optimal
2021-02-10 10:00:00,5,81,0.0,0.0,0.0,1.3069333333333335,17.094,6.0,-1,21.387622610024696,55.0,0.088,0.0,0.0,0.0,0.0,48.0,optimal
2021-02-10 10:30:00,5,81,0.0,0.0,0.0,0.9872000000000001,17.094,6.0,-1,21.309175475937717,55.0,0.084,0.0,0.0,0.0,0.0,47.87246612302577,optimal
2021-02-10 11:00:00,5,81,0.0,0.0,0.0,0.8606,17.3565,6.0,-1,21.168532932787745,55.0,0.084,0.0,0.0,0.0,0.0,47.74505977992851,optimal
2021-02-10 11:30:00,5,81,0.0,0.0,0.0,0.14346666666666666,17.115,6.0,-1,21.039392176488484,55.0,0.07933333333333334,0.0,0.0,0.0,0.0,47.61778084317435,optimal
2021-02-10 12:00:00,5,81,0.0,0.0,0.0,0.3791333333333333,17.241,6.0,-1,20.884097502825625,55.0,0.07533333333333334,0.0,0.0,0.0,0.0,47.490629185356944,optimal
2021-02-10 12:30:00,5,81,0.0,0.0,0.0,0.6699333333333333,17.094,6.0,-1,20.755661403942078,55.0,0.072,0.0,0.0,0.0,0.0,47.36360467919736,optimal
2021-02-10 13:00:00,5,81,2.0,0.0,0.0,3.399,16.5165,6.0,-1,20.634710334479074,55.0,0.06533333333333333,7000.0,0.0,0.0,0.0,47.23670719754393,optimal
2021-02-10 13:30:00,5,81,0.0,0.0,0.0,4.121366666666667,17.8185,6.0,-1,21.07354815789882,55.0,0.06533333333333333,0.0,0.0,0.0,0.0,47.109936613372156,optimal
2021-02-10 14:00:00,5,81,0.6283679481690791,0.0,0.0,3.4339666666666666,17.094,6.0,-1,20.989571579274315,55.0,0.06533333333333333,2199.287818591777,0.0,0.0,0.0,46.98329279978455,optimal
2021-02-10 14:30:00,5,81,2.0,0.0,0.0,2.527333333333333,16.8945,6.0,-1,21.06652950258994,55.0,0.06533333333333333,7000.0,0.0,0.0,0.0,46.85677563001053,optimal
2021-02-10 15:00:00,5,81,0.0,0.0,0.0,0.11713333333333334,18.123,6.0,-1,21.49351928126992,55.0,0.06533333333333333,0.0,0.0,0.0,0.0,46.73038497740629,optimal
2021-02-10 15:30:00,5,81,0.0,0.0,0.0,0.21713333333333332,31.647,6.0,-1,21.321807551633885,55.0,0.06533333333333333,0.0,0.0,0.0,0.0,46.60412071545465,optimal
2021-02-10 16:00:00,5,81,0.0,0.0,0.0,0.072,34.9965,6.0,-1,21.156781020499903,55.0,0.06533333333333333,0.0,0.0,0.0,0.0,46.47798271776496,optimal
2021-02-10 16:30:00,5,81,0.0,0.0,0.0,0.2656,34.9965,6.0,-1,20.980307874168574,55.0,0.06533333333333333,0.0,0.0,0.0,0.0,46.35197085807296,optimal
2021-02-10 17:00:00,5,81,0.0,0.0,0.0,0.062,34.9965,6.0,-1,20.818965809458938,55.0,0.06533333333333333,0.0,0.0,0.0,0.0,46.22608501024065,optimal
2021-02-10 17:30:00,5,81,0.0,0.0,0.0,0.13546666666666668,34.9965,6.0,-1,20.641942656394043,55.0,0.06533333333333333,0.0,0.0,0.0,0.0,46.10032504825618,optimal
2021-02-10 18:00:00,5,81,0.0,0.0,0.0,0.12933333333333336,34.9965,6.0,-1,20.472170896850514,55.0,0.06533333333333333,0.0,0.0,0.0,0.0,45.97469084623369,optimal
2021-02-10 18:30:00,5,81,0.0,0.0,0.0,0.13696666666666668,27.741,6.0,-1,20.30346901692593,55.0,0.06533333333333333,0.0,0.0,0.0,0.0,45.849182278413224,optimal
2021-02-10 19:00:00,5,81,0.0,0.0,0.0,1.0654333333333335,19.026,6.0,-1,20.133836650484714,55.0,0.06533333333333333,0.0,0.0,0.0,0.0,45.72379921916058,optimal
2021-02-10 19:30:00,5,81,0.47147930320769854,0.0,0.0,0.2087,18.7215,6.0,-1,20.0,55.0,0.06333333333333334,1650.1775612269448,0.0,0.0,0.0,45.67807541994142,optimal
2021-02-10 20:00:00,5,81,0.38302578992265573,0.0,0.0,0.45630000000000004,17.4195,6.0,-1,20.0,55.0,0.012613333333333338,1340.590264729295,0.0,0.0,0.0,45.63239734452148,optimal
2021-02-10 20:30:00,5,81,0.0,0.0,0.0,0.3786666666666667,16.758,6.0,-1,20.0,55.0,0.004666666666666667,0.0,0.0,0.0,0.0,45.58676494717696,optimal
2021-02-10 21:00:00,5,81,0.0,0.0,0.0,1.7689333333333335,14.217,6.0,-1,19.887807166274705,55.0,0.002666666666666666,0.0,0.0,0.0,0.0,45.541178182229785,optimal
2021-02-10 21:30:00,5,81,0.0,0.0,0.0,0.41273333333333334,13.3665,6.0,-1,19.856203456121925,55.0,0.0,0.0,0.0,0.0,0.0,45.49563700404756,optimal
2021-02-10 22:00:00,5,81,0.0,0.0,0.0,0.36386666666666667,12.789,6.0,-1,19.751963069963182,55.0,0.0,0.0,0.0,0.0,0.0,45.450141367043514,optimal
2021-02-10 22:30:00,5,81,0.4976190476190476,0.0,0.0,0.5198666666666667,11.907,6.0,-1,19.62638225173047,55.0,0.0,0.0,0.0,1741.6666666666667,0.0,45.40469122567647,optimal
2021-02-10 23:00:00,5,81,0.0,0.0,0.0,0.11493333333333333,11.7075,6.0,-1,19.495923363867036,55.0,0.0,0.0,0.0,0.0,0.0,45.359286534450796,optimal
2021-02-10 23:30:00,5,81,0.0,0.0,0.0,0.12293333333333334,10.8045,6.0,-1,19.311510174043654,55.0,0.0,0.0,0.0,0.0,0.0,45.31392724791635,optimal
2021-02-11 00:00:00,5,81,0.5529542857142856,0.0,0.0,0.188,12.306,6.0,4,19.311510174043654,55.0,0.0,0.0,0.0,1935.34,0.0,45.26861332066843,optimal
2021-02-11 00:30:00,5,81,2.0,0.0,0.0,0.3403333333333333,10.6365,6.0,4,19.138844845161923,55.0,0.041505645933014354,0.0,0.0,7000.0,0.0,45.22334470734776,optimal
2021-02-11 01:00:00,5,81,2.0,0.0,0.0,0.1819333333333333,11.2455,6.0,4,18.9886097863814,55.0,0.10849129186602871,0.0,0.0,7000.0,0.0,45.17812136264042,optimal
2021-02-11 01:30:00,5,81,2.0,0.0,0.0,0.13269999999999998,11.2455,6.0,4,18.817388672529912,55.0,0.15933333333333333,1687.0066666666671,0.0,5312.993333333333,0.0,45.13294324127778,optimal
2021-02-11 02:00:00,5,81,2.0,0.0,0.0,0.2622333333333333,11.025,6.0,4,18.772501809761938,55.0,0.15933333333333333,7000.0,0.0,0.0,0.0,45.0878102980365,optimal
2021-02-11 02:30:00,5,81,0.0,0.0,0.0,0.067,12.0855,6.0,4,19.14280406902852,55.0,0.15933333333333333,0.0,0.0,0.0,0.0,45.042722487738466,optimal
2021-02-11 03:00:00,5,81,2.0,0.0,0.0,0.22030000000000002,11.6865,6.0,4,18.960575277149754,55.0,0.15933333333333333,7000.0,0.0,0.0,0.0,44.99767976525073,optimal
2021-02-11 03:30:00,5,81,2.0,0.0,0.0,0.17463333333333333,11.2245,6.0,4,19.324249310910098,55.0,0.15933333333333333,7000.0,0.0,0.0,0.0,44.95268208548548,optimal
2021-02-11 04:00:00,5,81,2.0,0.0,0.0,0.067,11.025,6.0,4,19.68343754285406,55.0,0.15933333333333333,7000.0,0.0,0.0,0.0,44.90772940339999,optimal
2021-02-11 04:30:00,5,81,2.0,0.0,0.0,0.067,10.7835,6.0,4,20.033456973070102,55.0,0.15933333333333333,7000.0,0.0,0.0,0.0,44.86282167399659,optimal
2021-02-11 05:00:00,5,81,2.0,0.0,0.0,0.16733333333333333,11.025,6.0,4,20.380380621991712,55.0,0.15933333333333333,7000.0,0.0,0.0,0.0,44.8179588523226,optimal
2021-02-11 05:30:00,5,81,2.0,0.0,2.188595649895882,0.16190000000000002,10.584,6.0,4,20.731882590212464,55.0,0.15933333333333333,7000.0,0.0,0.0,0.0,45.812723827170814,optimal
2021-02-11 06:00:00,5,81,2.0,0.0,0.0,0.13269999999999998,11.025,6.0,4,21.08207272282408,55.0,0.15933333333333333,7000.0,0.0,0.0,0.0,45.76691110334364,optimal
2021-02-11 06:30:00,5,81,2.0,0.0,5.0,0.16733333333333333,10.4265,6.0,4,21.42915128989056,55.0,0.15933333333333333,7000.0,0.0,0.0,0.0,48.096144192240295,optimal
2021-02-11 07:00:00,5,81,0.0,0.0,0.0,0.1749,12.789,6.0,4,21.778010751538364,55.0,0.10866666666666666,0.0,0.0,0.0,0.0,48.048048048048045,optimal
2021-02-11 07:30:00,5,81,1.829115374809662,0.0,0.0,2.764866666666667,12.684,6.0,4,21.60749693173713,55.0,0.102,6401.903811833817,0.0,0.0,0.0,48.0,optimal
2021-02-11 08:00:00,5,81,0.033870482511696186,0.0,0.0,0.43726666666666664,16.254,6.0,4,22.0,55.0,0.09733333333333333,118.54668879093667,0.0,0.0,0.0,47.83221056502794,optimal
2021-02-11 08:30:00,5,81,0.0,0.0,0.0,0.3155,17.64,6.0,4,21.87031075180264,55.0,0.059333333333333335,0.0,0.0,0.0,0.0,47.66458891949086,optimal
2021-02-11 09:00:00,5,81,0.0,0.0,0.0,0.6647333333333334,19.1625,6.0,4,21.719222595509606,55.0,0.056666666666666664,0.0,0.0,0.0,0.0,47.49713489559932,optimal
2021-02-11 09:30:00,5,81,0.0,0.0,0.0,0.4131,26.46,6.0,4,21.581109958253915,55.0,0.05466666666666667,0.0,0.0,0.0,0.0,47.32984832573166,optimal
2021-02-11 10:00:00,5,81,0.0,0.0,0.0,0.0725,20.79,6.0,4,21.430864079919157,55.0,0.05266666666666667,0.0,0.0,0.0,0.0,47.162729042433874,optimal
2021-02-11 10:30:00,5,81,0.0,0.0,0.0,0.31160000000000004,29.106,6.0,4,21.285004022838848,55.0,0.05,0.0,0.0,0.0,0.0,46.995776878419385,optimal
2021-02-11 11:00:00,5,81,0.0,0.0,0.0,0.2256,19.1835,6.0,4,21.147858433453216,55.0,0.05,0.0,0.0,0.0,0.0,46.82899166656891,optimal
2021-02-11 11:30:00,5,81,0.0,0.0,0.0,0.081,19.6665,6.0,4,20.998925625605086,55.0,0.046,0.0,0.0,0.0,0.0,46.66237323993029,optimal
2021-02-11 12:00:00,5,81,0.0,0.0,0.0,0.1712,19.404,6.0,4,20.838031561081653,55.0,0.046,0.0,0.0,0.0,0.0,46.4959214317183,optimal
2021-02-11 12:30:00,5,81,0.0,0.0,0.0,0.081,19.047,6.0,4,20.690823605404876,55.0,0.046,0.0,0.0,0.0,0.0,46.329636075314525,optimal
2021-02-11 13:00:00,5,81,0.0,0.0,0.0,0.2927333333333333,18.858,6.0,4,20.540997725306376,55.0,0.04066666666666666,0.0,0.0,0.0,0.0,46.163517004267156,optimal
2021-02-11 13:30:00,5,81,0.0,0.0,0.0,1.6709666666666667,19.2675,6.0,4,20.426283275616868,55.0,0.04066666666666666,0.0,0.0,0.0,0.0,45.997564052290834,optimal
2021-02-11 14:00:00,5,81,0.0,0.0,0.0,0.3527,18.963,6.0,4,20.344017169123173,55.0,0.03933333333333333,0.0,0.0,0.0,0.0,45.831777053266485,optimal
2021-02-11 14:30:00,5,81,0.0,0.0,0.0,0.5142333333333333,18.438,6.0,4,20.254500560274547,55.0,0.03933333333333333,0.0,0.0,0.0,0.0,45.666155841241164,optimal
2021-02-11 15:00:00,5,81,0.0,0.0,0.0,0.2056,18.7425,6.0,4,20.15613286253778,55.0,0.03933333333333333,0.0,0.0,0.0,0.0,45.50070025042787,optimal
2021-02-11 15:30:00,5,81,2.0,0.0,0.0,1.9877,15.2145,6.0,4,20.0,55.0,0.036,7000.0,0.0,0.0,0.0,45.335410115205384,optimal
2021-02-11 16:00:00,5,81,0.0,0.0,0.0,2.672333333333333,17.7765,6.0,4,20.428033908783274,55.0,0.035333333333333335,0.0,0.0,0.0,0.0,45.17028527011812,optimal
2021-02-11 16:30:00,5,81,0.0,0.0,0.0,2.251333333333333,16.758,6.0,4,20.31937234180731,55.0,0.030666666666666665,0.0,0.0,0.0,0.0,45.00532554987595,optimal
2021-02-11 17:00:00,5,81,2.0,0.0,0.0,0.2324333333333333,16.422,6.0,4,20.212657095961077,55.0,0.020666666666666667,7000.0,0.0,0.0,0.0,44.84053078935402,optimal
2021-02-11 17:30:00,5,81,0.8566450269670608,0.0,0.0,0.7025,16.758,6.0,4,20.60746493122408,55.0,0.020666666666666667,2998.257594384713,0.0,0.0,0.0,44.67590082359261,optimal
2021-02-11 18:00:00,5,81,0.0,0.0,0.0,0.214,29.358,6.0,4,20.722299961653828,55.0,0.018666666666666668,0.0,0.0,0.0,0.0,44.511435487796966,optimal
2021-02-11 18:30:00,5,81,0.0,0.0,0.0,0.5652,34.9965,6.0,4,20.569781244334397,55.0,0.015333333333333332,0.0,0.0,0.0,0.0,44.34713461733711,optimal
2021-02-11 19:00:00,5,81,0.0,0.0,0.0,0.3851666666666667,34.65,6.0,4,20.44990132251401,55.0,0.013333333333333334,0.0,0.0,0.0,0.0,44.182998047747716,optimal
2021-02-11 19:30:00,5,81,0.0,0.0,0.0,0.37139999999999995,34.9965,6.0,4,20.3013705117566,55.0,0.009333333333333334,0.0,0.0,0.0,0.0,44.019025614727916,optimal
2021-02-11 20:00:00,5,81,0.0,0.0,0.0,0.5109,34.9965,6.0,4,20.144453444756408,55.0,0.007333333333333333,0.0,0.0,0.0,0.0,43.85521715414113,optimal
2021-02-11 20:30:00,5,81,0.0,0.0,0.0,0.3618,30.4815,6.0,4,20.0,55.0,0.007333333333333333,0.0,0.0,0.0,0.0,43.691572502014935,optimal
2021-02-11 21:00:00,5,81,0.0,0.0,0.0,0.3263666666666667,21.4305,6.0,4,19.84595149877271,55.0,0.006666666666666667,0.0,0.0,0.0,0.0,43.52809149454087,optimal
2021-02-11 21:30:00,5,81,0.0,0.0,0.0,0.7576333333333334,14.3325,6.0,4,19.696733580389854,55.0,0.006666666666666667,0.0,0.0,0.0,0.0,43.36477396807427,optimal
2021-02-11 22:00:00,5,81,0.0,0.0,0.0,0.18566666666666662,13.692,6.0,4,19.57381692102052,55.0,0.004306666666666667,0.0,0.0,0.0,0.0,43.20161975913414,optimal
2021-02-11 22:30:00,5,81,0.0,0.0,0.0,0.3118333333333333,14.007,6.0,4,19.418015482562154,55.0,0.002666666666666666,0.0,0.0,0.0,0.0,43.15841813937501,optimal
2021-02-11 23:00:00,5,81,0.0,0.0,0.0,0.5806333333333333,12.873,6.0,4,19.28136262884321,55.0,0.0,0.0,0.0,0.0,0.0,43.11525972123563,optimal
2021-02-11 23:30:00,5,81,0.0,0.0,0.0,0.2015,12.684,6.0,4,19.16522850400557,55.0,0.0,0.0,0.0,0.0,0.0,43.0721444615144,optimal
2021-02-12 00:00:00,5,81,0.0,0.0,0.0,0.10153333333333332,11.7285,6.0,4,19.16522850400557,55.0,0.0,0.0,0.0,0.0,0.0,43.029072317052886,optimal
2021-02-12 00:30:00,5,81,0.0,0.0,0.0,0.13793333333333332,11.025,6.0,4,18.957153032988707,55.0,0.0,0.0,0.0,0.0,0.0,42.98604324473583,optimal
2021-02-12 01:00:00,5,81,1.4819631279671563,0.0,0.0,0.133,10.689,6.0,4,18.753692064708257,55.0,0.04963512868789519,0.0,0.0,5186.870947885048,0.0,42.943057201491094,optimal
2021-02-12 01:30:00,5,81,2.0,0.0,5.0,0.2131333333333333,8.1585,6.0,4,18.55165464209696,55.0,0.11662077462090954,0.0,0.0,7000.0,0.0,45.2751141442896,optimal
2021-02-12 02:00:00,5,81,2.0,0.0,0.0,0.053,10.3635,6.0,4,18.35839583315946,55.0,0.146,3929.870947885048,0.0,3070.129052114952,0.0,45.229839030145314,optimal
2021-02-12 02:30:00,5,81,0.0,0.0,0.0,0.14366666666666666,10.8045,6.0,4,18.455034368961307,55.0,0.146,0.0,0.0,0.0,0.0,45.18460919111517,optimal
2021-02-12 03:00:00,5,81,0.0,0.0,0.0,0.20246666666666666,11.025,6.0,4,18.260873693227612,55.0,0.146,0.0,0.0,0.0,0.0,45.139424581924054,optimal
2021-02-12 03:30:00,5,81,2.0,0.0,0.0,0.13833333333333334,10.3635,6.0,4,18.075565003595656,55.0,0.146,7000.0,0.0,0.0,0.0,45.09428515734213,optimal
2021-02-12 04:00:00,5,81,2.0,0.0,0.0,0.07433333333333333,10.8045,6.0,4,18.42669077895709,55.0,0.146,7000.0,0.0,0.0,0.0,45.04919087218479,optimal
2021-02-12 04:30:00,5,81,2.0,0.0,0.0,0.18646666666666667,10.059,6.0,4,18.776024564958625,55.0,0.146,7000.0,0.0,0.0,0.0,45.0041416813126,optimal
2021-02-12 05:00:00,5,81,2.0,0.0,0.0,0.053,10.584,6.0,4,19.137005887650176,55.0,0.146,7000.0,0.0,0.0,0.0,44.95913753963129,optimal
2021-02-12 05:30:00,5,81,2.0,0.0,5.0,0.133,9.4185,6.0,4,19.49081377895145,55.0,0.146,7000.0,0.0,0.0,0.0,47.289178402091665,optimal
2021-02-12 06:00:00,5,81,2.0,0.0,0.0,0.2131333333333333,10.3635,6.0,4,19.85466511247956,55.0,0.146,7000.0,0.0,0.0,0.0,47.241889223689576,optimal
2021-02-12 06:30:00,5,81,2.0,0.0,2.4056857002870844,0.053,9.8385,6.0,4,20.228481219775087,55.0,0.146,7000.0,0.0,0.0,0.0,48.33734804210225,optimal
2021-02-12 07:00:00,5,81,2.0,0.0,0.0,0.17786666666666667,11.067,6.0,4,20.587671267383634,55.0,0.146,7000.0,0.0,0.0,0.0,48.289010694060146,optimal
2021-02-12 07:30:00,5,81,2.0,0.0,0.0,0.16826666666666668,10.8465,6.0,4,20.954085365440463,55.0,0.146,7000.0,0.0,0.0,0.0,48.240721683366075,optimal
2021-02-12 08:00:00,5,81,0.0,0.0,0.0,0.056600000000000004,13.671,6.0,4,21.30856689311911,55.0,0.14533333333333334,0.0,0.0,0.0,0.0,48.192480961682705,optimal
2021-02-12 08:30:00,5,81,0.0,0.0,0.0,0.2768,12.348,6.0,4,21.112018415174795,55.0,0.14533333333333334,0.0,0.0,0.0,0.0,48.144288480721016,optimal
2021-02-12 09:00:00,5,81,0.0,0.0,0.0,0.6961666666666666,14.3325,6.0,4,20.947829999788954,55.0,0.11232,0.0,0.0,0.0,0.0,48.096144192240295,optimal
2021-02-12 09:30:00,5,81,0.0,0.0,0.0,0.06366666666666666,15.393,6.0,4,20.775567622013433,55.0,0.06133333333333333,0.0,0.0,0.0,0.0,48.048048048048045,optimal
2021-02-12 10:00:00,5,81,0.0,0.0,0.0,0.7877000000000001,13.587,6.0,4,20.631853648123087,55.0,0.06066666666666667,0.0,0.0,0.0,0.0,48.0,optimal
2021-02-12 10:30:00,5,81,0.0,0.0,0.0,1.2000333333333333,16.1385,6.0,4,20.52641188841736,55.0,0.06,0.0,0.0,0.0,0.0,47.79364525983482,optimal
2021-02-12 11:00:00,5,81,0.0,0.0,0.0,0.9592,14.595,6.0,4,20.437746441811523,55.0,0.05533333333333333,0.0,0.0,0.0,0.0,47.5874968744098,optimal
2021-02-12 11:30:00,5,81,0.0,0.0,0.0,1.9508333333333332,14.637,6.0,4,20.340383812570376,55.0,0.05533333333333333,0.0,0.0,0.0,0.0,47.381554637370215,optimal
2021-02-12 12:00:00,5,81,0.0,0.0,0.0,2.3575333333333335,13.9125,6.0,4,20.270709286015535,55.0,0.05266666666666667,0.0,0.0,0.0,0.0,47.175818342567666,optimal
2021-02-12 12:30:00,5,81,0.0,0.0,0.0,1.0626666666666666,13.3665,6.0,4,20.230496860853894,55.0,0.05,0.0,0.0,0.0,0.0,46.97028778405992,optimal
2021-02-12 13:00:00,5,81,0.0,0.0,0.0,1.2644333333333333,13.0095,6.0,4,20.156844585702174,55.0,0.05,0.0,0.0,0.0,0.0,46.76496275611068,optimal
2021-02-12 13:30:00,5,81,0.0,0.0,0.0,2.0652,13.8915,6.0,4,20.083806330339378,55.0,0.04533333333333334,0.0,0.0,0.0,0.0,46.55984305318939,optimal
2021-02-12 14:00:00,5,81,0.5953600335661919,0.0,0.0,0.1896,13.188,6.0,4,20.0,55.0,0.04533333333333334,2083.760117481672,0.0,0.0,0.0,46.35492846997102,optimal
2021-02-12 14:30:00,5,81,0.5910681520617046,0.0,0.0,0.22566666666666663,12.5685,6.0,4,20.0,55.0,0.04533333333333334,2068.738532215966,0.0,0.0,0.0,46.15021880133587,optimal
2021-02-12 15:00:00,5,81,0.3990819959981498,0.0,0.0,1.1642000000000001,12.285,6.0,4,20.0,55.0,0.042666666666666665,1396.7869859935242,0.0,0.0,0.0,45.94571384236935,optimal
2021-02-12 15:30:00,5,81,0.32186592337418424,0.0,0.0,2.3429333333333333,11.487,6.0,4,20.0,55.0,0.04133333333333333,1126.530731809645,0.0,0.0,0.0,45.7414133883618,optimal
2021-02-12 16:00:00,5,81,0.0,0.0,0.0,4.115733333333334,11.802,6.0,4,20.015945274421632,55.0,0.027333333333333334,0.0,0.0,0.0,0.0,45.537317234808256,optimal
2021-02-12 16:30:00,5,81,0.26841930643084966,0.0,0.0,2.2988666666666666,11.2245,6.0,4,20.0,55.0,0.024,939.4675725079738,0.0,0.0,0.0,45.333425177408266,optimal
2021-02-12 17:00:00,5,81,1.9498884904530236,0.0,0.0,1.9285,11.025,6.0,4,20.0,55.0,0.022,6824.609716585583,0.0,0.0,0.0,45.129737012065675,optimal
2021-02-12 17:30:00,5,81,0.0,0.0,0.0,1.2424333333333335,11.907,6.0,4,20.41166535505619,55.0,0.021333333333333333,0.0,0.0,0.0,0.0,44.92625253488843,optimal
2021-02-12 18:00:00,5,81,0.0,0.0,0.0,2.0153666666666665,25.83,6.0,4,20.322233380027548,55.0,0.018,0.0,0.0,0.0,0.0,44.72297154218836,optimal
2021-02-12 18:30:00,5,81,0.0,0.0,0.0,0.36323333333333335,28.035,6.0,4,20.295135649625607,55.0,0.016,0.0,0.0,0.0,0.0,44.519893830480996,optimal
2021-02-12 19:00:00,5,81,0.0,0.0,0.0,3.479766666666667,28.119,6.0,4,20.179927296898757,55.0,0.01364,0.0,0.0,0.0,0.0,44.47537393665051,optimal
2021-02-12 19:30:00,5,81,0.0,0.0,0.0,3.0529,30.156,6.0,4,20.12525638372795,55.0,0.010666666666666666,0.0,0.0,0.0,0.0,44.430898562713864,optimal
2021-02-12 20:00:00,5,81,0.0,0.0,0.0,1.0649666666666666,29.1585,6.0,4,20.089585627175676,55.0,0.008,0.0,0.0,0.0,0.0,44.38646766415115,optimal
2021-02-12 20:30:00,5,81,0.0,0.0,0.0,1.4408333333333332,26.712,6.0,4,20.0,55.0,0.006,0.0,0.0,0.0,0.0,44.342081196486994,optimal
2021-02-12 21:00:00,5,81,0.0,0.0,0.0,1.0655,15.435,6.0,4,19.92224358362881,55.0,0.006,0.0,0.0,0.0,0.0,44.297739115290504,optimal
2021-02-12 21:30:00,5,81,0.0,0.0,0.0,1.8613333333333333,13.566,6.0,4,19.82505276810529,55.0,0.006,0.0,0.0,0.0,0.0,44.25344137617521,optimal
2021-02-12 22:00:00,5,81,0.0,0.0,0.0,1.1821333333333335,12.789,6.0,4,19.757665482982087,55.0,0.0033333333333333335,0.0,0.0,0.0,0.0,44.20918793479903,optimal
2021-02-12 22:30:00,5,81,0.0,0.0,0.0,0.29886666666666667,12.1275,6.0,4,19.677401697882996,55.0,0.0033333333333333335,0.0,0.0,0.0,0.0,44.164978746864236,optimal
2021-02-12 23:00:00,5,81,0.0,0.0,0.0,0.38606666666666667,13.671,6.0,4,19.572127398966398,55.0,0.0,0.0,0.0,0.0,0.0,44.12081376811737,optimal
2021-02-12 23:30:00,5,81,0.0398095238095238,0.0,0.0,1.0352000000000001,10.668,6.0,4,19.46108405665105,55.0,0.0,0.0,0.0,139.33333333333331,0.0,44.076692954349255,optimal
2021-02-13 00:00:00,5,81,0.0,0.0,0.0,0.08120000000000001,9.261,6.0,-2,19.46108405665105,55.0,0.0,0.0,0.0,0.0,0.0,44.03261626139491,optimal
2021-02-13 00:30:00,5,81,2.0,0.0,0.0,0.09559999999999999,8.1585,6.0,-2,19.307247029385557,55.0,0.06698564593301436,0.0,0.0,7000.0,0.0,43.98858364513351,optimal
2021-02-13 01:00:00,5,81,1.414095238095238,0.0,0.0,0.196,9.4815,6.0,-2,19.15631032816488,55.0,0.11434768740031898,0.0,0.0,4949.333333333333,0.0,43.94459506148838,optimal
2021-02-13 01:30:00,5,81,2.0,0.0,0.0,0.1348,8.379,6.0,-2,19.014802631899567,55.0,0.18133333333333335,0.0,0.0,7000.0,0.0,43.90065046642689,optimal
2021-02-13 02:00:00,5,81,0.26835414157222015,0.0,0.0,0.056,9.5235,6.0,-2,18.870324499355878,55.0,0.18133333333333335,939.2394955027706,0.0,0.0,0.0,43.85674981596046,optimal
2021-02-13 02:30:00,5,81,2.0,0.0,0.0,0.182,8.1375,6.0,-2,18.793143254427658,55.0,0.18133333333333335,7000.0,0.0,0.0,0.0,43.812893066144504,optimal
2021-02-13 03:00:00,5,81,0.0,0.0,0.0,0.084,10.0905,6.0,-2,19.18815716948006,55.0,0.18133333333333335,0.0,0.0,0.0,0.0,43.76908017307836,optimal
2021-02-13 03:30:00,5,81,2.0,0.0,5.0,0.133,7.539,6.0,-2,19.038716387434302,55.0,0.18133333333333335,7000.0,0.0,0.0,0.0,46.10031109290528,optimal
2021-02-13 04:00:00,5,81,2.0,0.0,4.908469461191069,0.133,7.938,6.0,-2,19.427381632344915,55.0,0.18133333333333335,7000.0,0.0,0.0,0.0,48.38573377587813,optimal
2021-02-13 04:30:00,5,81,2.0,0.0,0.0,0.12079999999999999,8.274,6.0,-2,19.81216705932978,55.0,0.18133333333333335,7000.0,0.0,0.0,0.0,48.33734804210225,optimal
2021-02-13 05:00:00,5,81,2.0,0.0,0.0,0.196,9.261,6.0,-2,20.19173495343749,55.0,0.18133333333333335,7000.0,0.0,0.0,0.0,48.289010694060146,optimal
2021-02-13 05:30:00,5,81,2.0,0.0,0.0,0.07,9.9225,6.0,-2,20.572792491194395,55.0,0.18133333333333335,7000.0,0.0,0.0,0.0,48.240721683366075,optimal
2021-02-13 06:00:00,5,81,2.0,0.0,0.0,0.14,9.702,6.0,-2,20.93999241098336,55.0,0.18133333333333335,7000.0,0.0,0.0,0.0,48.192480961682705,optimal
2021-02-13 06:30:00,5,81,0.0,0.0,0.0,0.19080000000000003,10.584,6.0,-2,21.308395055793582,55.0,0.18133333333333335,0.0,0.0,0.0,0.0,48.144288480721016,optimal
2021-02-13 07:00:00,5,81,2.0,0.0,0.0,0.056,10.143,6.0,-2,21.143476656701083,55.0,0.18133333333333335,7000.0,0.0,0.0,0.0,48.096144192240295,optimal
2021-02-13 07:30:00,5,81,0.0,0.0,0.0,0.16153333333333333,13.0095,6.0,-2,21.50279320041118,55.0,0.12866666666666668,0.0,0.0,0.0,0.0,48.048048048048045,optimal
2021-02-13 08:00:00,5,81,0.0,0.0,0.0,0.132,11.025,6.0,-2,21.352652647643886,55.0,0.06933333333333333,0.0,0.0,0.0,0.0,48.0,optimal
2021-02-13 08:30:00,5,81,0.0,0.0,0.0,0.1376,12.789,6.0,-2,21.20140101347886,55.0,0.06333333333333334,0.0,0.0,0.0,0.0,47.9158824960825,optimal
2021-02-13 09:00:00,5,81,0.0,0.0,0.0,0.113,12.1275,6.0,-2,21.047427712312103,55.0,0.06,0.0,0.0,0.0,0.0,47.83184910966892,optimal
2021-02-13 09:30:00,5,81,0.0,0.0,0.0,0.3204666666666666,12.1695,6.0,-2,20.917721033730118,55.0,0.058,0.0,0.0,0.0,0.0,47.74789975664176,optimal
2021-02-13 10:00:00,5,81,0.0,0.0,0.0,0.5344333333333333,12.306,6.0,-2,20.817803429578237,55.0,0.05533333333333333,0.0,0.0,0.0,0.0,47.66403435296762,optimal
2021-02-13 10:30:00,5,81,0.0,0.0,0.0,0.25266666666666665,13.23,6.0,-2,20.722453659326817,55.0,0.05533333333333333,0.0,0.0,0.0,0.0,47.580252814697154,optimal
2021-02-13 11:00:00,5,81,0.0,0.0,0.0,0.4096,13.671,6.0,-2,20.579273121051617,55.0,0.05466666666666667,0.0,0.0,0.0,0.0,47.49655505796496,optimal
2021-02-13 11:30:00,5,81,0.0,0.0,0.0,0.5073333333333333,13.9335,6.0,-2,20.442724564959914,55.0,0.05333333333333334,0.0,0.0,0.0,0.0,47.4129409989895,optimal
2021-02-13 12:00:00,5,81,0.0,0.0,0.0,0.178,13.293,6.0,-2,20.34110950992039,55.0,0.05333333333333334,0.0,0.0,0.0,0.0,47.329410554073014,optimal
2021-02-13 12:30:00,5,81,0.0,0.0,0.0,0.1728,12.1065,6.0,-2,20.169552000600152,55.0,0.05333333333333334,0.0,0.0,0.0,0.0,47.24596363960145,optimal
2021-02-13 13:00:00,5,81,0.6572074633239907,0.0,0.0,0.066,11.571,6.0,-2,20.0,55.0,0.05333333333333334,2300.2261216339675,0.0,0.0,0.0,47.16260017204435,optimal
2021-02-13 13:30:00,5,81,2.0,0.0,0.0,0.2848,11.025,6.0,-2,20.0,55.0,0.05333333333333334,7000.0,0.0,0.0,0.0,47.07932006795481,optimal
2021-02-13 14:00:00,5,81,2.0,0.0,0.0,0.066,10.8465,6.0,-2,20.37574448175338,55.0,0.05333333333333334,7000.0,0.0,0.0,0.0,46.99612324396936,optimal
2021-02-13 14:30:00,5,81,1.6494025079947312,0.0,0.0,0.2076,11.2455,6.0,-2,20.73237467031867,55.0,0.05333333333333334,5772.908777981559,0.0,0.0,0.0,46.91300961680789,optimal
2021-02-13 15:00:00,5,81,0.0,0.0,0.0,0.1432,23.8665,6.0,-2,21.004006359701208,55.0,0.05333333333333334,0.0,0.0,0.0,0.0,46.82997910327359,optimal
2021-02-13 15:30:00,5,81,0.0,0.0,0.0,0.101,27.4575,6.0,-2,20.82924032544834,55.0,0.05333333333333334,0.0,0.0,0.0,0.0,46.74703162025282,optimal
2021-02-13 16:00:00,5,81,0.0,0.0,0.0,0.185,27.3735,6.0,-2,20.651919371700124,55.0,0.05333333333333334,0.0,0.0,0.0,0.0,46.664167084715075,optimal
2021-02-13 16:30:00,5,81,0.0,0.0,0.0,1.5536333333333334,30.4605,6.0,-2,20.481684189761843,55.0,0.052,0.0,0.0,0.0,0.0,46.581385413712866,optimal
2021-02-13 17:00:00,5,81,0.0,0.0,0.0,0.258,30.0195,6.0,-2,20.403265985337594,55.0,0.048,0.0,0.0,0.0,0.0,46.49868652438166,optimal
2021-02-13 17:30:00,5,81,0.0,0.0,0.0,0.3788,26.9325,6.0,-2,20.261269531384713,55.0,0.048,0.0,0.0,0.0,0.0,46.416070333939786,optimal
2021-02-13 18:00:00,5,81,0.0,0.0,0.0,0.20233333333333328,14.595,6.0,-2,20.164874484873,55.0,0.04466666666666667,0.0,0.0,0.0,0.0,46.33353675968835,optimal
2021-02-13 18:30:00,5,81,0.0,0.0,0.0,0.3638,12.4845,6.0,-2,20.069605991779664,55.0,0.04333333333333334,0.0,0.0,0.0,0.0,46.251085719011165,optimal
2021-02-13 19:00:00,5,81,0.17086614982607343,0.0,0.0,0.45330000000000004,12.1275,6.0,-2,20.0,55.0,0.0,598.031524391257,0.0,0.0,0.0,46.168717129374656,optimal
2021-02-13 19:30:00,5,81,0.35318231109902803,0.0,0.0,0.2432,12.1275,6.0,-2,20.0,55.0,0.0,1236.138088846598,0.0,0.0,0.0,46.086430908327785,optimal
2021-02-13 20:00:00,5,81,0.0,0.0,0.0,0.586,12.789,6.0,-2,20.033259532853638,55.0,0.0,0.0,0.0,0.0,0.0,46.004226973501964,optimal
2021-02-13 20:30:00,5,81,0.0,0.0,0.0,1.6332666666666669,11.907,6.0,-2,20.0,55.0,0.0,0.0,0.0,0.0,0.0,45.92210524261097,optimal
2021-02-13 21:00:00,5,81,0.0,0.0,0.0,0.4472,11.025,6.0,-2,20.043230003959113,55.0,0.0,0.0,0.0,0.0,0.0,45.84006563345086,optimal
2021-02-13 21:30:00,5,81,0.0398095238095238,0.0,0.0,0.8575333333333333,8.2005,6.0,-2,19.983349947409625,55.0,0.001333333333333333,0.0,0.0,139.33333333333331,0.0,45.79422556781741,optimal
2021-02-13 22:00:00,5,81,0.0,0.0,0.0,0.6169,9.5655,6.0,-2,19.974569279513304,55.0,0.0,0.0,0.0,0.0,0.0,45.748431342249596,optimal
2021-02-13 22:30:00,5,81,0.0796190476190476,0.0,0.0,0.6631,7.056,6.0,-2,19.9313593043727,55.0,0.002666666666666666,0.0,0.0,278.66666666666663,0.0,45.70268291090735,optimal
2021-02-13 23:00:00,5,81,0.0,0.0,0.0,0.301,9.3975,6.0,-2,19.898960197467872,55.0,0.0,0.0,0.0,0.0,0.0,45.65698022799644,optimal
2021-02-13 23:30:00,5,81,0.0,0.0,0.0,0.0872,10.059,6.0,-2,19.838524493316346,55.0,0.0,0.0,0.0,0.0,0.0,45.611323247768446,optimal
2021-02-07 00:00:00,6,81,0.0,0.0,0.0,0.059,10.584,6.0,4,21.0,55.0,0.12,0.0,0.0,0.0,0.0,47.952,optimal
2021-02-07 00:30:00,6,81,0.0,0.0,0.0,0.14393333333333333,6.678,6.0,4,20.859925180940593,55.0,0.12,0.0,0.0,0.0,0.0,47.904047999999996,optimal
2021-02-07 01:00:00,6,81,0.0,0.0,0.0,0.059,7.938,6.0,4,20.726677844662085,55.0,0.12,0.0,0.0,0.0,0.0,47.856143952,optimal
2021-02-07 01:30:00,6,81,0.0,0.0,0.0,0.0772,5.292,6.0,4,20.587251530620875,55.0,0.12,0.0,0.0,0.0,0.0,47.80828780804799,optimal
2021-02-07 02:00:00,6,81,0.0,0.0,0.0,0.1257333333333333,9.261,6.0,4,20.45000323579286,55.0,0.12,0.0,0.0,0.0,0.0,47.76047952023995,optimal
2021-02-07 02:30:00,6,81,0.0,0.0,0.0,0.059,10.3635,6.0,4,20.31722549543711,55.0,0.12,0.0,0.0,0.0,0.0,47.712719040719705,optimal
2021-02-07 03:00:00,6,81,0.0,0.0,0.0,0.059,8.274,6.0,4,20.17965170330991,55.0,0.12,0.0,0.0,0.0,0.0,47.66500632167899,optimal
2021-02-07 03:30:00,6,81,0.0,0.0,0.0,0.14393333333333333,7.7175,6.0,4,20.042410236284656,55.0,0.12,0.0,0.0,0.0,0.0,47.61734131535731,optimal
2021-02-07 04:00:00,6,81,0.0,0.0,0.0,0.059,6.615,6.0,4,19.9124134220997,55.0,0.12,0.0,0.0,0.0,0.0,47.56972397404195,optimal
2021-02-07 04:30:00,6,81,0.0,0.0,0.0,0.0772,6.174,6.0,4,19.776651110509796,55.0,0.12,0.0,0.0,0.0,0.0,47.522154250067906,optimal
2021-02-07 05:00:00,6,81,1.8154190531271237,0.0,0.0,0.1257333333333333,3.906,6.0,4,19.643476641423128,55.0,0.12,6353.9666859449335,0.0,0.0,0.0,47.47463209581784,optimal
2021-02-07 05:30:00,6,81,2.0,0.0,0.0,0.06266666666666666,2.3415,6.0,4,19.999434758475253,55.0,0.12,7000.0,0.0,0.0,0.0,47.42715746372202,optimal
2021-02-07 06:00:00,6,81,2.0,0.0,0.0,0.12966666666666665,2.205,6.0,4,20.396394846805567,55.0,0.12,7000.0,0.0,0.0,0.0,47.379730306258296,optimal
2021-02-07 06:30:00,6,81,2.0,0.0,1.6079865606068655,0.09193333333333334,0.882,6.0,4,20.79446758050021,55.0,0.12,7000.0,0.0,0.0,0.0,48.096144192240295,optimal
2021-02-07 07:00:00,6,81,2.0,0.0,0.0,0.058,1.5435,6.0,4,21.190276844113363,55.0,0.11933333333333333,7000.0,0.0,0.0,0.0,48.048048048048045,optimal
2021-02-07 07:30:00,6,81,2.0,0.0,0.0,0.113,1.5435,6.0,4,21.589528158318114,55.0,0.09666666666666666,7000.0,0.0,0.0,0.0,48.0,optimal
2021-02-07 08:00:00,6,81,0.0,0.0,0.0,0.10933333333333331,5.0715,6.0,4,22.0,55.0,0.092,0.0,0.0,0.0,0.0,47.656619345177475,optimal
2021-02-07 08:30:00,6,81,0.0,0.0,0.0,0.07859999999999999,5.376,6.0,4,21.864126942014707,55.0,0.08866666666666667,0.0,0.0,0.0,0.0,47.313582071009776,optimal
2021-02-07 09:00:00,6,81,1.5441503344886491,0.0,0.0,0.15193333333333334,5.0715,6.0,4,21.7231983331924,55.0,0.08133333333333333,5404.526170710272,0.0,0.0,0.0,46.97088783411624,optimal
2021-02-07 09:30:00,6,81,0.5242397472737814,0.0,0.0,0.1242,5.5125,6.0,4,22.0,55.0,0.08133333333333333,1834.839115458235,0.0,0.0,0.0,46.6285362914596,optimal
2021-02-07 10:00:00,6,81,0.5353247247758861,0.0,0.0,0.11106666666666666,9.261,6.0,4,22.0,55.0,0.08133333333333333,1873.6365367156013,0.0,0.0,0.0,46.28652710034562,optimal
2021-02-07 10:30:00,6,81,0.0,0.0,0.0,2.02,11.7075,6.0,4,22.0,55.0,0.08133333333333333,0.0,0.0,0.0,0.0,45.94485991842276,optimal
2021-02-07 11:00:00,6,81,0.0,0.0,0.0,1.6419000000000001,12.348,6.0,4,21.96008958906314,55.0,0.08133333333333333,0.0,0.0,0.0,0.0,45.60353440368181,optimal
2021-02-07 11:30:00,6,81,0.0,0.0,0.0,0.3697,12.348,6.0,4,21.88547119563799,55.0,0.08133333333333333,0.0,0.0,0.0,0.0,45.26255021445561,optimal
2021-02-07 12:00:00,6,81,0.0,0.0,0.0,0.21159999999999998,12.1275,6.0,4,21.757261201339425,55.0,0.08,0.0,0.0,0.0,0.0,44.92190700941863,optimal
2021-02-07 12:30:00,6,81,0.0,0.0,0.0,0.0872,12.5265,6.0,4,21.60408725170965,55.0,0.08,0.0,0.0,0.0,0.0,44.58160444758669,optimal
2021-02-07 13:00:00,6,81,0.0,0.0,0.0,0.069,11.7495,6.0,4,21.43023738215195,55.0,0.08,0.0,0.0,0.0,0.0,44.24164218831658,optimal
2021-02-07 13:30:00,6,81,0.0,0.0,0.0,0.07506666666666666,13.23,6.0,4,21.25653806305323,55.0,0.08,0.0,0.0,0.0,0.0,43.90201989130574,optimal
2021-02-07 14:00:00,6,81,0.0,0.0,0.0,0.23053333333333334,14.3325,6.0,4,21.085279634388417,55.0,0.08,0.0,0.0,0.0,0.0,43.56273721659191,optimal
2021-02-07 14:30:00,6,81,0.0,0.0,0.0,0.193,14.994,6.0,4,20.941311400608537,55.0,0.07866666666666666,0.0,0.0,0.0,0.0,43.2237938245528,optimal
2021-02-07 15:00:00,6,81,0.0,0.0,0.0,0.5680666666666667,14.8155,6.0,4,20.819110418427485,55.0,0.078,0.0,0.0,0.0,0.0,42.885189375905725,optimal
2021-02-07 15:30:00,6,81,0.0,0.0,0.0,0.2919333333333333,14.112,6.0,4,20.71645435731225,55.0,0.07733333333333334,0.0,0.0,0.0,0.0,42.54692353170729,optimal
2021-02-07 16:00:00,6,81,0.0,0.0,0.0,0.2062,14.007,6.0,4,20.593663215474795,55.0,0.07733333333333334,0.0,0.0,0.0,0.0,42.20899595335306,optimal
2021-02-07 16:30:00,6,81,0.0,0.0,0.0,0.15393333333333334,13.23,6.0,4,20.47049677356029,55.0,0.07733333333333334,0.0,0.0,0.0,0.0,41.871406302577185,optimal
2021-02-07 17:00:00,6,81,1.7706099650868887,0.0,0.0,0.069,11.382,6.0,4,20.31131677983796,55.0,0.07733333333333334,6197.13487780411,0.0,0.0,0.0,41.534154241452086,optimal
2021-02-07 17:30:00,6,81,0.0,0.0,0.0,0.181,11.7495,6.0,4,20.619817042588412,55.0,0.07733333333333334,0.0,0.0,0.0,0.0,41.19723943238811,optimal
2021-02-07 18:00:00,6,81,0.0,0.0,0.0,0.3115333333333334,24.3285,6.0,4,20.478268616560282,55.0,0.07733333333333334,0.0,0.0,0.0,0.0,40.8606615381332,optimal
2021-02-07 18:30:00,6,81,0.0,0.0,0.0,0.37010000000000004,28.917,6.0,4,20.35480800091275,55.0,0.074,0.0,0.0,0.0,0.0,40.524420221772544,optimal
2021-02-07 19:00:00,6,81,0.0,0.0,0.0,0.0714,31.3635,6.0,4,20.25487669061051,55.0,0.072,0.0,0.0,0.0,0.0,40.48389580155077,optimal
2021-02-07 19:30:00,6,81,0.0,0.0,0.0,0.2814,33.306,6.0,4,20.14184177229738,55.0,0.05498666666666667,0.0,0.0,0.0,0.0,40.44341190574922,optimal
2021-02-07 20:00:00,6,81,0.0,0.0,0.0,0.44110000000000005,31.3425,6.0,4,20.05571145303523,55.0,0.05266666666666667,0.0,0.0,0.0,0.0,40.402968493843474,optimal
2021-02-07 20:30:00,6,81,0.0,0.0,0.0,0.3412333333333333,28.2555,6.0,4,20.0,55.0,0.03133333333333333,0.0,0.0,0.0,0.0,40.36256552534963,optimal
2021-02-07 21:00:00,6,81,0.0,0.0,0.0,0.4256666666666667,15.6975,6.0,4,19.94588853627602,55.0,0.03133333333333333,0.0,0.0,0.0,0.0,40.32220295982428,optimal
2021-02-07 21:30:00,6,81,0.0,0.0,0.0,0.2744,12.5475,6.0,4,19.88303856885195,55.0,0.03133333333333333,0.0,0.0,0.0,0.0,40.28188075686446,optimal
2021-02-07 22:00:00,6,81,0.0,0.0,0.0,0.16836666666666666,12.0855,6.0,4,19.815358754694177,55.0,0.03,0.0,0.0,0.0,0.0,40.241598876107595,optimal
2021-02-07 22:30:00,6,81,0.0,0.0,0.0,0.16846666666666668,11.907,6.0,4,19.74222367655234,55.0,0.03,0.0,0.0,0.0,0.0,40.20135727723149,optimal
2021-02-07 23:00:00,6,81,0.0,0.0,0.0,0.069,12.5685,6.0,4,19.622864359913702,55.0,0.03,0.0,0.0,0.0,0.0,40.161155919954254,optimal
2021-02-07 23:30:00,6,81,0.0,0.0,0.0,0.11753333333333332,13.146,6.0,4,19.485240694294745,55.0,0.03,0.0,0.0,0.0,0.0,40.1209947640343,optimal
2021-02-08 00:00:00,6,81,2.0,0.0,0.0,0.062,7.938,6.0,-1,19.485240694294745,55.0,0.03,7000.0,0.0,0.0,0.0,40.08087376927027,optimal
2021-02-08 00:30:00,6,81,1.3299511030532172,0.0,0.0,0.11193333333333334,8.6835,6.0,-1,19.872737159738193,55.0,0.05921048351533901,0.0,0.0,4654.82886068626,0.0,40.040792895501,optimal
2021-02-08 01:00:00,6,81,1.9999999999999998,0.0,0.0,0.062,7.665,6.0,-1,19.731616458632246,55.0,0.08466666666666665,4339.828860686261,0.0,2660.1711393137384,0.0,40.000752102605496,optimal
2021-02-08 01:30:00,6,81,2.0,0.0,0.0,0.062,6.7725,6.0,-1,19.914193800213194,55.0,0.08466666666666665,7000.0,0.0,0.0,0.0,39.96075135050289,optimal
2021-02-08 02:00:00,6,81,2.0,0.0,3.296717934806446,0.062,5.5755,6.0,-1,20.297454117779665,55.0,0.08466666666666665,7000.0,0.0,0.0,0.0,41.48673161818544,optimal
2021-02-08 02:30:00,6,81,2.0,0.0,5.0,0.062,5.0925,6.0,-1,20.676882421832165,55.0,0.08466666666666665,7000.0,0.0,0.0,0.0,43.82024488656725,optimal
2021-02-08 03:00:00,6,81,2.0,0.0,5.0,0.062,4.1895,6.0,-1,21.05339706483187,55.0,0.08466666666666665,7000.0,0.0,0.0,0.0,46.15142464168068,optimal
2021-02-08 03:30:00,6,81,2.0,0.0,0.0,0.062,7.056,6.0,-1,21.427023816940686,55.0,0.08466666666666665,7000.0,0.0,0.0,0.0,46.10527321703899,optimal
2021-02-08 04:00:00,6,81,2.0,0.0,5.0,0.062,5.271,6.0,-1,21.796903760553217,55.0,0.08466666666666665,7000.0,0.0,0.0,0.0,48.434167943821954,optimal
2021-02-08 04:30:00,6,81,2.0,0.0,0.0,0.062,7.938,6.0,-1,22.16307003468592,55.0,0.08466666666666665,7000.0,0.0,0.0,0.0,48.38573377587813,optimal
2021-02-08 05:00:00,6,81,2.0,0.0,0.0,0.062,7.938,6.0,-1,22.525113255333668,55.0,0.08466666666666665,7000.0,0.0,0.0,0.0,48.33734804210225,optimal
2021-02-08 05:30:00,6,81,0.0,0.0,0.0,0.062,11.907,6.0,-1,22.88306988924874,55.0,0.08466666666666665,0.0,0.0,0.0,0.0,48.289010694060146,optimal
2021-02-08 06:00:00,6,81,0.0,0.0,0.0,0.062,11.025,6.0,-1,22.703926241876744,55.0,0.08466666666666665,0.0,0.0,0.0,0.0,48.240721683366075,optimal
2021-02-08 06:30:00,6,81,0.0,0.0,0.0,0.062,11.2875,6.0,-1,22.525924818202387,55.0,0.08466666666666665,0.0,0.0,0.0,0.0,48.192480961682705,optimal
2021-02-08 07:00:00,6,81,0.0,0.0,0.0,0.062,12.936,6.0,-1,22.34905551571578,55.0,0.08466666666666665,0.0,0.0,0.0,0.0,48.144288480721016,optimal
2021-02-08 07:30:00,6,81,0.0,0.0,0.0,0.062,13.0095,6.0,-1,22.173308321259668,55.0,0.08466666666666665,0.0,0.0,0.0,0.0,48.096144192240295,optimal
2021-02-08 08:00:00,6,81,0.0,0.0,0.0,0.226,13.671,6.0,-1,22.0,55.0,0.05782666666666666,0.0,0.0,0.0,0.0,48.048048048048045,optimal
2021-02-08 08:30:00,6,81,0.0,0.0,0.0,0.3495,13.188,6.0,-1,21.85519928375661,55.0,0.013999999999999997,0.0,0.0,0.0,0.0,48.0,optimal
2021-02-08 09:00:00,6,81,0.0,0.0,0.0,0.09786666666666666,13.8495,6.0,-1,21.72201186366671,55.0,0.01133333333333333,0.0,0.0,0.0,0.0,47.91208126615174,optimal
2021-02-08 09:30:00,6,81,0.0,0.0,0.0,0.1326,13.23,6.0,-1,21.56950731643704,55.0,0.01133333333333333,0.0,0.0,0.0,0.0,47.82425045103732,optimal
2021-02-08 10:00:00,6,81,0.0,0.0,0.0,0.084,13.3665,6.0,-1,21.423801432002964,55.0,0.01133333333333333,0.0,0.0,0.0,0.0,47.736507466738026,optimal
2021-02-08 10:30:00,6,81,0.0,0.0,0.0,2.0003333333333333,13.0515,6.0,-1,21.268425393179932,55.0,0.009999999999999998,0.0,0.0,0.0,0.0,47.64885222542303,optimal
2021-02-08 11:00:00,6,81,0.0,0.0,0.0,0.23596666666666666,13.5345,6.0,-1,21.19991282973127,55.0,0.005999999999999998,0.0,0.0,0.0,0.0,47.561284639349346,optimal
2021-02-08 11:30:00,6,81,0.0,0.0,0.0,0.20980000000000001,14.154,6.0,-1,21.050914864142005,55.0,0.005999999999999998,0.0,0.0,0.0,0.0,47.473804620861735,optimal
2021-02-08 12:00:00,6,81,0.0,0.0,0.0,0.2873,14.112,6.0,-1,20.903853455703214,55.0,0.005999999999999998,0.0,0.0,0.0,0.0,47.38641208239261,optimal
2021-02-08 12:30:00,6,81,0.0,0.0,0.0,0.21773333333333328,14.2485,6.0,-1,20.758127177720112,55.0,0.005999999999999998,0.0,0.0,0.0,0.0,47.29910693646195,optimal
2021-02-08 13:00:00,6,81,0.0,0.0,0.0,0.072,12.789,6.0,-1,20.60949528467142,55.0,0.005999999999999998,0.0,0.0,0.0,0.0,47.21188909567723,optimal
2021-02-08 13:30:00,6,81,0.0,0.0,0.0,0.072,13.0095,6.0,-1,20.441636769720102,55.0,0.005999999999999998,0.0,0.0,0.0,0.0,47.12475847273329,optimal
2021-02-08 14:00:00,6,81,2.0,0.0,0.0,0.072,12.1275,6.0,-1,20.276147355763054,55.0,0.005999999999999998,7000.0,0.0,0.0,0.0,47.0377149804123,optimal
2021-02-08 14:30:00,6,81,0.8209576819408132,0.0,0.0,0.072,12.348,6.0,-1,20.646498157899178,55.0,0.005999999999999998,2873.3518867928465,0.0,0.0,0.0,46.950758531583624,optimal
2021-02-08 15:00:00,6,81,2.0,0.0,0.0,0.072,12.348,6.0,-1,20.69774180349126,55.0,0.005999999999999998,7000.0,0.0,0.0,0.0,46.86388903920378,optimal
2021-02-08 15:30:00,6,81,0.0,0.0,0.0,0.072,25.389,6.0,-1,21.06171038771874,55.0,0.005999999999999998,0.0,0.0,0.0,0.0,46.777106416316315,optimal
2021-02-08 16:00:00,6,81,0.0,0.0,0.0,0.072,29.1375,6.0,-1,20.88940997721356,55.0,0.005999999999999998,0.0,0.0,0.0,0.0,46.69041057605174,optimal
2021-02-08 16:30:00,6,81,0.0,0.0,0.0,0.2528666666666667,30.597,6.0,-1,20.719075718842372,55.0,0.005333333333333332,0.0,0.0,0.0,0.0,46.603801431627424,optimal
2021-02-08 17:00:00,6,81,0.0,0.0,0.0,0.33846666666666664,33.684,6.0,-1,20.57505225843263,55.0,0.005333333333333332,0.0,0.0,0.0,0.0,46.517278896347534,optimal
2021-02-08 17:30:00,6,81,0.0,0.0,0.0,0.24466666666666662,32.445,6.0,-1,20.445588533631888,55.0,0.0033333333333333327,0.0,0.0,0.0,0.0,46.43084288360293,optimal
2021-02-08 18:00:00,6,81,0.0,0.0,0.0,0.072,28.917,6.0,-1,20.30702096035018,55.0,0.0033333333333333327,0.0,0.0,0.0,0.0,46.344493306871065,optimal
2021-02-08 18:30:00,6,81,0.0,0.0,0.0,0.40213333333333334,15.876,6.0,-1,20.1356464719775,55.0,0.0033333333333333327,0.0,0.0,0.0,0.0,46.258230079715936,optimal
2021-02-08 19:00:00,6,81,0.4381864166998429,0.0,0.0,0.3191333333333333,12.348,6.0,-1,20.0,55.0,0.0019999999999999996,1533.65245844945,0.0,0.0,0.0,46.17205311578796,optimal
2021-02-08 19:30:00,6,81,0.8933762848114045,0.0,0.0,0.3418,12.1275,6.0,-1,20.0,55.0,0.0006666666666666665,3126.8169968399156,0.0,0.0,0.0,46.08596232882391,optimal
2021-02-08 20:00:00,6,81,0.0,0.0,0.0,0.4417,12.348,6.0,-1,20.11910771232479,55.0,0.0006666666666666665,0.0,0.0,0.0,0.0,45.999957632646826,optimal
2021-02-08 20:30:00,6,81,0.0,0.0,0.0,1.6228333333333333,12.1275,6.0,-1,20.0,55.0,0.0006666666666666665,0.0,0.0,0.0,0.0,45.91403894116592,optimal
2021-02-08 21:00:00,6,81,0.0,0.0,0.0,0.2546,12.1275,6.0,-1,19.968495556899143,55.0,0.0006666666666666665,0.0,0.0,0.0,0.0,45.8282061683765,optimal
2021-02-08 21:30:00,6,81,0.0,0.0,0.0,0.46613333333333334,11.2665,6.0,-1,19.835941443762128,55.0,0.0,0.0,0.0,0.0,0.0,45.74245922835986,optimal
2021-02-08 22:00:00,6,81,0.0,0.0,0.0,0.49726666666666663,10.143,6.0,-1,19.71887058906029,55.0,0.0,0.0,0.0,0.0,0.0,45.656798035283245,optimal
2021-02-08 22:30:00,6,81,0.0,0.0,0.0,0.37639999999999996,11.2455,6.0,-1,19.604865570257132,55.0,0.0,0.0,0.0,0.0,0.0,45.5712225033997,optimal
2021-02-08 23:00:00,6,81,0.0,0.0,0.0,0.1857666666666667,11.025,6.0,-1,19.500473151363213,55.0,0.0,0.0,0.0,0.0,0.0,45.525651280896305,optimal
2021-02-08 23:30:00,6,81,0.0,0.0,0.0,0.06966666666666667,5.9745,6.0,-1,19.3693003668605,55.0,0.0,0.0,0.0,0.0,0.0,45.48012562961541,optimal
2021-02-09 00:00:00,6,81,0.0398095238095238,0.0,0.0,0.08256666666666666,11.466,6.0,2,19.3693003668605,55.0,0.0,0.0,0.0,139.33333333333331,0.0,45.43464550398579,optimal
2021-02-09 00:30:00,6,81,2.0,0.0,0.0,0.052,10.8045,6.0,2,19.22644798990233,55.0,0.06698564593301436,0.0,0.0,7000.0,0.0,45.3892108584818,optimal
2021-02-09 01:00:00,6,81,2.0,0.0,5.0,0.052,10.584,6.0,2,19.08086316884608,55.0,0.086,5013.0,0.0,1987.0,0.0,47.71882164762332,optimal
2021-02-09 01:30:00,6,81,0.8855927361767691,0.0,0.0,0.052,11.2455,6.0,2,19.3190647513233,55.0,0.086,3099.574576618692,0.0,0.0,0.0,47.6711028259757,optimal
2021-02-09 02:00:00,6,81,0.0,0.0,0.0,0.14466666666666667,12.1275,6.0,2,19.40844689270767,55.0,0.086,0.0,0.0,0.0,0.0,47.62343172314973,optimal
2021-02-09 02:30:00,6,81,0.0,0.0,0.0,0.052,11.823,6.0,2,19.266988093499126,55.0,0.086,0.0,0.0,0.0,0.0,47.575808291426576,optimal
2021-02-09 03:00:00,6,81,0.0,0.0,0.0,0.09833333333333331,11.7705,6.0,2,19.12016025166668,55.0,0.086,0.0,0.0,0.0,0.0,47.52823248313515,optimal
2021-02-09 03:30:00,6,81,2.0,0.0,0.0,0.09833333333333331,11.13,6.0,2,18.97860448245735,55.0,0.086,7000.0,0.0,0.0,0.0,47.48070425065201,optimal
2021-02-09 04:00:00,6,81,2.0,0.0,0.0,0.052,11.6865,6.0,2,19.372677245712424,55.0,0.086,7000.0,0.0,0.0,0.0,47.43322354640136,optimal
2021-02-09 04:30:00,6,81,2.0,0.0,0.0,0.13076666666666667,10.7205,6.0,2,19.760617844067408,55.0,0.086,7000.0,0.0,0.0,0.0,47.38579032285496,optimal
2021-02-09 05:00:00,6,81,2.0,0.0,0.0,0.0659,11.424,6.0,2,20.150245859776142,55.0,0.086,7000.0,0.0,0.0,0.0,47.3384045325321,optimal
2021-02-09 05:30:00,6,81,2.0,0.0,1.9992748534031828,0.0659,10.689,6.0,2,20.530599619147903,55.0,0.086,7000.0,0.0,0.0,0.0,48.240721683366075,optimal
2021-02-09 06:00:00,6,81,2.0,0.0,0.0,0.13076666666666667,11.361,6.0,2,20.907589302265947,55.0,0.086,7000.0,0.0,0.0,0.0,48.192480961682705,optimal
2021-02-09 06:30:00,6,81,2.0,0.0,0.0,0.052,11.571,6.0,2,21.286188356203635,55.0,0.086,7000.0,0.0,0.0,0.0,48.144288480721016,optimal
2021-02-09 07:00:00,6,81,0.0,0.0,0.0,0.1354,14.3745,6.0,2,21.654993567640204,55.0,0.086,0.0,0.0,0.0,0.0,48.096144192240295,optimal
2021-02-09 07:30:00,6,81,0.0,0.0,0.0,2.026566666666666,13.23,6.0,2,21.492958723410965,55.0,0.043333333333333335,0.0,0.0,0.0,0.0,48.048048048048045,optimal
2021-02-09 08:00:00,6,81,0.0,0.0,0.0,0.5062666666666666,13.9755,6.0,2,21.362522552995557,55.0,0.042,0.0,0.0,0.0,0.0,48.0,optimal
2021-02-09 08:30:00,6,81,0.0,0.0,0.0,0.7957333333333334,14.994,6.0,2,21.235265396529737,55.0,0.03933333333333333,0.0,0.0,0.0,0.0,47.20957602758142,optimal
2021-02-09 09:00:00,6,81,0.0,0.0,0.0,1.2760333333333334,13.671,6.0,2,21.129806668985655,55.0,0.036,0.0,0.0,0.0,0.0,46.41994247913526,optimal
2021-02-09 09:30:00,6,81,0.0,0.0,0.0,0.195,15.981,6.0,2,21.05344710719551,55.0,0.036,0.0,0.0,0.0,0.0,45.63109856423755,optimal
2021-02-09 10:00:00,6,81,0.0,0.0,0.0,1.9243333333333332,15.6345,6.0,2,20.917845296243073,55.0,0.036,0.0,0.0,0.0,0.0,44.84304349325473,optimal
2021-02-09 10:30:00,6,81,0.0,0.0,0.0,0.5223666666666666,16.5375,6.0,2,20.794354164299463,55.0,0.036,0.0,0.0,0.0,0.0,44.0557764773429,optimal
2021-02-09 11:00:00,6,81,0.0,0.0,0.0,0.2072,14.7735,6.0,2,20.672931250265012,55.0,0.034,0.0,0.0,0.0,0.0,43.26929672844698,optimal
2021-02-09 11:30:00,6,81,0.0,0.0,0.0,1.2164000000000001,15.2145,6.0,2,20.548268567032597,55.0,0.034,0.0,0.0,0.0,0.0,42.48360345929996,optimal
2021-02-09 12:00:00,6,81,0.0,0.0,0.0,2.5241,14.553,6.0,2,20.435544400807178,55.0,0.029333333333333333,0.0,0.0,0.0,0.0,41.698695883422076,optimal
2021-02-09 12:30:00,6,81,0.0,0.0,0.0,1.4188,14.3325,6.0,2,20.376358780073705,55.0,0.027333333333333334,0.0,0.0,0.0,0.0,40.91457321512008,optimal
2021-02-09 13:00:00,6,81,0.0,0.0,0.0,2.1744333333333334,14.595,6.0,2,20.315526142208,55.0,0.020666666666666667,0.0,0.0,0.0,0.0,40.13123466948638,optimal
2021-02-09 13:30:00,6,81,0.0,0.0,0.0,0.36360000000000003,14.994,6.0,2,20.209384059819428,55.0,0.019333333333333334,0.0,0.0,0.0,0.0,39.348679462398316,optimal
2021-02-09 14:00:00,6,81,0.0,0.0,0.0,2.1396666666666664,14.3325,6.0,2,20.101059893330714,55.0,0.017333333333333333,0.0,0.0,0.0,0.0,38.56690681051734,optimal
2021-02-09 14:30:00,6,81,0.4383021610762167,0.0,0.0,0.1293,13.8915,6.0,2,20.0,55.0,0.017333333333333333,1534.0575637667587,0.0,0.0,0.0,37.785915931288244,optimal
2021-02-09 15:00:00,6,81,0.3443095728214203,0.0,0.0,1.140766666666667,13.8915,6.0,2,20.0,55.0,0.015333333333333332,1205.083504874971,0.0,0.0,0.0,37.00570604293838,optimal
2021-02-09 15:30:00,6,81,2.0,0.0,0.0,1.2752000000000001,13.4715,6.0,2,20.0,55.0,0.010666666666666666,7000.0,0.0,0.0,0.0,36.22627636447686,optimal
2021-02-09 16:00:00,6,81,2.0,0.0,0.0,0.206,13.23,6.0,2,20.43825584599861,55.0,0.009333333333333334,7000.0,0.0,0.0,0.0,35.44762611569381,optimal
2021-02-09 16:30:00,6,81,0.23043333697143803,0.0,0.0,0.062,13.8915,6.0,2,20.872412691571412,55.0,0.009333333333333334,806.5166794000331,0.0,0.0,0.0,34.66975451715954,optimal
2021-02-09 17:00:00,6,81,0.0,0.0,0.0,0.2059333333333333,26.9325,6.0,2,20.761164896120736,55.0,0.007333333333333333,0.0,0.0,0.0,0.0,33.8926607902238,optimal
2021-02-09 17:30:00,6,81,0.0,0.0,0.0,0.4338666666666667,30.303,6.0,2,20.62376495440029,55.0,0.007333333333333333,0.0,0.0,0.0,0.0,33.116344157015,optimal
2021-02-09 18:00:00,6,81,0.0,0.0,0.0,1.8508333333333333,32.886,6.0,2,20.488642030020117,55.0,0.006,0.0,0.0,0.0,0.0,32.340803840439406,optimal
2021-02-09 18:30:00,6,81,0.0,0.0,0.0,1.6901333333333335,34.9965,6.0,2,20.364387305660177,55.0,0.002666666666666666,0.0,0.0,0.0,0.0,31.566039064180384,optimal
2021-02-09 19:00:00,6,81,0.0,0.0,0.0,2.684066666666667,33.327,6.0,2,20.25556541973857,55.0,0.002666666666666666,0.0,0.0,0.0,0.0,30.79204905269762,optimal
2021-02-09 19:30:00,6,81,0.0,0.0,0.0,2.3514666666666666,31.122,6.0,2,20.206590527434408,55.0,0.002666666666666666,0.0,0.0,0.0,0.0,30.018833031226343,optimal
2021-02-09 20:00:00,6,81,0.0,0.0,0.0,0.307,17.9025,6.0,2,20.10886870501023,55.0,0.001333333333333333,0.0,0.0,0.0,0.0,29.988814198195115,optimal
2021-02-09 20:30:00,6,81,0.0,0.0,0.0,2.2479666666666667,15.6555,6.0,2,20.0,55.0,0.0,0.0,0.0,0.0,0.0,29.95882538399692,optimal
2021-02-09 21:00:00,6,81,0.0,0.0,0.0,1.7249333333333334,14.553,6.0,2,19.910364640828472,55.0,0.0,0.0,0.0,0.0,0.0,29.928866558612924,optimal
2021-02-09 21:30:00,6,81,0.0,0.0,0.0,0.7107333333333333,14.3325,6.0,2,19.82870807535131,55.0,0.0,0.0,0.0,0.0,0.0,29.89893769205431,optimal
2021-02-09 22:00:00,6,81,0.0,0.0,0.0,0.15466666666666665,13.335,6.0,2,19.70049387156085,55.0,0.0,0.0,0.0,0.0,0.0,29.869038754362258,optimal
2021-02-09 22:30:00,6,81,0.0,0.0,0.0,0.062,12.1275,6.0,2,19.55733649394934,55.0,0.0,0.0,0.0,0.0,0.0,29.839169715607895,optimal
2021-02-09 23:00:00,6,81,0.0,0.0,0.0,0.12223333333333332,12.2955,6.0,2,19.408825096957756,55.0,0.0,0.0,0.0,0.0,0.0,29.809330545892287,optimal
2021-02-09 23:30:00,6,81,0.0,0.0,0.0,0.09443333333333334,11.6865,6.0,2,19.266660025780688,55.0,0.0,0.0,0.0,0.0,0.0,29.779521215346396,optimal
2021-02-10 00:00:00,6,81,2.0,0.0,5.0,0.063,10.8045,6.0,0,19.266660025780688,55.0,0.0,7000.0,0.0,0.0,0.0,32.124741694131046,optimal
2021-02-10 00:30:00,6,81,2.0,0.0,0.0,0.2802,11.508,6.0,0,19.65266351893603,55.0,0.06698564593301436,0.0,0.0,7000.0,0.0,32.09261695243691,optimal
2021-02-10 01:00:00,6,81,2.0,0.0,0.0,0.063,11.508,6.0,0,19.51742993443752,55.0,0.12266666666666666,1181.333333333333,0.0,5818.666666666667,0.0,32.06052433548447,optimal
2021-02-10 01:30:00,6,81,2.0,0.0,0.0,0.15743333333333334,11.508,6.0,0,19.455987617772298,55.0,0.12266666666666666,7000.0,0.0,0.0,0.0,32.02846381114899,optimal
2021-02-10 02:00:00,6,81,1.4416967073214393,0.0,0.0,0.1857666666666667,11.844,6.0,0,19.84486026693819,55.0,0.12266666666666666,5045.938475625037,0.0,0.0,0.0,31.99643534733784,optimal
2021-02-10 02:30:00,6,81,2.0,0.0,4.669901858055298,0.063,11.508,6.0,0,20.082643217225066,55.0,0.12266666666666666,7000.0,0.0,0.0,0.0,34.18264229456677,optimal
2021-02-10 03:00:00,6,81,2.0,0.0,5.0,0.063,11.508,6.0,0,20.457891827384085,55.0,0.12266666666666666,7000.0,0.0,0.0,0.0,36.5234596522722,optimal
2021-02-10 03:30:00,6,81,2.0,0.0,5.0,0.21480000000000002,10.4475,6.0,0,20.829821514283978,55.0,0.12266666666666666,7000.0,0.0,0.0,0.0,38.86193619261992,optimal
2021-02-10 04:00:00,6,81,2.0,0.0,5.0,0.08843333333333334,10.8675,6.0,0,21.210030789043483,55.0,0.12266666666666666,7000.0,0.0,0.0,0.0,41.198074256427304,optimal
2021-02-10 04:30:00,6,81,2.0,0.0,5.0,0.10296666666666668,10.542,6.0,0,21.57724646339852,55.0,0.12266666666666666,7000.0,0.0,0.0,0.0,43.531876182170876,optimal
2021-02-10 05:00:00,6,81,2.0,0.0,5.0,0.2402333333333333,11.025,6.0,0,21.941437433897214,55.0,0.12266666666666666,7000.0,0.0,0.0,0.0,45.8633443059887,optimal
2021-02-10 05:30:00,6,81,2.0,0.0,5.0,0.10296666666666668,11.025,6.0,0,22.311984347101557,55.0,0.12266666666666666,7000.0,0.0,0.0,0.0,48.192480961682705,optimal
2021-02-10 06:00:00,6,81,0.0,0.0,0.0,0.16143333333333335,14.553,6.0,0,22.66790793640437,55.0,0.12266666666666666,0.0,0.0,0.0,0.0,48.144288480721016,optimal
2021-02-10 06:30:00,6,81,0.0,0.0,0.0,0.1817666666666667,13.0935,6.0,0,22.490762924955764,55.0,0.12266666666666666,0.0,0.0,0.0,0.0,48.096144192240295,optimal
2021-02-10 07:00:00,6,81,0.0,0.0,0.0,0.061666666666666654,15.6345,6.0,0,22.31850327711174,55.0,0.11866666666666667,0.0,0.0,0.0,0.0,48.048048048048045,optimal
2021-02-10 07:30:00,6,81,0.0,0.0,0.0,0.13,18.102,6.0,0,22.147953423218397,55.0,0.11866666666666667,0.0,0.0,0.0,0.0,48.0,optimal
2021-02-10 08:00:00,6,81,0.0,0.0,0.0,0.4603,17.199,6.0,0,22.0,55.0,0.116,0.0,0.0,0.0,0.0,47.824000201771106,optimal
2021-02-10 08:30:00,6,81,0.0,0.0,0.0,0.25880000000000003,18.2805,6.0,0,21.882143220112564,55.0,0.11133333333333334,0.0,0.0,0.0,0.0,47.64817640334044,optimal
2021-02-10 09:00:00,6,81,0.0,0.0,0.0,0.4579,17.4615,6.0,0,21.752015172880256,55.0,0.06814666666666666,0.0,0.0,0.0,0.0,47.47252842870821,optimal
2021-02-10 09:30:00,6,81,0.0,0.0,0.0,3.499733333333333,18.3225,6.0,0,21.6380838193563,55.0,0.04933333333333333,0.0,0.0,0.0,0.0,47.29705610205061,optimal
2021-02-10 10:00:00,6,81,0.0,0.0,0.0,2.1063666666666667,17.094,6.0,0,21.61283805253439,55.0,0.04933333333333333,0.0,0.0,0.0,0.0,47.121759247719666,optimal
2021-02-10 10:30:00,6,81,0.0,0.0,0.0,0.27886666666666665,17.094,6.0,0,21.532622282840993,55.0,0.04933333333333333,0.0,0.0,0.0,0.0,46.94663769024305,optimal
2021-02-10 11:00:00,6,81,0.0,0.0,0.0,0.1686,17.094,6.0,0,21.36875419927905,55.0,0.04933333333333333,0.0,0.0,0.0,0.0,46.77169125432392,optimal
2021-02-10 11:30:00,6,81,0.0,0.0,0.0,0.30860000000000004,17.3565,6.0,0,21.19023170172449,55.0,0.04933333333333333,0.0,0.0,0.0,0.0,46.596919764840706,optimal
2021-02-10 12:00:00,6,81,0.0,0.0,0.0,0.1075,17.115,6.0,0,21.023458434329104,55.0,0.04933333333333333,0.0,0.0,0.0,0.0,46.42232304684698,optimal
2021-02-10 12:30:00,6,81,0.0,0.0,0.0,0.1144,17.241,6.0,0,20.8509310235249,55.0,0.04933333333333333,0.0,0.0,0.0,0.0,46.24790092557124,optimal
2021-02-10 13:00:00,6,81,0.0,0.0,0.0,0.1834,17.094,6.0,0,20.68045541913665,55.0,0.04933333333333333,0.0,0.0,0.0,0.0,46.07365322641677,optimal
2021-02-10 13:30:00,6,81,2.0,0.0,0.0,0.073,16.5165,6.0,0,20.516746309473262,55.0,0.04933333333333333,7000.0,0.0,0.0,0.0,45.89957977496147,optimal
2021-02-10 14:00:00,6,81,0.0,0.0,0.0,0.27566666666666667,17.8185,6.0,0,20.88133219745968,55.0,0.04933333333333333,0.0,0.0,0.0,0.0,45.725680396957614,optimal
2021-02-10 14:30:00,6,81,0.4675995693494633,0.0,0.0,0.08753333333333334,17.094,6.0,0,20.72641618543905,55.0,0.04933333333333333,1636.5984927231216,0.0,0.0,0.0,45.55195491833177,optimal
2021-02-10 15:00:00,6,81,2.0,0.0,0.0,0.21066666666666664,16.8945,6.0,0,20.68326243966175,55.0,0.04933333333333333,7000.0,0.0,0.0,0.0,45.378403165184544,optimal
2021-02-10 15:30:00,6,81,0.0,0.0,0.0,0.15253333333333333,18.123,6.0,0,21.058636484296876,55.0,0.04933333333333333,0.0,0.0,0.0,0.0,45.205024963790464,optimal
2021-02-10 16:00:00,6,81,0.0,0.0,0.0,0.31156666666666666,31.647,6.0,0,20.890998983272425,55.0,0.04933333333333333,0.0,0.0,0.0,0.0,45.03182014059778,optimal
2021-02-10 16:30:00,6,81,0.0,0.0,0.0,0.3985666666666667,34.9965,6.0,0,20.75173392791685,55.0,0.04533333333333334,0.0,0.0,0.0,0.0,44.85878852222829,optimal
2021-02-10 17:00:00,6,81,0.0,0.0,0.0,0.3982,34.9965,6.0,0,20.634287554483368,55.0,0.04533333333333334,0.0,0.0,0.0,0.0,44.68592993547717,optimal
2021-02-10 17:30:00,6,81,0.0,0.0,0.0,0.38489999999999996,34.9965,6.0,0,20.521900679292226,55.0,0.03266666666666666,0.0,0.0,0.0,0.0,44.5132442073128,optimal
2021-02-10 18:00:00,6,81,0.0,0.0,0.0,0.3430666666666667,34.9965,6.0,0,20.397678800480147,55.0,0.028666666666666667,0.0,0.0,0.0,0.0,44.340731164876594,optimal
2021-02-10 18:30:00,6,81,0.0,0.0,0.0,1.3845333333333334,34.9965,6.0,0,20.286516189508735,55.0,0.028666666666666667,0.0,0.0,0.0,0.0,44.16839063548282,optimal
2021-02-10 19:00:00,6,81,0.0,0.0,0.0,0.5650333333333333,27.741,6.0,0,20.203634769397304,55.0,0.01,0.0,0.0,0.0,0.0,43.99622244661845,optimal
2021-02-10 19:30:00,6,81,0.0,0.0,0.0,0.4966666666666667,19.026,6.0,0,20.095102400067614,55.0,0.007333333333333333,0.0,0.0,0.0,0.0,43.82422642594294,optimal
2021-02-10 20:00:00,6,81,0.4249591232559886,0.0,0.0,0.24796666666666667,18.7215,6.0,0,20.0,55.0,0.004,1487.3569313959601,0.0,0.0,0.0,43.65240240128811,optimal
2021-02-10 20:30:00,6,81,0.0,0.0,0.0,0.2442666666666667,17.4195,6.0,0,20.0,55.0,0.002,0.0,0.0,0.0,0.0,43.48075020065793,optimal
2021-02-10 21:00:00,6,81,0.0,0.0,0.0,0.33039999999999997,16.758,6.0,0,19.886638564600425,55.0,0.002,0.0,0.0,0.0,0.0,43.30926965222838,optimal
2021-02-10 21:30:00,6,81,0.0,0.0,0.0,0.4363,14.217,6.0,0,19.78163668160797,55.0,0.002,0.0,0.0,0.0,0.0,43.13796058434726,optimal
2021-02-10 22:00:00,6,81,0.0,0.0,0.0,2.297433333333333,13.3665,6.0,0,19.669334483520284,55.0,0.0,0.0,0.0,0.0,0.0,43.094822623762916,optimal
2021-02-10 22:30:00,6,81,0.0,0.0,0.0,0.2286,12.789,6.0,0,19.629286348840218,55.0,0.0,0.0,0.0,0.0,0.0,43.05172780113915,optimal
2021-02-10 23:00:00,6,81,0.0,0.0,0.0,0.1812333333333333,11.907,6.0,0,19.467991338217878,55.0,0.0,0.0,0.0,0.0,0.0,43.00867607333801,optimal
2021-02-10 23:30:00,6,81,0.0,0.0,0.0,0.073,11.7075,6.0,0,19.288939098488207,55.0,0.0,0.0,0.0,0.0,0.0,42.965667397264674,optimal
2021-02-11 00:00:00,6,81,2.0,0.0,2.209049174678491,0.0726,10.6365,6.0,3,19.288939098488207,55.0,0.0,7000.0,0.0,0.0,0.0,43.972000087839696,optimal
2021-02-11 00:30:00,6,81,2.0,0.0,0.0,0.23513333333333333,11.2455,6.0,3,19.641894497530732,55.0,0.0663189792663477,0.0,0.0,7000.0,0.0,43.928028087751855,optimal
2021-02-11 01:00:00,6,81,2.0,0.0,0.0,0.061,11.2455,6.0,3,19.47511259882969,55.0,0.11733333333333333,1669.0,0.0,5331.0,0.0,43.88410005966409,optimal
2021-02-11 01:30:00,6,81,2.0,0.0,0.0,0.061,11.025,6.0,3,19.411992801414115,55.0,0.11733333333333333,7000.0,0.0,0.0,0.0,43.84021595960443,optimal
2021-02-11 02:00:00,6,81,0.0,0.0,0.0,0.12246666666666668,12.0855,6.0,3,19.75572359014432,55.0,0.11733333333333333,0.0,0.0,0.0,0.0,43.79637574364482,optimal
2021-02-11 02:30:00,6,81,2.0,0.0,0.0,0.1436,11.6865,6.0,3,19.567174843314387,55.0,0.11733333333333333,7000.0,0.0,0.0,0.0,43.75257936790118,optimal
2021-02-11 03:00:00,6,81,2.0,0.0,0.0,0.061,11.2245,6.0,3,19.914791429468895,55.0,0.11733333333333333,7000.0,0.0,0.0,0.0,43.708826788533266,optimal
2021-02-11 03:30:00,6,81,2.0,0.0,0.0,0.1974,11.025,6.0,3,20.252306246573927,55.0,0.11733333333333333,7000.0,0.0,0.0,0.0,43.66511796174473,optimal
2021-02-11 04:00:00,6,81,2.0,0.0,0.0,0.11466666666666668,10.7835,6.0,3,20.59944250429137,55.0,0.11733333333333333,7000.0,0.0,0.0,0.0,43.621452843782976,optimal
2021-02-11 04:30:00,6,81,2.0,0.0,0.0,0.2668333333333333,11.025,6.0,3,20.941179867357945,55.0,0.114,7000.0,0.0,0.0,0.0,43.577831390939195,optimal
2021-02-11 05:00:00,6,81,2.0,0.0,5.0,0.40873333333333334,10.584,6.0,3,21.30440993146366,55.0,0.11266666666666666,7000.0,0.0,0.0,0.0,45.909253559548254,optimal
2021-02-11 05:30:00,6,81,2.0,0.0,0.0,0.061,11.025,6.0,3,21.67596350239939,55.0,0.10733333333333334,7000.0,0.0,0.0,0.0,45.8633443059887,optimal
2021-02-11 06:00:00,6,81,2.0,0.0,5.0,0.13033333333333336,10.4265,6.0,3,22.019442201262706,55.0,0.10733333333333334,7000.0,0.0,0.0,0.0,48.192480961682705,optimal
2021-02-11 06:30:00,6,81,0.0,0.0,0.0,0.14986666666666668,12.789,6.0,3,22.368145442897127,55.0,0.10333333333333333,0.0,0.0,0.0,0.0,48.144288480721016,optimal
2021-02-11 07:00:00,6,81,0.6035297421315664,0.0,0.0,0.2715,12.684,6.0,3,22.1862942829383,55.0,0.102,2112.3540974604825,0.0,0.0,0.0,48.096144192240295,optimal
2021-02-11 07:30:00,6,81,0.0,0.0,0.0,0.29306666666666664,16.254,6.0,3,22.171091115801907,55.0,0.1,0.0,0.0,0.0,0.0,48.048048048048045,optimal
2021-02-11 08:00:00,6,81,0.0,0.0,0.0,0.3022333333333333,17.64,6.0,3,22.0,55.0,0.07733333333333334,0.0,0.0,0.0,0.0,48.0,optimal
2021-02-11 08:30:00,6,81,0.0,0.0,0.0,2.335366666666667,19.1625,6.0,3,21.840909240079274,55.0,0.07733333333333334,0.0,0.0,0.0,0.0,47.92741995243103,optimal
2021-02-11 09:00:00,6,81,0.0,0.0,0.0,4.5187333333333335,26.46,6.0,3,21.695072073674492,55.0,0.018,0.0,0.0,0.0,0.0,47.85491248490963,optimal
2021-02-11 09:30:00,6,81,0.0,0.0,0.0,2.2786999999999997,20.79,6.0,3,21.637413801830963,55.0,0.018,0.0,0.0,0.0,0.0,47.78247752485576,optimal
2021-02-11 10:00:00,6,81,0.0,0.0,0.0,2.527066666666667,29.106,6.0,3,21.505290336071518,55.0,0.018,0.0,0.0,0.0,0.0,47.710114999761934,optimal
2021-02-11 10:30:00,6,81,0.0,0.0,0.0,1.4403,19.1835,6.0,3,21.386546621916242,55.0,0.018,0.0,0.0,0.0,0.0,47.63782483719321,optimal
2021-02-11 11:00:00,6,81,0.0,0.0,0.0,2.615,19.6665,6.0,3,21.241103648071775,55.0,0.018,0.0,0.0,0.0,0.0,47.565606964787044,optimal
2021-02-11 11:30:00,6,81,0.0,0.0,0.0,2.0232,19.404,6.0,3,21.116313552561937,55.0,0.017333333333333333,0.0,0.0,0.0,0.0,47.49346131025329,optimal
2021-02-11 12:00:00,6,81,0.0,0.0,0.0,0.071,19.047,6.0,3,20.998198720875568,55.0,0.017333333333333333,0.0,0.0,0.0,0.0,47.42138780137407,optimal
2021-02-11 12:30:00,6,81,0.0,0.0,0.0,0.11733333333333332,18.858,6.0,3,20.8231739149076,55.0,0.017333333333333333,0.0,0.0,0.0,0.0,47.34938636600373,optimal
2021-02-11 13:00:00,6,81,0.0,0.0,0.0,0.11776666666666669,19.2675,6.0,3,20.662711775911017,55.0,0.017333333333333333,0.0,0.0,0.0,0.0,47.27745693206876,optimal
2021-02-11 13:30:00,6,81,0.0,0.0,0.0,0.071,18.963,6.0,3,20.511076752447305,55.0,0.017333333333333333,0.0,0.0,0.0,0.0,47.20559942756772,optimal
2021-02-11 14:00:00,6,81,0.0,0.0,0.0,0.1702,18.438,6.0,3,20.352742779533212,55.0,0.017333333333333333,0.0,0.0,0.0,0.0,47.13381378057118,optimal
2021-02-11 14:30:00,6,81,0.0,0.0,0.0,0.1082,18.7425,6.0,3,20.204254012219366,55.0,0.017333333333333333,0.0,0.0,0.0,0.0,47.062099919221644,optimal
2021-02-11 15:00:00,6,81,2.0,0.0,0.0,0.071,15.2145,6.0,3,20.04925774351262,55.0,0.017333333333333333,7000.0,0.0,0.0,0.0,46.99045777173345,optimal
2021-02-11 15:30:00,6,81,0.0,0.0,0.0,0.1082,17.7765,6.0,3,20.42319367926428,55.0,0.017333333333333333,0.0,0.0,0.0,0.0,46.91888726639275,optimal
2021-02-11 16:00:00,6,81,0.9488619687530543,0.0,0.0,0.34886666666666666,16.758,6.0,3,20.252994074254467,55.0,0.016666666666666666,3321.01689063569,0.0,0.0,0.0,46.84738833155739,optimal
2021-02-11 16:30:00,6,81,2.0,0.0,0.0,0.23846666666666666,16.422,6.0,3,20.363655954487474,55.0,0.012,7000.0,0.0,0.0,0.0,46.775960895656866,optimal
2021-02-11 17:00:00,6,81,2.0,0.0,0.0,0.21953333333333333,16.758,6.0,3,20.753079759869884,55.0,0.010666666666666666,7000.0,0.0,0.0,0.0,46.70460488719224,optimal
2021-02-11 17:30:00,6,81,0.0,0.0,0.0,0.3343,29.358,6.0,3,21.130928911904572,55.0,0.010666666666666666,0.0,0.0,0.0,0.0,46.63332023473608,optimal
2021-02-11 18:00:00,6,81,0.0,0.0,0.0,0.4234,34.9965,6.0,3,20.973469132017122,55.0,0.006666666666666667,0.0,0.0,0.0,0.0,46.56210686693238,optimal
2021-02-11 18:30:00,6,81,0.0,0.0,0.0,0.3778,34.65,6.0,3,20.83366416173894,55.0,0.0,0.0,0.0,0.0,0.0,46.490964712496485,optimal
2021-02-11 19:00:00,6,81,0.0,0.0,0.0,0.18880000000000002,34.9965,6.0,3,20.679577961041222,55.0,0.0,0.0,0.0,0.0,0.0,46.41989370021502,optimal
2021-02-11 19:30:00,6,81,0.0,0.0,0.0,0.071,34.9965,6.0,3,20.464165981045596,55.0,0.0,0.0,0.0,0.0,0.0,46.348893758945835,optimal
2021-02-11 20:00:00,6,81,0.0,0.0,0.0,0.071,30.4815,6.0,3,20.234605645395707,55.0,0.0,0.0,0.0,0.0,0.0,46.27796481761792,optimal
2021-02-11 20:30:00,6,81,0.0,0.0,0.0,0.1268,21.4305,6.0,3,20.0,55.0,0.0,0.0,0.0,0.0,0.0,46.207106805231334,optimal
2021-02-11 21:00:00,6,81,0.0,0.0,0.0,0.27153333333333335,14.3325,6.0,3,19.772606501081086,55.0,0.0,0.0,0.0,0.0,0.0,46.13631965085713,optimal
2021-02-11 21:30:00,6,81,0.0,0.0,0.0,0.34676666666666667,13.692,6.0,3,19.563127738133645,55.0,0.0,0.0,0.0,0.0,0.0,46.090183331206276,optimal
2021-02-11 22:00:00,6,81,0.0,0.0,0.0,0.3114666666666666,14.007,6.0,3,19.390045427391208,55.0,0.0,0.0,0.0,0.0,0.0,46.04409314787507,optimal
2021-02-11 22:30:00,6,81,0.0,0.0,0.0,0.071,12.873,6.0,3,19.216526475844635,55.0,0.0,0.0,0.0,0.0,0.0,45.99804905472719,optimal
2021-02-11 23:00:00,6,81,0.0,0.0,0.0,0.2074,12.684,6.0,3,19.006382521019066,55.0,0.0,0.0,0.0,0.0,0.0,45.952051005672466,optimal
2021-02-11 23:30:00,6,81,0.0,0.0,0.0,0.071,12.306,6.0,3,18.803185920062173,55.0,0.0,0.0,0.0,0.0,0.0,45.906098954666795,optimal
2021-02-12 00:00:00,6,81,0.0,0.0,0.0,0.06946666666666666,11.025,6.0,3,18.803185920062173,55.0,0.0,0.0,0.0,0.0,0.0,45.86019285571213,optimal
2021-02-12 00:30:00,6,81,0.0,0.0,0.0,0.063,10.689,6.0,3,18.601053703363743,55.0,0.0,0.0,0.0,0.0,0.0,45.814332662856415,optimal
2021-02-12 01:00:00,6,81,2.0,0.0,5.0,0.063,8.1585,6.0,3,18.3950085211271,55.0,0.051333333333333335,1635.666666666667,0.0,5364.333333333333,0.0,48.14351833019356,optimal
2021-02-12 01:30:00,6,81,2.0,0.0,0.0,0.20013333333333333,10.3635,6.0,3,18.315445039165397,55.0,0.051333333333333335,7000.0,0.0,0.0,0.0,48.095374811863365,optimal
2021-02-12 02:00:00,6,81,0.0,0.0,0.0,0.063,10.8045,6.0,3,18.65675384306804,55.0,0.051333333333333335,0.0,0.0,0.0,0.0,48.0472794370515,optimal
2021-02-12 02:30:00,6,81,0.0,0.0,0.0,0.19390000000000002,11.025,6.0,3,18.4519849351457,55.0,0.051333333333333335,0.0,0.0,0.0,0.0,47.99923215761445,optimal
2021-02-12 03:00:00,6,81,2.0,0.0,0.0,0.06923333333333334,10.3635,6.0,3,18.261656807186142,55.0,0.051333333333333335,7000.0,0.0,0.0,0.0,47.951232925456836,optimal
2021-02-12 03:30:00,6,81,2.0,0.0,0.0,0.10663333333333334,10.8045,6.0,3,18.599656263598973,55.0,0.051333333333333335,7000.0,0.0,0.0,0.0,47.90328169253138,optimal
2021-02-12 04:00:00,6,81,2.0,0.0,0.0,0.1565,10.059,6.0,3,18.943707841352325,55.0,0.051333333333333335,7000.0,0.0,0.0,0.0,47.855378410838846,optimal
2021-02-12 04:30:00,6,81,2.0,0.0,0.0,0.063,10.584,6.0,3,19.2947081358334,55.0,0.051333333333333335,7000.0,0.0,0.0,0.0,47.80752303242801,optimal
2021-02-12 05:00:00,6,81,2.0,0.0,0.9110851627097443,0.20013333333333333,9.4185,6.0,3,19.641669262778784,55.0,0.051333333333333335,7000.0,0.0,0.0,0.0,48.192480961682705,optimal
2021-02-12 05:30:00,6,81,2.0,0.0,0.0,0.063,10.3635,6.0,3,20.002204240447455,55.0,0.051333333333333335,7000.0,0.0,0.0,0.0,48.144288480721016,optimal
2021-02-12 06:00:00,6,81,2.0,0.0,0.0,0.13156666666666667,9.8385,6.0,3,20.356174746082427,55.0,0.051333333333333335,7000.0,0.0,0.0,0.0,48.096144192240295,optimal
2021-02-12 06:30:00,6,81,2.0,0.0,0.0,0.16656666666666667,11.067,6.0,3,20.719315885306898,55.0,0.051333333333333335,7000.0,0.0,0.0,0.0,48.048048048048045,optimal
2021-02-12 07:00:00,6,81,2.0,0.0,0.0,0.3588,10.8465,6.0,3,21.08490567106494,55.0,0.04733333333333333,7000.0,0.0,0.0,0.0,48.0,optimal
2021-02-12 07:30:00,6,81,0.0,0.0,0.0,0.3696666666666667,13.671,6.0,3,21.492606634656838,55.0,0.043333333333333335,0.0,0.0,0.0,0.0,47.87764428018885,optimal
2021-02-12 08:00:00,6,81,0.0,0.0,0.0,0.168,12.348,6.0,3,21.387258963819516,55.0,0.03933333333333333,0.0,0.0,0.0,0.0,47.75541091609752,optimal
2021-02-12 08:30:00,6,81,0.0,0.0,0.0,0.5149,14.3325,6.0,3,21.260506571455476,55.0,0.023333333333333334,0.0,0.0,0.0,0.0,47.633299785370276,optimal
2021-02-12 09:00:00,6,81,0.0,0.0,0.0,0.6437666666666666,15.393,6.0,3,21.12380324791508,55.0,0.023333333333333334,0.0,0.0,0.0,0.0,47.511310765773764,optimal
2021-02-12 09:30:00,6,81,0.0,0.0,0.0,1.3357666666666668,13.587,6.0,3,20.972314911162194,55.0,0.021333333333333333,0.0,0.0,0.0,0.0,47.38944373519685,optimal
2021-02-12 10:00:00,6,81,0.0,0.0,0.0,0.33413333333333334,16.1385,6.0,3,20.839975799867304,55.0,0.021333333333333333,0.0,0.0,0.0,0.0,47.267698571650506,optimal
2021-02-12 10:30:00,6,81,0.0,0.0,0.0,0.3439,14.595,6.0,3,20.69675243072991,55.0,0.021333333333333333,0.0,0.0,0.0,0.0,47.14607515326771,optimal
2021-02-12 11:00:00,6,81,0.0,0.0,0.0,1.4808,14.637,6.0,3,20.547196372093513,55.0,0.02,0.0,0.0,0.0,0.0,47.0245733583033,optimal
2021-02-12 11:30:00,6,81,0.0,0.0,0.0,0.22756666666666664,13.9125,6.0,3,20.443910068943026,55.0,0.02,0.0,0.0,0.0,0.0,46.903193065133856,optimal
2021-02-12 12:00:00,6,81,0.0,0.0,0.0,0.21013333333333334,13.3665,6.0,3,20.303128596792014,55.0,0.02,0.0,0.0,0.0,0.0,46.78193415225758,optimal
2021-02-12 12:30:00,6,81,0.4706071017626454,0.0,0.0,0.14806666666666665,13.0095,6.0,3,20.14845400374268,55.0,0.017333333333333333,1647.124856169259,0.0,0.0,0.0,46.660796498294175,optimal
2021-02-12 13:00:00,6,81,0.0,0.0,0.0,1.3124666666666667,13.8915,6.0,3,20.11965997704732,55.0,0.016666666666666666,0.0,0.0,0.0,0.0,46.539779981984736,optimal
2021-02-12 13:30:00,6,81,0.38085762220561326,0.0,0.0,1.4118,13.188,6.0,3,20.0,55.0,0.015333333333333332,1333.0016777196465,0.0,0.0,0.0,46.41888448219161,optimal
2021-02-12 14:00:00,6,81,0.48474098594714515,0.0,0.0,0.1958,12.5685,6.0,3,20.0,55.0,0.008666666666666666,1696.593450815008,0.0,0.0,0.0,46.29810987789827,optimal
2021-02-12 14:30:00,6,81,0.4305329139664618,0.0,0.0,0.35736666666666667,12.285,6.0,3,20.0,55.0,0.008666666666666666,1506.8651988826164,0.0,0.0,0.0,46.17745604820923,optimal
2021-02-12 15:00:00,6,81,2.0,0.0,0.0,0.16069999999999998,11.487,6.0,3,20.0,55.0,0.008666666666666666,7000.0,0.0,0.0,0.0,46.05692287234987,optimal
2021-02-12 15:30:00,6,81,0.0,0.0,0.0,0.3379,11.802,6.0,3,20.39855132263255,55.0,0.008666666666666666,0.0,0.0,0.0,0.0,45.936510229666375,optimal
2021-02-12 16:00:00,6,81,2.0,0.0,0.0,0.07923333333333334,11.2245,6.0,3,20.265633286789228,55.0,0.008666666666666666,7000.0,0.0,0.0,0.0,45.816217999625565,optimal
2021-02-12 16:30:00,6,81,2.0,0.0,0.0,0.073,11.025,6.0,3,20.629499320151368,55.0,0.008666666666666666,7000.0,0.0,0.0,0.0,45.6960460618148,optimal
2021-02-12 17:00:00,6,81,0.2530295239594448,0.0,0.0,0.073,11.907,6.0,3,20.9870186630683,55.0,0.008666666666666666,885.6033338580568,0.0,0.0,0.0,45.57599429594184,optimal
2021-02-12 17:30:00,6,81,0.0,0.0,0.0,0.22363333333333332,25.83,6.0,3,20.87272505798201,55.0,0.006666666666666667,0.0,0.0,0.0,0.0,45.45606258183475,optimal
2021-02-12 18:00:00,6,81,0.0,0.0,0.0,0.10416666666666669,28.035,6.0,3,20.70778949857643,55.0,0.006666666666666667,0.0,0.0,0.0,0.0,45.33625079944177,optimal
2021-02-12 18:30:00,6,81,0.0,0.0,0.0,0.11040000000000001,28.119,6.0,3,20.529077328416285,55.0,0.006666666666666667,0.0,0.0,0.0,0.0,45.21655882883118,optimal
2021-02-12 19:00:00,6,81,0.0,0.0,0.0,0.9989333333333331,30.156,6.0,3,20.3519786276961,55.0,0.0033333333333333335,0.0,0.0,0.0,0.0,45.096986550191204,optimal
2021-02-12 19:30:00,6,81,0.0,0.0,0.0,0.947,29.1585,6.0,3,20.229556505884766,55.0,0.0033333333333333335,0.0,0.0,0.0,0.0,44.97753384382987,optimal
2021-02-12 20:00:00,6,81,0.0,0.0,0.0,0.5510333333333333,26.712,6.0,3,20.103697331353874,55.0,0.0033333333333333335,0.0,0.0,0.0,0.0,44.858200590174896,optimal
2021-02-12 20:30:00,6,81,0.0,0.0,0.0,0.3554,15.435,6.0,3,20.0,55.0,0.0033333333333333335,0.0,0.0,0.0,0.0,44.738986669773574,optimal
2021-02-12 21:00:00,6,81,0.0,0.0,0.0,0.43726666666666664,13.566,6.0,3,19.91730243089734,55.0,0.0033333333333333335,0.0,0.0,0.0,0.0,44.61989196329266,optimal
2021-02-12 21:30:00,6,81,0.0,0.0,0.0,1.8025333333333333,12.789,6.0,3,19.827521319090994,55.0,0.0033333333333333335,0.0,0.0,0.0,0.0,44.50091635151822,optimal
2021-02-12 22:00:00,6,81,0.0,0.0,0.0,0.6383333333333334,12.1275,6.0,3,19.777865546452578,55.0,0.0,0.0,0.0,0.0,0.0,44.38205971535556,optimal
2021-02-12 22:30:00,6,81,0.0,0.0,0.0,0.4004333333333333,13.671,6.0,3,19.700864377791238,55.0,0.0,0.0,0.0,0.0,0.0,44.337677655640206,optimal
2021-02-12 23:00:00,6,81,0.0,0.0,0.0,0.5134666666666667,10.668,6.0,3,19.647128751118146,55.0,0.0,0.0,0.0,0.0,0.0,44.293339977984566,optimal
2021-02-12 23:30:00,6,81,0.0,0.0,0.0,0.13133333333333333,11.7285,6.0,3,19.598184599362625,55.0,0.0,0.0,0.0,0.0,0.0,44.24904663800658,optimal
2021-02-13 00:00:00,6,81,0.05971428571428571,0.0,0.0,0.507,11.025,6.0,4,19.598184599362625,55.0,0.0,0.0,0.0,209.0,0.0,44.204797591368575,optimal
2021-02-13 00:30:00,6,81,2.0,0.0,0.0,0.2317,8.2005,6.0,4,19.47355672296328,55.0,0.06698564593301436,0.0,0.0,7000.0,0.0,44.160592793777205,optimal
2021-02-13 01:00:00,6,81,0.0,0.0,0.0,0.5368999999999999,9.5655,6.0,4,19.350470819562695,55.0,0.06498564593301435,0.0,0.0,0.0,0.0,44.116432200983425,optimal
2021-02-13 01:30:00,6,81,2.0,0.0,5.0,0.2494,7.056,6.0,4,19.252308148460347,55.0,0.1306379585326954,0.0,0.0,7000.0,0.0,46.44731576878244,optimal
2021-02-13 02:00:00,6,81,0.0,0.0,0.0,0.37976666666666664,9.3975,6.0,4,19.12066207205012,55.0,0.1306379585326954,0.0,0.0,0.0,0.0,46.40086845301366,optimal
2021-02-13 02:30:00,6,81,0.0,0.0,0.0,0.24813333333333332,10.059,6.0,4,18.991560004015547,55.0,0.1299712918660287,0.0,0.0,0.0,0.0,46.354467584560645,optimal
2021-02-13 03:00:00,6,81,0.0,0.0,0.0,0.10366666666666668,9.261,6.0,4,18.85662882889515,55.0,0.1299712918660287,0.0,0.0,0.0,0.0,46.30811311697608,optimal
2021-02-13 03:30:00,6,81,2.0,0.0,0.0,0.10679999999999999,8.1585,6.0,4,18.708590937951694,55.0,0.138,6161.0,0.0,839.0,0.0,46.2618050038591,optimal
2021-02-13 04:00:00,6,81,0.0,0.0,0.0,0.2463333333333333,9.4815,6.0,4,19.021402095286273,55.0,0.138,0.0,0.0,0.0,0.0,46.215543198855244,optimal
2021-02-13 04:30:00,6,81,2.0,0.0,0.0,0.10133333333333332,8.379,6.0,4,18.872089375270427,55.0,0.138,7000.0,0.0,0.0,0.0,46.16932765565639,optimal
2021-02-13 05:00:00,6,81,0.0,0.0,0.0,0.143,9.5235,6.0,4,19.245526946094262,55.0,0.138,0.0,0.0,0.0,0.0,46.123158328000734,optimal
2021-02-13 05:30:00,6,81,2.0,0.0,0.0,0.29533333333333334,8.1375,6.0,4,19.08555301959038,55.0,0.138,7000.0,0.0,0.0,0.0,46.07703516967273,optimal
2021-02-13 06:00:00,6,81,0.0,0.0,0.0,2.996266666666667,10.0905,6.0,4,19.485061880943196,55.0,0.10046666666666666,0.0,0.0,0.0,0.0,46.03095813450306,optimal
2021-02-13 06:30:00,6,81,2.0,0.0,4.74904106736321,3.3282,7.539,6.0,4,19.38993048170892,55.0,0.056666666666666664,7000.0,0.0,0.0,0.0,48.240721683366075,optimal
2021-02-13 07:00:00,6,81,2.0,0.0,0.0,0.9177000000000001,7.938,6.0,4,19.893988733302212,55.0,0.05533333333333333,7000.0,0.0,0.0,0.0,48.192480961682705,optimal
2021-02-13 07:30:00,6,81,2.0,0.0,0.0,0.38616666666666666,8.274,6.0,4,20.337423823679515,55.0,0.05333333333333334,7000.0,0.0,0.0,0.0,48.144288480721016,optimal
2021-02-13 08:00:00,6,81,2.0,0.0,0.0,2.2802333333333333,9.261,6.0,4,20.76357477115865,55.0,0.051333333333333335,7000.0,0.0,0.0,0.0,48.096144192240295,optimal
2021-02-13 08:30:00,6,81,1.3001246523323169,0.0,0.0,0.19303333333333333,9.9225,6.0,4,21.17627478041368,55.0,0.05,4550.436283163109,0.0,0.0,0.0,48.048048048048045,optimal
2021-02-13 09:00:00,6,81,2.0,0.0,0.0,1.5185,9.702,6.0,4,21.381304973015087,55.0,0.04733333333333333,7000.0,0.0,0.0,0.0,48.0,optimal
2021-02-13 09:30:00,6,81,0.0,0.0,0.0,1.1268666666666665,10.584,6.0,4,21.767976186940896,55.0,0.03066666666666666,0.0,0.0,0.0,0.0,47.77279885197021,optimal
2021-02-13 10:00:00,6,81,2.0,0.0,0.0,0.15383333333333335,10.143,6.0,4,21.63051373783434,55.0,0.029999999999999995,7000.0,0.0,0.0,0.0,47.545824905088445,optimal
2021-02-13 10:30:00,6,81,0.0,0.0,0.0,0.23333333333333328,13.0095,6.0,4,22.0,55.0,0.029999999999999995,0.0,0.0,0.0,0.0,47.31907793215357,optimal
2021-02-13 11:00:00,6,81,0.0,0.0,0.0,0.07576666666666666,11.025,6.0,4,21.81663021165802,55.0,0.029999999999999995,0.0,0.0,0.0,0.0,47.09255770619163,optimal
2021-02-13 11:30:00,6,81,0.0,0.0,0.0,0.13603333333333334,12.789,6.0,4,21.623315841191644,55.0,0.029999999999999995,0.0,0.0,0.0,0.0,46.866264000455644,optimal
2021-02-13 12:00:00,6,81,0.0,0.0,0.0,0.10133333333333332,12.1275,6.0,4,21.436746601285968,55.0,0.029999999999999995,0.0,0.0,0.0,0.0,46.6401965884254,optimal
2021-02-13 12:30:00,6,81,0.0,0.0,0.0,0.2718,12.1695,6.0,4,21.249625128261822,55.0,0.029999999999999995,0.0,0.0,0.0,0.0,46.41435524380718,optimal
2021-02-13 13:00:00,6,81,0.0,0.0,0.0,0.072,12.306,6.0,4,21.078034931452095,55.0,0.029999999999999995,0.0,0.0,0.0,0.0,46.188739740533585,optimal
2021-02-13 13:30:00,6,81,0.0,0.0,0.0,0.1398,13.23,6.0,4,20.893619454486455,55.0,0.029999999999999995,0.0,0.0,0.0,0.0,45.96334985276326,optimal
2021-02-13 14:00:00,6,81,0.0,0.0,0.0,0.19666666666666663,13.671,6.0,4,20.71688676994598,55.0,0.029999999999999995,0.0,0.0,0.0,0.0,45.738185354880706,optimal
2021-02-13 14:30:00,6,81,0.0,0.0,0.0,0.17646666666666666,13.9335,6.0,4,20.546935656634382,55.0,0.029999999999999995,0.0,0.0,0.0,0.0,45.51324602149604,optimal
2021-02-13 15:00:00,6,81,0.0,0.0,0.0,0.15266666666666664,13.293,6.0,4,20.377832646825237,55.0,0.029999999999999995,0.0,0.0,0.0,0.0,45.288531627444755,optimal
2021-02-13 15:30:00,6,81,0.0,0.0,0.0,0.22046666666666667,12.1065,6.0,4,20.209295866845796,55.0,0.029999999999999995,0.0,0.0,0.0,0.0,45.06404194778752,optimal
2021-02-13 16:00:00,6,81,0.4760739227365783,0.0,0.0,0.072,11.571,6.0,4,20.046532518912347,55.0,0.029999999999999995,1666.2587295780238,0.0,0.0,0.0,44.83977675780994,optimal
2021-02-13 16:30:00,6,81,1.2755693923786733,0.0,0.0,0.3569,11.025,6.0,4,20.0,55.0,0.029999999999999995,4464.492873325356,0.0,0.0,0.0,44.61573583302234,optimal
2021-02-13 17:00:00,6,81,2.0,0.0,0.0,0.23086666666666666,10.8465,6.0,4,20.216113320002943,55.0,0.028666666666666663,7000.0,0.0,0.0,0.0,44.39191894915953,optimal
2021-02-13 17:30:00,6,81,0.0,0.0,0.0,1.938766666666667,11.2455,6.0,4,20.641436337089292,55.0,0.02533333333333333,0.0,0.0,0.0,0.0,44.16832588218058,optimal
2021-02-13 18:00:00,6,81,0.0,0.0,0.0,1.0674666666666668,23.8665,6.0,4,20.560949617550538,55.0,0.02533333333333333,0.0,0.0,0.0,0.0,43.94495640826861,optimal
2021-02-13 18:30:00,6,81,0.0,0.0,0.0,1.5470666666666666,27.4575,6.0,4,20.462562621347356,55.0,0.023999999999999994,0.0,0.0,0.0,0.0,43.72181030383055,optimal
2021-02-13 19:00:00,6,81,0.0,0.0,0.0,0.422,27.3735,6.0,4,20.392397763341037,55.0,0.02266666666666666,0.0,0.0,0.0,0.0,43.49888734549693,optimal
2021-02-13 19:30:00,6,81,0.0,0.0,0.0,0.7009,30.4605,6.0,4,20.280745270796906,55.0,0.02266666666666666,0.0,0.0,0.0,0.0,43.27618731012164,optimal
2021-02-13 20:00:00,6,81,0.0,0.0,0.0,0.10866666666666669,30.0195,6.0,4,20.176298905698644,55.0,0.02266666666666666,0.0,0.0,0.0,0.0,43.05370997478173,optimal
2021-02-13 20:30:00,6,81,0.0,0.0,0.0,0.1398,26.9325,6.0,4,20.0,55.0,0.02266666666666666,0.0,0.0,0.0,0.0,42.83145511677716,optimal
2021-02-13 21:00:00,6,81,0.0,0.0,0.0,0.4606,14.595,6.0,4,19.827633156808087,55.0,0.02266666666666666,0.0,0.0,0.0,0.0,42.60942251363059,optimal
2021-02-13 21:30:00,6,81,0.0,0.0,0.0,2.753733333333333,12.4845,6.0,4,19.699134856746355,55.0,0.02133333333333333,0.0,0.0,0.0,0.0,42.38761194308717,optimal
2021-02-13 22:00:00,6,81,0.0,0.0,0.0,0.6617333333333334,12.1275,6.0,4,19.61881671761473,55.0,0.02133333333333333,0.0,0.0,0.0,0.0,42.1660231831143,optimal
2021-02-13 22:30:00,6,81,0.0,0.0,0.0,0.6819666666666667,12.1275,6.0,4,19.530116537420035,55.0,0.0,0.0,0.0,0.0,0.0,42.123857159931184,optimal
2021-02-13 23:00:00,6,81,0.0,0.0,0.0,0.09083333333333331,12.789,6.0,4,19.47177685244544,55.0,0.0,0.0,0.0,0.0,0.0,42.081733302771255,optimal
2021-02-13 23:30:00,6,81,0.0,0.0,0.0,0.07133333333333333,11.907,6.0,4,19.319555741292728,55.0,0.0,0.0,0.0,0.0,0.0,42.03965156946848,optimal
2021-02-07 00:00:00,7,81,0.0,0.0,0.0,0.05866666666666666,7.938,6.0,2,21.0,55.0,0.12,0.0,0.0,0.0,0.0,47.952,optimal
2021-02-07 00:30:00,7,81,0.0,0.0,0.0,0.06133333333333334,5.292,6.0,2,20.85977275463525,55.0,0.12,0.0,0.0,0.0,0.0,47.904047999999996,optimal
2021-02-07 01:00:00,7,81,0.0,0.0,0.0,0.21606666666666663,9.261,6.0,2,20.719901303100716,55.0,0.12,0.0,0.0,0.0,0.0,47.856143952,optimal
2021-02-07 01:30:00,7,81,0.0,0.0,0.0,0.065,10.3635,6.0,2,20.591895765472938,55.0,0.12,0.0,0.0,0.0,0.0,47.80828780804799,optimal
2021-02-07 02:00:00,7,81,0.0,0.0,0.0,0.065,8.274,6.0,2,20.45306688856881,55.0,0.12,0.0,0.0,0.0,0.0,47.76047952023995,optimal
2021-02-07 02:30:00,7,81,0.0,0.0,0.0,0.065,7.7175,6.0,2,20.315023667407722,55.0,0.12,0.0,0.0,0.0,0.0,47.712719040719705,optimal
2021-02-07 03:00:00,7,81,0.0,0.0,0.0,0.1886,6.615,6.0,2,20.17731692325986,55.0,0.12,0.0,0.0,0.0,0.0,47.66500632167899,optimal
2021-02-07 03:30:00,7,81,0.0,0.0,0.0,0.09246666666666668,6.174,6.0,2,20.049363625791237,55.0,0.12,0.0,0.0,0.0,0.0,47.61734131535731,optimal
2021-02-07 04:00:00,7,81,2.0,0.0,0.0,0.1062,3.906,6.0,2,19.91477316952307,55.0,0.15266666666666667,3586.3333333333335,0.0,3413.6666666666665,0.0,47.56972397404195,optimal
2021-02-07 04:30:00,7,81,2.0,0.0,0.0,0.17486666666666667,2.3415,6.0,2,20.05530331236002,55.0,0.15266666666666667,7000.0,0.0,0.0,0.0,47.522154250067906,optimal
2021-02-07 05:00:00,7,81,2.0,0.0,0.0,0.065,2.205,6.0,2,20.45999012450244,55.0,0.15266666666666667,7000.0,0.0,0.0,0.0,47.47463209581784,optimal
2021-02-07 05:30:00,7,81,2.0,0.0,1.611207364127776,0.065,0.882,6.0,2,20.852724359271345,55.0,0.15266666666666667,7000.0,0.0,0.0,0.0,48.192480961682705,optimal
2021-02-07 06:00:00,7,81,2.0,0.0,0.0,0.21606666666666663,1.5435,6.0,2,21.241985017453576,55.0,0.15266666666666667,7000.0,0.0,0.0,0.0,48.144288480721016,optimal
2021-02-07 06:30:00,7,81,2.0,0.0,0.0,0.065,1.5435,6.0,2,21.639316088369156,55.0,0.15266666666666667,7000.0,0.0,0.0,0.0,48.096144192240295,optimal
2021-02-07 07:00:00,7,81,0.0,0.0,0.0,0.064,5.0715,6.0,2,22.021177428678044,55.0,0.15266666666666667,0.0,0.0,0.0,0.0,48.048048048048045,optimal
2021-02-07 07:30:00,7,81,0.0,0.0,0.0,0.5258666666666667,5.376,6.0,2,21.87454238149735,55.0,0.138,0.0,0.0,0.0,0.0,48.0,optimal
2021-02-07 08:00:00,7,81,1.2704337643850556,0.0,0.0,1.2868,5.0715,6.0,2,21.76364440520856,55.0,0.08933333333333333,4446.5181753476945,0.0,0.0,0.0,47.75753528284235,optimal
2021-02-07 08:30:00,7,81,0.4212340418550425,0.0,0.0,0.9541000000000001,5.5125,6.0,2,22.0,55.0,0.086,1474.3191464926488,0.0,0.0,0.0,47.515313030401856,optimal
2021-02-07 09:00:00,7,81,0.5331071398548763,0.0,0.0,0.16293333333333335,9.261,6.0,2,22.0,55.0,0.051133333333333336,1865.8749894920672,0.0,0.0,0.0,47.2733330002138,optimal
2021-02-07 09:30:00,7,81,0.0,0.0,0.0,0.13793333333333332,11.7075,6.0,2,22.0,55.0,0.02266666666666667,0.0,0.0,0.0,0.0,47.03159495005594,optimal
2021-02-07 10:00:00,7,81,0.0,0.0,0.0,0.065,12.348,6.0,2,21.861324647165294,55.0,0.02266666666666667,0.0,0.0,0.0,0.0,46.79009863794823,optimal
2021-02-07 10:30:00,7,81,0.0,0.0,0.0,0.21606666666666663,12.348,6.0,2,21.685429023585453,55.0,0.02266666666666667,0.0,0.0,0.0,0.0,46.548843822152634,optimal
2021-02-07 11:00:00,7,81,0.0,0.0,0.0,0.065,12.1275,6.0,2,21.521717933247007,55.0,0.02266666666666667,0.0,0.0,0.0,0.0,46.30783026117283,optimal
2021-02-07 11:30:00,7,81,0.0,0.0,0.0,0.15166666666666664,12.5265,6.0,2,21.34705707887769,55.0,0.02266666666666667,0.0,0.0,0.0,0.0,46.06705771375401,optimal
2021-02-07 12:00:00,7,81,0.41667896320221887,0.0,0.0,0.1474,11.7495,6.0,2,21.18923446892499,55.0,0.02266666666666667,1458.3763712077662,0.0,0.0,0.0,45.826525938882604,optimal
2021-02-07 12:30:00,7,81,0.0,0.0,0.0,0.065,13.23,6.0,2,21.134941724754423,55.0,0.02266666666666667,0.0,0.0,0.0,0.0,45.58623469578607,optimal
2021-02-07 13:00:00,7,81,0.0,0.0,0.0,0.13366666666666666,14.3325,6.0,2,20.963701753292497,55.0,0.02266666666666667,0.0,0.0,0.0,0.0,45.346183743932635,optimal
2021-02-07 13:30:00,7,81,0.0,0.0,0.0,0.1474,14.994,6.0,2,20.799209631317655,55.0,0.02266666666666667,0.0,0.0,0.0,0.0,45.10637284303105,optimal
2021-02-07 14:00:00,7,81,0.0,0.0,0.0,0.065,14.8155,6.0,2,20.637661266652856,55.0,0.02266666666666667,0.0,0.0,0.0,0.0,44.86680175303037,optimal
2021-02-07 14:30:00,7,81,0.0,0.0,0.0,0.21606666666666663,14.112,6.0,2,20.471703999528714,55.0,0.02266666666666667,0.0,0.0,0.0,0.0,44.62747023411969,optimal
2021-02-07 15:00:00,7,81,0.0,0.0,0.0,0.065,14.007,6.0,2,20.319170054635144,55.0,0.02266666666666667,0.0,0.0,0.0,0.0,44.38837804672792,optimal
2021-02-07 15:30:00,7,81,0.0,0.0,0.0,0.13366666666666666,13.23,6.0,2,20.156914176582813,55.0,0.02266666666666667,0.0,0.0,0.0,0.0,44.149524951523546,optimal
2021-02-07 16:00:00,7,81,2.0,0.0,0.0,0.1744,11.382,6.0,2,20.0,55.0,0.02266666666666667,7000.0,0.0,0.0,0.0,43.910910709414374,optimal
2021-02-07 16:30:00,7,81,1.7831266645653194,0.0,0.0,0.4942,11.7495,6.0,2,20.407866108895917,55.0,0.02266666666666667,6240.943325978618,0.0,0.0,0.0,43.67253508154731,optimal
2021-02-07 17:00:00,7,81,0.0,0.0,0.0,1.5263666666666666,24.3285,6.0,2,20.782342169085247,55.0,0.02266666666666667,0.0,0.0,0.0,0.0,43.43439782930811,optimal
2021-02-07 17:30:00,7,81,0.0,0.0,0.0,1.0025,28.917,6.0,2,20.7163377756499,55.0,0.02266666666666667,0.0,0.0,0.0,0.0,43.19649871432115,optimal
2021-02-07 18:00:00,7,81,0.0,0.0,0.0,0.14880000000000002,31.3635,6.0,2,20.624871452868117,55.0,0.02266666666666667,0.0,0.0,0.0,0.0,42.95883749844918,optimal
2021-02-07 18:30:00,7,81,0.0,0.0,0.0,0.1889,33.306,6.0,2,20.461189088413406,55.0,0.02266666666666667,0.0,0.0,0.0,0.0,42.72141394379308,optimal
2021-02-07 19:00:00,7,81,0.0,0.0,0.0,1.4782,31.3425,6.0,2,20.30000788814308,55.0,0.022,0.0,0.0,0.0,0.0,42.484227812691636,optimal
2021-02-07 19:30:00,7,81,0.0,0.0,0.0,0.44746666666666657,28.2555,6.0,2,20.187398428824107,55.0,0.022,0.0,0.0,0.0,0.0,42.24727886772129,optimal
2021-02-07 20:00:00,7,81,0.0,0.0,0.0,0.2978,15.6975,6.0,2,20.084546418980477,55.0,0.019333333333333334,0.0,0.0,0.0,0.0,42.20503158885357,optimal
2021-02-07 20:30:00,7,81,0.0,0.0,0.0,0.7531333333333333,12.5475,6.0,2,20.0,55.0,0.0,0.0,0.0,0.0,0.0,42.162826557264715,optimal
2021-02-07 21:00:00,7,81,0.0,0.0,0.0,0.30493333333333333,12.0855,6.0,2,19.992787569990995,55.0,0.0,0.0,0.0,0.0,0.0,42.12066373070745,optimal
2021-02-07 21:30:00,7,81,0.0,0.0,0.0,0.6206,11.907,6.0,2,19.947229655251878,55.0,0.0,0.0,0.0,0.0,0.0,42.07854306697674,optimal
2021-02-07 22:00:00,7,81,0.0,0.0,0.0,0.5440666666666667,12.5685,6.0,2,19.884380528361167,55.0,0.0,0.0,0.0,0.0,0.0,42.036464523909764,optimal
2021-02-07 22:30:00,7,81,0.0,0.0,0.0,0.20386666666666667,13.146,6.0,2,19.826162139987392,55.0,0.0,0.0,0.0,0.0,0.0,41.994428059385854,optimal
2021-02-07 23:00:00,7,81,0.0,0.0,0.0,0.14053333333333334,10.584,6.0,2,19.705377043413275,55.0,0.0,0.0,0.0,0.0,0.0,41.95243363132647,optimal
2021-02-07 23:30:00,7,81,0.0,0.0,0.0,0.09246666666666668,6.678,6.0,2,19.572627793405093,55.0,0.0,0.0,0.0,0.0,0.0,41.91048119769515,optimal
2021-02-08 00:00:00,7,81,2.0,0.0,0.0,0.09466666666666669,5.9745,6.0,0,19.572627793405093,55.0,0.0,7000.0,0.0,0.0,0.0,41.86857071649745,optimal
2021-02-08 00:30:00,7,81,0.34394303008625965,0.0,0.0,0.202,7.938,6.0,0,19.968067599278154,55.0,0.011519623017243146,0.0,0.0,1203.8006053019087,0.0,41.826702145780956,optimal
2021-02-08 01:00:00,7,81,0.0,0.0,0.0,0.12963333333333332,8.6835,6.0,0,19.834698041901447,55.0,0.011519623017243146,0.0,0.0,0.0,0.0,41.78487544363517,optimal
2021-02-08 01:30:00,7,81,2.0,0.0,0.0,0.2097,7.665,6.0,0,19.69699279288436,55.0,0.0785052689502575,0.0,0.0,7000.0,0.0,41.74309056819154,optimal
2021-02-08 02:00:00,7,81,2.0,0.0,0.0,0.26873333333333327,6.7725,6.0,0,19.56616539466337,55.0,0.09533333333333334,5241.467271968575,0.0,1758.532728031425,0.0,41.70134747762335,optimal
2021-02-08 02:30:00,7,81,2.0,0.0,0.0,0.12366666666666669,5.5755,6.0,0,19.84002074418153,55.0,0.09533333333333334,7000.0,0.0,0.0,0.0,41.659646130145724,optimal
2021-02-08 03:00:00,7,81,2.0,0.0,5.0,0.282,5.0925,6.0,0,20.23486351829564,55.0,0.09533333333333334,7000.0,0.0,0.0,0.0,43.99298648401558,optimal
2021-02-08 03:30:00,7,81,2.0,0.0,5.0,0.2024,4.1895,6.0,0,20.63872337906578,55.0,0.09533333333333334,7000.0,0.0,0.0,0.0,46.32399349753157,optimal
2021-02-08 04:00:00,7,81,2.0,0.0,0.0,0.09466666666666669,7.056,6.0,0,21.032502464682405,55.0,0.09533333333333334,7000.0,0.0,0.0,0.0,46.27766950403404,optimal
2021-02-08 04:30:00,7,81,2.0,0.0,4.128608688742549,0.2378,5.271,6.0,0,21.414145805524903,55.0,0.09533333333333334,7000.0,0.0,0.0,0.0,48.192480961682705,optimal
2021-02-08 05:00:00,7,81,2.0,0.0,0.0,0.2159333333333333,7.938,6.0,0,21.802437847028465,55.0,0.09533333333333334,7000.0,0.0,0.0,0.0,48.144288480721016,optimal
2021-02-08 05:30:00,7,81,2.0,0.0,0.0,0.11766666666666668,7.938,6.0,0,22.184744613915203,55.0,0.09533333333333334,7000.0,0.0,0.0,0.0,48.096144192240295,optimal
2021-02-08 06:00:00,7,81,0.0,0.0,0.0,0.3323333333333333,11.907,6.0,0,22.55573858859171,55.0,0.094,0.0,0.0,0.0,0.0,48.048048048048045,optimal
2021-02-08 06:30:00,7,81,0.0,0.0,0.0,0.2062333333333333,11.025,6.0,0,22.40865155413496,55.0,0.092,0.0,0.0,0.0,0.0,48.0,optimal
2021-02-08 07:00:00,7,81,0.0,0.0,0.0,0.2147333333333333,11.2875,6.0,0,22.271718679695745,55.0,0.07333333333333333,0.0,0.0,0.0,0.0,47.8731196138825,optimal
2021-02-08 07:30:00,7,81,0.0,0.0,0.0,0.26566666666666666,12.936,6.0,0,22.131065736926903,55.0,0.072,0.0,0.0,0.0,0.0,47.74636610815112,optimal
2021-02-08 08:00:00,7,81,0.0,0.0,0.0,0.06333333333333334,13.0095,6.0,0,22.0,55.0,0.072,0.0,0.0,0.0,0.0,47.619739355925475,optimal
2021-02-08 08:30:00,7,81,0.0,0.0,0.0,0.06966666666666667,13.671,6.0,0,21.828273176918138,55.0,0.072,0.0,0.0,0.0,0.0,47.493239230452055,optimal
2021-02-08 09:00:00,7,81,0.0,0.0,0.0,0.36576666666666663,13.188,6.0,0,21.64518987942786,55.0,0.072,0.0,0.0,0.0,0.0,47.3668656051041,optimal
2021-02-08 09:30:00,7,81,0.0,0.0,0.0,0.12096666666666668,13.8495,6.0,0,21.485662182500942,55.0,0.072,0.0,0.0,0.0,0.0,47.2406183533815,optimal
2021-02-08 10:00:00,7,81,0.0,0.0,0.0,0.064,13.23,6.0,0,21.310392984664603,55.0,0.072,0.0,0.0,0.0,0.0,47.11449734891062,optimal
2021-02-08 10:30:00,7,81,0.0,0.0,0.0,0.4166,13.3665,6.0,0,21.133659059020573,55.0,0.072,0.0,0.0,0.0,0.0,46.98850246544421,optimal
2021-02-08 11:00:00,7,81,0.0,0.0,0.0,0.0678,13.0515,6.0,0,20.98403434184427,55.0,0.072,0.0,0.0,0.0,0.0,46.86263357686127,optimal
2021-02-08 11:30:00,7,81,0.0,0.0,0.0,0.22066666666666662,13.5345,6.0,0,20.807823164886344,55.0,0.072,0.0,0.0,0.0,0.0,46.73689055716691,optimal
2021-02-08 12:00:00,7,81,0.0,0.0,0.0,0.26373333333333326,14.154,6.0,0,20.645705415468647,55.0,0.072,0.0,0.0,0.0,0.0,46.61127328049224,optimal
2021-02-08 12:30:00,7,81,0.0,0.0,0.0,0.1172,14.112,6.0,0,20.489188240933846,55.0,0.072,0.0,0.0,0.0,0.0,46.485781621094254,optimal
2021-02-08 13:00:00,7,81,0.0,0.0,0.0,0.32543333333333335,14.2485,6.0,0,20.32465655032787,55.0,0.072,0.0,0.0,0.0,0.0,46.360415453355664,optimal
2021-02-08 13:30:00,7,81,0.5008613949981687,0.0,0.0,0.17416666666666666,12.789,6.0,0,20.179219114192865,55.0,0.072,1753.0148824935904,0.0,0.0,0.0,46.23517465178481,optimal
2021-02-08 14:00:00,7,81,0.0,0.0,0.0,0.12503333333333333,13.0095,6.0,0,20.158026754926624,55.0,0.072,0.0,0.0,0.0,0.0,46.11005909101553,optimal
2021-02-08 14:30:00,7,81,2.0,0.0,0.0,0.2963,12.1275,6.0,0,20.0,55.0,0.072,7000.0,0.0,0.0,0.0,45.98506864580702,optimal
2021-02-08 15:00:00,7,81,0.32407497979497896,0.0,0.0,0.13243333333333335,12.348,6.0,0,20.414001085343163,55.0,0.072,1134.2624292824264,0.0,0.0,0.0,45.860203191043716,optimal
2021-02-08 15:30:00,7,81,2.0,0.0,0.0,0.3479333333333333,12.348,6.0,0,20.350311562150154,55.0,0.07133333333333333,7000.0,0.0,0.0,0.0,45.73546260173518,optimal
2021-02-08 16:00:00,7,81,0.0,0.0,0.0,0.309,25.389,6.0,0,20.74388810029249,55.0,0.07133333333333333,0.0,0.0,0.0,0.0,45.61084675301595,optimal
2021-02-08 16:30:00,7,81,0.0,0.0,0.0,0.18446666666666667,29.1375,6.0,0,20.616105265776113,55.0,0.07066666666666667,0.0,0.0,0.0,0.0,45.48635552014544,optimal
2021-02-08 17:00:00,7,81,0.0,0.0,0.0,1.9094666666666666,30.597,6.0,0,20.475234728622958,55.0,0.07066666666666667,0.0,0.0,0.0,0.0,45.36198877850779,optimal
2021-02-08 17:30:00,7,81,0.0,0.0,0.0,0.118,33.684,6.0,0,20.429181516200266,55.0,0.07066666666666667,0.0,0.0,0.0,0.0,45.23774640361179,optimal
2021-02-08 18:00:00,7,81,0.0,0.0,0.0,0.3477333333333333,32.445,6.0,0,20.304505368702102,55.0,0.06733333333333333,0.0,0.0,0.0,0.0,45.113628271090676,optimal
2021-02-08 18:30:00,7,81,0.0,0.0,0.0,0.3285,28.917,6.0,0,20.20073641307704,55.0,0.066,0.0,0.0,0.0,0.0,44.98963425670209,optimal
2021-02-08 19:00:00,7,81,0.0,0.0,0.0,0.6698333333333334,15.876,6.0,0,20.08196197779496,55.0,0.06333333333333334,0.0,0.0,0.0,0.0,44.86576423632789,optimal
2021-02-08 19:30:00,7,81,0.3977695468240545,0.0,0.0,0.4209,12.348,6.0,0,20.0,55.0,0.03246666666666667,1392.193413884191,0.0,0.0,0.0,44.74201808597407,optimal
2021-02-08 20:00:00,7,81,0.42640029599588375,0.0,0.0,0.35256666666666664,12.1275,6.0,0,20.0,55.0,0.007333333333333333,1492.4010359855931,0.0,0.0,0.0,44.61839568177059,optimal
2021-02-08 20:30:00,7,81,0.0,0.0,0.0,0.5028333333333334,12.348,6.0,0,20.0,55.0,0.005333333333333332,0.0,0.0,0.0,0.0,44.49489689997132,optimal
2021-02-08 21:00:00,7,81,0.0,0.0,0.0,0.4693,12.1275,6.0,0,19.898455669594995,55.0,0.002666666666666666,0.0,0.0,0.0,0.0,44.371521616953856,optimal
2021-02-08 21:30:00,7,81,0.0,0.0,0.0,0.5936666666666667,12.1275,6.0,0,19.79694278124118,55.0,0.0,0.0,0.0,0.0,0.0,44.24826970921941,optimal
2021-02-08 22:00:00,7,81,0.0,0.0,0.0,0.5678333333333334,11.2665,6.0,0,19.697194604024254,55.0,0.0,0.0,0.0,0.0,0.0,44.12514105339269,optimal
2021-02-08 22:30:00,7,81,0.0,0.0,0.0,0.5298999999999999,10.143,6.0,0,19.60264036428361,55.0,0.0,0.0,0.0,0.0,0.0,44.0021355262218,optimal
2021-02-08 23:00:00,7,81,0.0,0.0,0.0,0.4206666666666667,11.2455,6.0,0,19.49830319258081,55.0,0.0,0.0,0.0,0.0,0.0,43.95813339069558,optimal
2021-02-08 23:30:00,7,81,0.0,0.0,0.0,0.14106666666666667,11.025,6.0,0,19.386274020935524,55.0,0.0,0.0,0.0,0.0,0.0,43.91417525730488,optimal
2021-02-09 00:00:00,7,81,2.0,0.0,0.0,0.10673333333333332,10.8045,6.0,1,19.386274020935524,55.0,0.0,7000.0,0.0,0.0,0.0,43.87026108204758,optimal
2021-02-09 00:30:00,7,81,2.0,0.0,5.0,0.22006666666666663,10.584,6.0,1,19.772383871676634,55.0,0.06698564593301436,0.0,0.0,7000.0,0.0,46.20139082096553,optimal
2021-02-09 01:00:00,7,81,2.0,0.0,0.0,0.0628,11.2455,6.0,1,19.62835458874623,55.0,0.10700348437745245,2818.135882556219,0.0,4181.864117443782,0.0,46.15518943014456,optimal
2021-02-09 01:30:00,7,81,0.0,0.0,0.0,0.13903333333333334,12.1275,6.0,1,19.68883464868898,55.0,0.10700348437745245,0.0,0.0,0.0,0.0,46.109034240714415,optimal
2021-02-09 02:00:00,7,81,0.0,0.0,0.0,0.24769999999999998,11.823,6.0,1,19.538926289357995,55.0,0.10700348437745245,0.0,0.0,0.0,0.0,46.0629252064737,optimal
2021-02-09 02:30:00,7,81,2.0,0.0,0.0,0.17126666666666668,11.7705,6.0,1,19.397741178679233,55.0,0.10700348437745245,7000.0,0.0,0.0,0.0,46.01686228126723,optimal
2021-02-09 03:00:00,7,81,2.0,0.0,0.0,0.2507666666666667,11.13,6.0,1,19.785913866916296,55.0,0.10700348437745245,7000.0,0.0,0.0,0.0,45.97084541898596,optimal
2021-02-09 03:30:00,7,81,2.0,0.0,0.0,0.0767,11.6865,6.0,1,20.177154499171447,55.0,0.10700348437745245,7000.0,0.0,0.0,0.0,45.924874573566974,optimal
2021-02-09 04:00:00,7,81,2.0,0.0,0.26742514183755056,0.1371,10.7205,6.0,1,20.552553055553396,55.0,0.10700348437745245,7000.0,0.0,0.0,0.0,46.005976641366246,optimal
2021-02-09 04:30:00,7,81,2.0,0.0,0.0,0.28903333333333336,11.424,6.0,1,20.930119096723953,55.0,0.10700348437745245,7000.0,0.0,0.0,0.0,45.95997066472487,optimal
2021-02-09 05:00:00,7,81,2.0,0.0,5.0,0.0767,10.689,6.0,1,21.315040576377253,55.0,0.10700348437745245,7000.0,0.0,0.0,0.0,48.289010694060146,optimal
2021-02-09 05:30:00,7,81,2.0,0.0,0.0,0.3551,11.361,6.0,1,21.679490527534398,55.0,0.10700348437745245,7000.0,0.0,0.0,0.0,48.240721683366075,optimal
2021-02-09 06:00:00,7,81,2.0,0.0,0.0,0.06973333333333333,11.571,6.0,1,22.061502932406263,55.0,0.10700348437745245,7000.0,0.0,0.0,0.0,48.192480961682705,optimal
2021-02-09 06:30:00,7,81,0.0,0.0,0.0,0.10540000000000001,14.3745,6.0,1,22.418413302021563,55.0,0.10700348437745245,0.0,0.0,0.0,0.0,48.144288480721016,optimal
2021-02-09 07:00:00,7,81,0.0,0.0,0.0,0.3043333333333333,13.23,6.0,1,22.241357383396835,55.0,0.10700348437745245,0.0,0.0,0.0,0.0,48.096144192240295,optimal
2021-02-09 07:30:00,7,81,0.0,0.0,0.0,0.2593666666666667,13.9755,6.0,1,22.080586559851977,55.0,0.10700348437745245,0.0,0.0,0.0,0.0,48.048048048048045,optimal
2021-02-09 08:00:00,7,81,0.0,0.0,0.0,0.29683333333333334,14.994,6.0,1,21.921448158796185,55.0,0.08633681771078579,0.0,0.0,0.0,0.0,48.0,optimal
2021-02-09 08:30:00,7,81,0.0,0.0,0.0,0.16593333333333335,13.671,6.0,1,21.789296560269985,55.0,0.08633681771078579,0.0,0.0,0.0,0.0,47.83558819820072,optimal
2021-02-09 09:00:00,7,81,0.0,0.0,0.0,0.048,15.981,6.0,1,21.623556091971217,55.0,0.08633681771078579,0.0,0.0,0.0,0.0,47.67134080820323,optimal
2021-02-09 09:30:00,7,81,0.0,0.0,0.0,0.14666666666666667,15.6345,6.0,1,21.436794155511347,55.0,0.08633681771078579,0.0,0.0,0.0,0.0,47.50725766559575,optimal
2021-02-09 10:00:00,7,81,0.0,0.0,0.0,0.08283333333333333,16.5375,6.0,1,21.261857130628762,55.0,0.08633681771078579,0.0,0.0,0.0,0.0,47.34333860613088,optimal
2021-02-09 10:30:00,7,81,0.0,0.0,0.0,0.3355666666666667,14.7735,6.0,1,21.08625580021093,55.0,0.06900348437745245,0.0,0.0,0.0,0.0,47.179583465725464,optimal
2021-02-09 11:00:00,7,81,0.0,0.0,0.0,0.1847333333333333,15.2145,6.0,1,20.9411492357215,55.0,0.06900348437745245,0.0,0.0,0.0,0.0,47.01599208046046,optimal
2021-02-09 11:30:00,7,81,0.0,0.0,0.0,0.2436333333333333,14.553,6.0,1,20.784307308113142,55.0,0.06900348437745245,0.0,0.0,0.0,0.0,46.852564286580716,optimal
2021-02-09 12:00:00,7,81,0.0,0.0,0.0,0.08383333333333333,14.3325,6.0,1,20.630049324499364,55.0,0.06900348437745245,0.0,0.0,0.0,0.0,46.689299920494854,optimal
2021-02-09 12:30:00,7,81,0.0,0.0,0.0,0.14646666666666666,14.595,6.0,1,20.46541906335032,55.0,0.06900348437745245,0.0,0.0,0.0,0.0,46.52619881877508,optimal
2021-02-09 13:00:00,7,81,0.0,0.0,0.0,0.208,14.994,6.0,1,20.306576144621868,55.0,0.06900348437745245,0.0,0.0,0.0,0.0,46.36326081815702,optimal
2021-02-09 13:30:00,7,81,0.0,0.0,0.0,0.19346666666666668,14.3325,6.0,1,20.153385548194688,55.0,0.06900348437745245,0.0,0.0,0.0,0.0,46.20048575553959,optimal
2021-02-09 14:00:00,7,81,0.5788252446856116,0.0,0.0,0.16816666666666666,13.8915,6.0,1,20.0,55.0,0.06900348437745245,2025.8883563996405,0.0,0.0,0.0,46.03787346798477,optimal
2021-02-09 14:30:00,7,81,0.4238450182190855,0.0,0.0,0.4691,13.8915,6.0,1,20.0,55.0,0.06900348437745245,1483.4575637667992,0.0,0.0,0.0,45.8754237927175,optimal
2021-02-09 15:00:00,7,81,2.0,0.0,0.0,0.2148333333333333,13.4715,6.0,1,20.0,55.0,0.06833681771078579,7000.0,0.0,0.0,0.0,45.7131365671255,optimal
2021-02-09 15:30:00,7,81,2.0,0.0,0.0,0.23163333333333333,13.23,6.0,1,20.409745267716122,55.0,0.06833681771078579,7000.0,0.0,0.0,0.0,45.5510116287591,optimal
2021-02-09 16:00:00,7,81,0.6265727558591091,0.0,0.0,0.09093333333333334,13.8915,6.0,1,20.8226316906094,55.0,0.06833681771078579,2193.004645506882,0.0,0.0,0.0,45.38904881533106,optimal
2021-02-09 16:30:00,7,81,0.0,0.0,0.0,0.3364,26.9325,6.0,1,20.845303373836146,55.0,0.06700348437745245,0.0,0.0,0.0,0.0,45.22724796471645,optimal
2021-02-09 17:00:00,7,81,0.0,0.0,0.0,0.123,30.303,6.0,1,20.718563683513047,55.0,0.06700348437745245,0.0,0.0,0.0,0.0,45.06560891495245,optimal
2021-02-09 17:30:00,7,81,0.0,0.0,0.0,0.15083333333333335,32.886,6.0,1,20.582030837025222,55.0,0.06700348437745245,0.0,0.0,0.0,0.0,44.904131504238215,optimal
2021-02-09 18:00:00,7,81,0.0,0.0,0.0,0.5870333333333333,34.9965,6.0,1,20.416862651316848,55.0,0.06567015104411912,0.0,0.0,0.0,0.0,44.859227372733976,optimal
2021-02-09 18:30:00,7,81,0.0,0.0,0.0,0.40426666666666666,33.327,6.0,1,20.318672829386895,55.0,0.06567015104411912,0.0,0.0,0.0,0.0,44.81436814536124,optimal
2021-02-09 19:00:00,7,81,0.0,0.0,0.0,0.289,31.122,6.0,1,20.236499268771322,55.0,0.059670151044119116,0.0,0.0,0.0,0.0,44.76955377721588,optimal
2021-02-09 19:30:00,7,81,0.0,0.0,0.0,0.7355333333333333,17.9025,6.0,1,20.14732315598991,55.0,0.059670151044119116,0.0,0.0,0.0,0.0,44.72478422343867,optimal
2021-02-09 20:00:00,7,81,0.0,0.0,0.0,0.3587333333333333,15.6555,6.0,1,20.08725657764576,55.0,0.057670151044119114,0.0,0.0,0.0,0.0,44.68005943921523,optimal
2021-02-09 20:30:00,7,81,0.0,0.0,0.0,1.7877333333333332,14.553,6.0,1,20.0,55.0,0.057670151044119114,0.0,0.0,0.0,0.0,44.63537937977601,optimal
2021-02-09 21:00:00,7,81,0.0,0.0,0.0,0.43156666666666665,14.3325,6.0,1,19.954783190467865,55.0,0.004336817710785782,0.0,0.0,0.0,0.0,44.590744000396235,optimal
2021-02-09 21:30:00,7,81,0.0,0.0,0.0,2.1517,13.335,6.0,1,19.876438228064853,55.0,0.003670151044119116,0.0,0.0,0.0,0.0,44.54615325639584,optimal
2021-02-09 22:00:00,7,81,0.0,0.0,0.0,0.5835333333333333,12.1275,6.0,1,19.821062017290117,55.0,0.003670151044119116,0.0,0.0,0.0,0.0,44.50160710313944,optimal
2021-02-09 22:30:00,7,81,0.0,0.0,0.0,1.1304333333333334,12.2955,6.0,1,19.761419619682787,55.0,0.0016701510441191158,0.0,0.0,0.0,0.0,44.457105496036306,optimal
2021-02-09 23:00:00,7,81,0.0,0.0,0.0,0.20033333333333328,11.6865,6.0,1,19.68492553547391,55.0,0.0016701510441191158,0.0,0.0,0.0,0.0,44.41264839054027,optimal
2021-02-09 23:30:00,7,81,0.049657871206538785,0.0,0.0,0.4074666666666666,11.466,6.0,1,19.59406652250017,55.0,0.0,0.0,0.0,173.80254922288574,0.0,44.36823574214973,optimal
2021-02-10 00:00:00,7,81,2.0,0.0,0.0,0.057,11.844,6.0,-4,19.59406652250017,55.0,0.0,7000.0,0.0,0.0,0.0,44.32386750640758,optimal
2021-02-10 00:30:00,7,81,2.0,0.0,0.0,0.057,11.508,6.0,-4,19.976831277489616,55.0,0.06698564593301436,0.0,0.0,7000.0,0.0,44.279543638901174,optimal
2021-02-10 01:00:00,7,81,2.0,0.0,0.0,0.057,11.508,6.0,-4,19.821834103403607,55.0,0.1339712918660287,0.0,0.0,7000.0,0.0,44.23526409526227,optimal
2021-02-10 01:30:00,7,81,2.0,0.0,5.0,0.057,10.4475,6.0,-4,19.66732335723583,55.0,0.18333333333333332,1841.666666666667,0.0,5158.333333333333,0.0,46.56602883116701,optimal
2021-02-10 02:00:00,7,81,2.0,0.0,0.7750867688646006,0.12179999999999999,10.8675,6.0,-4,19.653653959561453,55.0,0.18333333333333332,7000.0,0.0,0.0,0.0,46.88762901754653,optimal
2021-02-10 02:30:00,7,81,2.0,0.0,5.0,0.057,10.542,6.0,-4,20.037292460530864,55.0,0.18333333333333332,7000.0,0.0,0.0,0.0,49.215741388528976,optimal
2021-02-10 03:00:00,7,81,2.0,0.0,0.0,0.075,11.025,6.0,-4,20.412599220733217,55.0,0.18333333333333332,7000.0,0.0,0.0,0.0,49.16652564714044,optimal
2021-02-10 03:30:00,7,81,2.0,0.0,0.0,0.1038,11.025,6.0,-4,20.78595838011073,55.0,0.18333333333333332,7000.0,0.0,0.0,0.0,49.1173591214933,optimal
2021-02-10 04:00:00,7,81,1.3956940900024886,0.0,0.0,0.057,14.553,6.0,-4,21.158210266459395,55.0,0.18333333333333332,4884.92931500871,0.0,0.0,0.0,49.0682417623718,optimal
2021-02-10 04:30:00,7,81,2.0,0.0,0.0,0.12179999999999999,13.0935,6.0,-4,21.362406753798545,55.0,0.18333333333333332,7000.0,0.0,0.0,0.0,49.01917352060943,optimal
2021-02-10 05:00:00,7,81,0.0,0.0,0.0,0.057,15.6345,6.0,-4,21.730047562687865,55.0,0.18333333333333332,0.0,0.0,0.0,0.0,48.97015434708881,optimal
2021-02-10 05:30:00,7,81,0.0,0.0,0.0,0.0714,18.102,6.0,-4,21.555121595438248,55.0,0.18333333333333332,0.0,0.0,0.0,0.0,48.92118419274172,optimal
2021-02-10 06:00:00,7,81,0.0,0.0,0.0,0.10740000000000001,17.199,6.0,-4,21.381955787677562,55.0,0.18333333333333332,0.0,0.0,0.0,0.0,48.87226300854897,optimal
2021-02-10 06:30:00,7,81,0.0,0.0,0.0,0.09633333333333331,18.2805,6.0,-4,21.21218077559968,55.0,0.18333333333333332,0.0,0.0,0.0,0.0,48.823390745540415,optimal
2021-02-10 07:00:00,7,81,0.0,0.0,0.0,0.3144666666666666,17.4615,6.0,-4,21.04457880560561,55.0,0.182,0.0,0.0,0.0,0.0,48.774567354794875,optimal
2021-02-10 07:30:00,7,81,0.0,0.0,0.0,0.08386666666666666,18.3225,6.0,-4,20.907954472350767,55.0,0.12866666666666668,0.0,0.0,0.0,0.0,48.72579278744007,optimal
2021-02-10 08:00:00,7,81,0.0,0.0,0.0,1.8029000000000002,17.094,6.0,-4,20.76140613165448,55.0,0.12533333333333332,0.0,0.0,0.0,0.0,48.67706699465263,optimal
2021-02-10 08:30:00,7,81,0.0,0.0,0.0,0.3585,17.094,6.0,-4,20.698908540304462,55.0,0.124,0.0,0.0,0.0,0.0,48.62838992765797,optimal
2021-02-10 09:00:00,7,81,0.0,0.0,0.0,0.1082,17.094,6.0,-4,20.5751225970752,55.0,0.118,0.0,0.0,0.0,0.0,48.579761537730306,optimal
2021-02-10 09:30:00,7,81,0.0,0.0,0.0,0.2432,17.3565,6.0,-4,20.44924655998488,55.0,0.11666666666666667,0.0,0.0,0.0,0.0,48.53118177619257,optimal
2021-02-10 10:00:00,7,81,0.0,0.0,0.0,0.2278,17.115,6.0,-4,20.338827935763263,55.0,0.09733333333333333,0.0,0.0,0.0,0.0,48.48265059441637,optimal
2021-02-10 10:30:00,7,81,0.0,0.0,0.0,0.2834333333333333,17.241,6.0,-4,20.223325215564827,55.0,0.09466666666666666,0.0,0.0,0.0,0.0,48.434167943821954,optimal
2021-02-10 11:00:00,7,81,0.0,0.0,0.0,0.2472333333333333,17.094,6.0,-4,20.114105899418366,55.0,0.09466666666666666,0.0,0.0,0.0,0.0,48.38573377587813,optimal
2021-02-10 11:30:00,7,81,1.8671876718833804,0.0,0.0,0.4716,16.5165,6.0,-4,20.0,55.0,0.034666666666666665,6535.156851591832,0.0,0.0,0.0,48.33734804210225,optimal
2021-02-10 12:00:00,7,81,0.0,0.0,0.0,0.3553,17.8185,6.0,-4,20.402799952849488,55.0,0.03,0.0,0.0,0.0,0.0,48.289010694060146,optimal
2021-02-10 12:30:00,7,81,0.0,0.0,0.0,1.3129000000000002,17.094,6.0,-4,20.294367391026178,55.0,0.02666666666666667,0.0,0.0,0.0,0.0,48.240721683366075,optimal
2021-02-10 13:00:00,7,81,2.0,0.0,0.0,0.362,16.8945,6.0,-4,20.1932289629601,55.0,0.025333333333333333,7000.0,0.0,0.0,0.0,48.192480961682705,optimal
2021-02-10 13:30:00,7,81,0.0,0.0,0.0,0.254,18.123,6.0,-4,20.619230022611223,55.0,0.025333333333333333,0.0,0.0,0.0,0.0,48.144288480721016,optimal
2021-02-10 14:00:00,7,81,0.0,0.0,0.0,0.251,31.647,6.0,-4,20.516751735002984,55.0,0.024,0.0,0.0,0.0,0.0,48.096144192240295,optimal
2021-02-10 14:30:00,7,81,0.0,0.0,0.0,0.21936666666666668,34.9965,6.0,-4,20.450965216011035,55.0,0.024,0.0,0.0,0.0,0.0,48.048048048048045,optimal
2021-02-10 15:00:00,7,81,0.0,0.0,0.0,0.6227999999999999,34.9965,6.0,-4,20.396979128433163,55.0,0.022,0.0,0.0,0.0,0.0,48.0,optimal
2021-02-10 15:30:00,7,81,0.0,0.0,0.0,1.7957,34.9965,6.0,-4,20.365941207474897,55.0,0.021333333333333333,0.0,0.0,0.0,0.0,47.51375528148467,optimal
2021-02-10 16:00:00,7,81,0.0,0.0,0.0,0.4735,34.9965,6.0,-4,20.333249853336493,55.0,0.02,0.0,0.0,0.0,0.0,47.027996807687856,optimal
2021-02-10 16:30:00,7,81,0.0,0.0,0.0,0.6723333333333333,34.9965,6.0,-4,20.27588044705134,55.0,0.019333333333333334,0.0,0.0,0.0,0.0,46.54272409236484,optimal
2021-02-10 17:00:00,7,81,0.0,0.0,0.0,1.3357333333333332,27.741,6.0,-4,20.23290726861672,55.0,0.019333333333333334,0.0,0.0,0.0,0.0,46.05793664975715,optimal
2021-02-10 17:30:00,7,81,0.0,0.0,0.0,0.8747999999999999,19.026,6.0,-4,20.197308232052208,55.0,0.011333333333333334,0.0,0.0,0.0,0.0,45.573633994592065,optimal
2021-02-10 18:00:00,7,81,0.0,0.0,0.0,0.2872,18.7215,6.0,-4,20.11295034525618,55.0,0.01,0.0,0.0,0.0,0.0,45.089815642082144,optimal
2021-02-10 18:30:00,7,81,0.4374127234630878,0.0,0.0,0.2296,17.4195,6.0,-4,20.0,55.0,0.004666666666666667,1530.9445321208073,0.0,0.0,0.0,44.606481107924736,optimal
2021-02-10 19:00:00,7,81,0.45203567363558933,0.0,0.0,1.0045333333333333,16.758,6.0,-4,20.0,55.0,0.004666666666666667,1582.1248577245626,0.0,0.0,0.0,44.12362990830148,optimal
2021-02-10 19:30:00,7,81,0.4321497793981717,0.0,0.0,1.0984,14.217,6.0,-4,20.0,55.0,0.0,1512.524227893601,0.0,0.0,0.0,44.07950627839318,optimal
2021-02-10 20:00:00,7,81,0.38734959944645875,0.0,0.0,0.5502,13.3665,6.0,-4,20.0,55.0,0.0,1355.7235980626056,0.0,0.0,0.0,44.03542677211479,optimal
2021-02-10 20:30:00,7,81,0.0199047619047619,0.0,0.0,0.2911333333333333,12.789,6.0,-4,20.0,55.0,0.0,0.0,0.0,69.66666666666666,0.0,43.99139134534268,optimal
2021-02-10 21:00:00,7,81,0.0199047619047619,0.0,0.0,0.37389999999999995,11.907,6.0,-4,19.88857844337973,55.0,0.0,0.0,0.0,69.66666666666666,0.0,43.94739995399733,optimal
2021-02-10 21:30:00,7,81,0.0,0.0,0.0,0.23953333333333332,11.7075,6.0,-4,19.80863759486857,55.0,0.0,0.0,0.0,0.0,0.0,43.903452554043334,optimal
2021-02-10 22:00:00,7,81,0.0,0.0,0.0,0.22119999999999998,10.8045,6.0,-4,19.73005208449962,55.0,0.0,0.0,0.0,0.0,0.0,43.85954910148929,optimal
2021-02-10 22:30:00,7,81,0.0,0.0,0.0,0.22240000000000001,11.508,6.0,-4,19.640543671972832,55.0,0.0,0.0,0.0,0.0,0.0,43.8156895523878,optimal
2021-02-10 23:00:00,7,81,0.0,0.0,0.0,0.30056666666666665,11.508,6.0,-4,19.541209465067812,55.0,0.0,0.0,0.0,0.0,0.0,43.77187386283541,optimal
2021-02-10 23:30:00,7,81,0.0,0.0,0.0,0.239,11.508,6.0,-4,19.45851628156752,55.0,0.0,0.0,0.0,0.0,0.0,43.728101988972575,optimal
2021-02-11 00:00:00,7,81,2.0,0.0,0.0,0.1356,11.025,6.0,-4,19.45851628156752,55.0,0.0,7000.0,0.0,0.0,0.0,43.6843738869836,optimal
2021-02-11 00:30:00,7,81,2.0,0.0,0.5728348409702508,0.057,10.7835,6.0,-4,19.812146453816478,55.0,0.06698564593301436,0.0,0.0,7000.0,0.0,43.91278606255748,optimal
2021-02-11 01:00:00,7,81,2.0,0.0,0.0,0.057,11.025,6.0,-4,19.624050946555265,55.0,0.08866666666666667,4734.333333333334,0.0,2265.6666666666665,0.0,43.86887327649492,optimal
2021-02-11 01:30:00,7,81,2.0,0.0,5.0,0.2037,10.584,6.0,-4,19.799321997484398,55.0,0.08866666666666667,7000.0,0.0,0.0,0.0,46.200004403218415,optimal
2021-02-11 02:00:00,7,81,2.0,0.0,0.0,0.12456666666666666,11.025,6.0,-4,20.15689691541971,55.0,0.08866666666666667,7000.0,0.0,0.0,0.0,46.15380439881519,optimal
2021-02-11 02:30:00,7,81,2.0,0.0,5.0,0.18236666666666668,10.4265,6.0,-4,20.505278225991304,55.0,0.08866666666666667,7000.0,0.0,0.0,0.0,48.48265059441637,optimal
2021-02-11 03:00:00,7,81,2.0,0.0,0.0,0.14623333333333333,12.789,6.0,-4,20.854098904162655,55.0,0.08866666666666667,7000.0,0.0,0.0,0.0,48.434167943821954,optimal
2021-02-11 03:30:00,7,81,2.0,0.0,0.0,0.12813333333333332,12.684,6.0,-4,21.196170704045386,55.0,0.08866666666666667,7000.0,0.0,0.0,0.0,48.38573377587813,optimal
2021-02-11 04:00:00,7,81,2.0,0.0,0.0,0.21363333333333331,16.254,6.0,-4,21.535311980627856,55.0,0.08866666666666667,7000.0,0.0,0.0,0.0,48.33734804210225,optimal
2021-02-11 04:30:00,7,81,0.0,0.0,0.0,0.06316666666666666,17.64,6.0,-4,21.880206467355137,55.0,0.08866666666666667,0.0,0.0,0.0,0.0,48.289010694060146,optimal
2021-02-11 05:00:00,7,81,0.0,0.0,0.0,0.057,19.1625,6.0,-4,21.67782762026582,55.0,0.08866666666666667,0.0,0.0,0.0,0.0,48.240721683366075,optimal
2021-02-11 05:30:00,7,81,0.0,0.0,0.0,0.15643333333333334,26.46,6.0,-4,21.476768751696664,55.0,0.08866666666666667,0.0,0.0,0.0,0.0,48.192480961682705,optimal
2021-02-11 06:00:00,7,81,0.0,0.0,0.0,0.16983333333333334,20.79,6.0,-4,21.287277445491167,55.0,0.08866666666666667,0.0,0.0,0.0,0.0,48.144288480721016,optimal
2021-02-11 06:30:00,7,81,0.0,0.0,0.0,0.11193333333333334,29.106,6.0,-4,21.113582838715793,55.0,0.06666666666666667,0.0,0.0,0.0,0.0,48.096144192240295,optimal
2021-02-11 07:00:00,7,81,0.0,0.0,0.0,0.41156666666666664,19.1835,6.0,-4,20.95760043059163,55.0,0.0358,0.0,0.0,0.0,0.0,48.048048048048045,optimal
2021-02-11 07:30:00,7,81,0.0,0.0,0.0,0.5727000000000001,19.6665,6.0,-4,20.842029888320592,55.0,0.008,0.0,0.0,0.0,0.0,48.0,optimal
2021-02-11 08:00:00,7,81,0.0,0.0,0.0,0.3716666666666667,19.404,6.0,-4,20.735552687586058,55.0,0.006,0.0,0.0,0.0,0.0,47.78009012459409,optimal
2021-02-11 08:30:00,7,81,0.0,0.0,0.0,0.2549333333333333,19.047,6.0,-4,20.590752412539242,55.0,0.006,0.0,0.0,0.0,0.0,47.56040015906358,optimal
2021-02-11 09:00:00,7,81,0.0,0.0,0.0,0.305,18.858,6.0,-4,20.413980458359745,55.0,0.005333333333333333,0.0,0.0,0.0,0.0,47.34092988349861,optimal
2021-02-11 09:30:00,7,81,0.0,0.0,0.0,1.5005,19.2675,6.0,-4,20.25010176069559,55.0,0.005333333333333333,0.0,0.0,0.0,0.0,47.121679078209205,optimal
2021-02-11 10:00:00,7,81,0.0,0.0,0.0,1.2117,18.963,6.0,-4,20.165304530680956,55.0,0.001333333333333333,0.0,0.0,0.0,0.0,46.902647523725086,optimal
2021-02-11 10:30:00,7,81,0.6935472456864029,0.0,0.0,2.580833333333333,18.438,6.0,-4,20.063922155693994,55.0,0.001333333333333333,2427.4153599024103,0.0,0.0,0.0,46.683835000795455,optimal
2021-02-11 11:00:00,7,81,0.0,0.0,0.0,1.8551666666666669,18.7425,6.0,-4,20.151999864094773,55.0,0.001333333333333333,0.0,0.0,0.0,0.0,46.46524129038875,optimal
2021-02-11 11:30:00,7,81,2.0,0.0,0.0,0.20753333333333332,15.2145,6.0,-4,20.0,55.0,0.001333333333333333,7000.0,0.0,0.0,0.0,46.246866173692446,optimal
2021-02-11 12:00:00,7,81,0.0,0.0,0.0,0.15383333333333335,17.7765,6.0,-4,20.371060490086872,55.0,0.001333333333333333,0.0,0.0,0.0,0.0,46.02870943211285,optimal
2021-02-11 12:30:00,7,81,0.8411142027047673,0.0,0.0,0.13276666666666667,16.758,6.0,-4,20.207887838079312,55.0,0.001333333333333333,2943.8997094666856,0.0,0.0,0.0,45.810770847274824,optimal
2021-02-11 13:00:00,7,81,2.0,0.0,0.0,0.17183333333333334,16.422,6.0,-4,20.27466569253437,55.0,0.001333333333333333,7000.0,0.0,0.0,0.0,45.59305020102164,optimal
2021-02-11 13:30:00,7,81,2.0,0.0,0.0,0.067,16.758,6.0,-4,20.65870749426881,55.0,0.001333333333333333,7000.0,0.0,0.0,0.0,45.37554727541471,optimal
2021-02-11 14:00:00,7,81,0.0,0.0,0.0,0.27253333333333335,29.358,6.0,-4,21.032247381498212,55.0,0.001333333333333333,0.0,0.0,0.0,0.0,45.15826185273339,optimal
2021-02-11 14:30:00,7,81,0.0,0.0,0.0,0.07573333333333333,34.9965,6.0,-4,20.88554019350655,55.0,0.001333333333333333,0.0,0.0,0.0,0.0,44.941193715474746,optimal
2021-02-11 15:00:00,7,81,0.0,0.0,0.0,0.067,34.65,6.0,-4,20.72203621378838,55.0,0.001333333333333333,0.0,0.0,0.0,0.0,44.724342646353364,optimal
2021-02-11 15:30:00,7,81,0.0,0.0,0.0,0.20266666666666663,34.9965,6.0,-4,20.556217151535364,55.0,0.001333333333333333,0.0,0.0,0.0,0.0,44.5077084283011,optimal
2021-02-11 16:00:00,7,81,0.0,0.0,0.0,0.1456,34.9965,6.0,-4,20.39203298850846,55.0,0.001333333333333333,0.0,0.0,0.0,0.0,44.29129084446689,optimal
2021-02-11 16:30:00,7,81,0.0,0.0,0.0,2.220766666666667,30.4815,6.0,-4,20.214780443008358,55.0,0.0,0.0,0.0,0.0,0.0,44.075089678216514,optimal
2021-02-11 17:00:00,7,81,0.0,0.0,0.0,2.6112333333333333,21.4305,6.0,-4,20.101981708983914,55.0,0.0,0.0,0.0,0.0,0.0,43.85910471313239,optimal
2021-02-11 17:30:00,7,81,0.5046836597541714,0.0,0.0,0.6365666666666667,14.3325,6.0,-4,20.0,55.0,0.0,1696.726142472933,0.0,69.66666666666666,0.0,43.643335733013345,optimal
2021-02-11 18:00:00,7,81,1.1746342315899765,0.0,0.0,0.30960000000000004,13.692,6.0,-4,20.0,55.0,0.002666666666666666,3623.5531438982507,0.0,487.6666666666667,0.0,43.42778252187442,optimal
2021-02-11 18:30:00,7,81,0.0,0.0,0.0,0.2025,14.007,6.0,-4,20.144751444954313,55.0,0.0,0.0,0.0,0.0,0.0,43.21244486394664,optimal
2021-02-11 19:00:00,7,81,0.5794596471342286,0.0,0.0,0.33653333333333335,12.873,6.0,-4,20.0,55.0,0.0,2028.1087649698,0.0,0.0,0.0,42.99732254367678,optimal
2021-02-11 19:30:00,7,81,0.8306331665268575,0.0,0.0,0.27276666666666666,12.684,6.0,-4,20.0,55.0,0.0,2489.2160828440014,0.0,418.0,0.0,42.782415345727195,optimal
2021-02-11 20:00:00,7,81,0.680063828776628,0.0,0.0,0.25216666666666665,12.306,6.0,-4,20.0,55.0,0.0,2240.8900673848643,0.0,139.33333333333331,0.0,42.73963293038147,optimal
2021-02-11 20:30:00,7,81,0.17914285714285713,0.0,0.0,0.29786666666666667,10.6365,6.0,-4,20.0,55.0,0.004,0.0,0.0,627.0,0.0,42.69689329745108,optimal
2021-02-11 21:00:00,7,81,0.0,0.0,0.0,0.631,11.2455,6.0,-4,19.84599468622589,55.0,0.0006666666666666665,0.0,0.0,0.0,0.0,42.65419640415363,optimal
2021-02-11 21:30:00,7,81,0.0,0.0,0.0,0.30083333333333334,11.2455,6.0,-4,19.719050949954504,55.0,0.0,0.0,0.0,0.0,0.0,42.61154220774948,optimal
2021-02-11 22:00:00,7,81,0.0,0.0,0.0,0.4624333333333333,11.025,6.0,-4,19.5900938940425,55.0,0.0,0.0,0.0,0.0,0.0,42.56893066554173,optimal
2021-02-11 22:30:00,7,81,0.0,0.0,0.0,0.12326666666666668,12.0855,6.0,-4,19.482264396013775,55.0,0.0,0.0,0.0,0.0,0.0,42.52636173487619,optimal
2021-02-11 23:00:00,7,81,0.0,0.0,0.0,0.1595,11.6865,6.0,-4,19.28014778695846,55.0,0.0,0.0,0.0,0.0,0.0,42.48383537314131,optimal
2021-02-11 23:30:00,7,81,0.0,0.0,0.0,0.08446666666666666,11.2245,6.0,-4,19.07727351566306,55.0,0.0,0.0,0.0,0.0,0.0,42.44135153776817,optimal
2021-02-12 00:00:00,7,81,2.0,0.0,5.0,0.2312,8.1585,6.0,1,19.07727351566306,55.0,0.0,7000.0,0.0,0.0,0.0,44.7739101862304,optimal
2021-02-12 00:30:00,7,81,2.0,0.0,0.0,0.06866666666666667,10.3635,6.0,1,19.41516421838553,55.0,0.06533333333333333,103.0,0.0,6897.0,0.0,44.72913627604417,optimal
2021-02-12 01:00:00,7,81,0.0,0.0,0.0,0.2571,10.8045,6.0,1,19.229210485557008,55.0,0.06533333333333333,0.0,0.0,0.0,0.0,44.684407139768126,optimal
2021-02-12 01:30:00,7,81,0.0,0.0,0.0,0.065,11.025,6.0,1,19.0566458856439,55.0,0.06533333333333333,0.0,0.0,0.0,0.0,44.63972273262836,optimal
2021-02-12 02:00:00,7,81,2.0,0.0,0.0,0.14923333333333333,10.3635,6.0,1,18.85904765387998,55.0,0.06466666666666666,7000.0,0.0,0.0,0.0,44.59508300989573,optimal
2021-02-12 02:30:00,7,81,2.0,0.0,0.0,0.2544666666666667,10.8045,6.0,1,19.203891698011798,55.0,0.06466666666666666,7000.0,0.0,0.0,0.0,44.550487926885836,optimal
2021-02-12 03:00:00,7,81,2.0,0.0,0.0,0.24753333333333333,10.059,6.0,1,19.56245633089538,55.0,0.06466666666666666,7000.0,0.0,0.0,0.0,44.50593743895895,optimal
2021-02-12 03:30:00,7,81,2.0,0.0,0.0,0.28776666666666667,10.584,6.0,1,19.91499531262068,55.0,0.06466666666666666,7000.0,0.0,0.0,0.0,44.461431501519996,optimal
2021-02-12 04:00:00,7,81,2.0,0.0,5.0,0.2312,9.4185,6.0,1,20.273663594936316,55.0,0.064,7000.0,0.0,0.0,0.0,46.79197007001848,optimal
2021-02-12 04:30:00,7,81,2.0,0.0,0.0,0.1318,10.3635,6.0,1,20.629474785147085,55.0,0.06266666666666666,7000.0,0.0,0.0,0.0,46.74517809994846,optimal
2021-02-12 05:00:00,7,81,2.0,0.0,3.043906439731598,0.185,9.8385,6.0,1,20.981516731307412,55.0,0.06133333333333333,7000.0,0.0,0.0,0.0,48.144288480721016,optimal
2021-02-12 05:30:00,7,81,2.0,0.0,0.0,0.1052,11.067,6.0,1,21.342997484525515,55.0,0.06133333333333333,7000.0,0.0,0.0,0.0,48.096144192240295,optimal
2021-02-12 06:00:00,7,81,2.0,0.0,0.0,0.2312,10.8465,6.0,1,21.711628849062528,55.0,0.058666666666666666,7000.0,0.0,0.0,0.0,48.048048048048045,optimal
2021-02-12 06:30:00,7,81,0.0,0.0,0.0,0.2612,13.671,6.0,1,22.102773122733485,55.0,0.054,0.0,0.0,0.0,0.0,48.0,optimal
2021-02-12 07:00:00,7,81,0.0,0.0,0.0,0.052,12.348,6.0,1,21.95873942698036,55.0,0.050666666666666665,0.0,0.0,0.0,0.0,47.40457043803657,optimal
2021-02-12 07:30:00,7,81,0.0,0.0,0.0,0.060533333333333335,14.3325,6.0,1,21.790555330961777,55.0,0.046,0.0,0.0,0.0,0.0,46.809736305635106,optimal
2021-02-12 08:00:00,7,81,0.0,0.0,0.0,0.9470666666666668,15.393,6.0,1,21.625237268806174,55.0,0.044,0.0,0.0,0.0,0.0,46.21549700736605,optimal
2021-02-12 08:30:00,7,81,0.0,0.0,0.0,0.8018,13.587,6.0,1,21.46800437290301,55.0,0.044,0.0,0.0,0.0,0.0,45.62185194839525,optimal
2021-02-12 09:00:00,7,81,0.0,0.0,0.0,0.054,16.1385,6.0,1,21.293503368331994,55.0,0.044,0.0,0.0,0.0,0.0,45.02880053448343,optimal
2021-02-12 09:30:00,7,81,0.0,0.0,0.0,0.054,14.595,6.0,1,21.07213947224633,55.0,0.044,0.0,0.0,0.0,0.0,44.43634217198552,optimal
2021-02-12 10:00:00,7,81,0.0,0.0,0.0,0.054666666666666655,14.637,6.0,1,20.872191567415438,55.0,0.044,0.0,0.0,0.0,0.0,43.84447626785011,optimal
2021-02-12 10:30:00,7,81,0.0,0.0,0.0,0.064,13.9125,6.0,1,20.69347024577958,55.0,0.044,0.0,0.0,0.0,0.0,43.253202229618836,optimal
2021-02-12 11:00:00,7,81,0.0,0.0,0.0,0.062,13.3665,6.0,1,20.519867481822367,55.0,0.044,0.0,0.0,0.0,0.0,42.66251946542579,optimal
2021-02-12 11:30:00,7,81,0.0,0.0,0.0,0.054,13.0095,6.0,1,20.35133801051832,55.0,0.044,0.0,0.0,0.0,0.0,42.07242738399694,optimal
2021-02-12 12:00:00,7,81,0.0,0.0,0.0,0.054,13.8915,6.0,1,20.184741344627753,55.0,0.044,0.0,0.0,0.0,0.0,41.48292539464951,optimal
2021-02-12 12:30:00,7,81,0.5350474834776207,0.0,0.0,0.054,13.188,6.0,1,20.020060391704515,55.0,0.044,1872.6661921716723,0.0,0.0,0.0,40.89401290729144,optimal
2021-02-12 13:00:00,7,81,0.6079285513291621,0.0,0.0,0.054,12.5685,6.0,1,20.0,55.0,0.044,2127.7499296520673,0.0,0.0,0.0,40.30568933242072,optimal
2021-02-12 13:30:00,7,81,0.5024671460151328,0.0,0.0,0.7528666666666667,12.285,6.0,1,20.0,55.0,0.044,1758.6350110529647,0.0,0.0,0.0,39.71795408112487,optimal
2021-02-12 14:00:00,7,81,1.6356028733587342,0.0,0.0,0.18566666666666662,11.487,6.0,1,20.0,55.0,0.044,5724.61005675557,0.0,0.0,0.0,39.13080656508032,optimal
2021-02-12 14:30:00,7,81,0.0,0.0,0.0,0.10766666666666669,11.802,6.0,1,20.29852564416283,55.0,0.044,0.0,0.0,0.0,0.0,38.54424619655181,optimal
2021-02-12 15:00:00,7,81,2.0,0.0,0.0,0.06333333333333334,11.2245,6.0,1,20.139097178478792,55.0,0.044,7000.0,0.0,0.0,0.0,37.95827238839183,optimal
2021-02-12 15:30:00,7,81,2.0,0.0,0.0,0.142,11.025,6.0,1,20.505658614010542,55.0,0.044,7000.0,0.0,0.0,0.0,37.37288455404001,optimal
2021-02-12 16:00:00,7,81,0.0,0.0,0.0,0.1849,11.907,6.0,1,20.894452896448954,55.0,0.039999999999999994,0.0,0.0,0.0,0.0,36.78808210752255,optimal
2021-02-12 16:30:00,7,81,0.0,0.0,0.0,0.11916666666666668,25.83,6.0,1,20.766072782132657,55.0,0.03933333333333333,0.0,0.0,0.0,0.0,36.2038644634516,optimal
2021-02-12 17:00:00,7,81,0.0,0.0,0.0,0.25553333333333333,28.035,6.0,1,20.645343709203008,55.0,0.03497333333333333,0.0,0.0,0.0,0.0,36.16766059898815,optimal
2021-02-12 17:30:00,7,81,0.0,0.0,0.0,0.30036666666666667,28.119,6.0,1,20.56941593137985,55.0,0.03266666666666666,0.0,0.0,0.0,0.0,36.13149293838916,optimal
2021-02-12 18:00:00,7,81,0.0,0.0,0.0,0.4129,30.156,6.0,1,20.492818981678152,55.0,0.02933333333333333,0.0,0.0,0.0,0.0,36.09536144545077,optimal
2021-02-12 18:30:00,7,81,0.0,0.0,0.0,0.31653333333333333,29.1585,6.0,1,20.421398227360147,55.0,0.02666666666666666,0.0,0.0,0.0,0.0,36.05926608400532,optimal
2021-02-12 19:00:00,7,81,0.0,0.0,0.0,0.324,26.712,6.0,1,20.325207123512055,55.0,0.02666666666666666,0.0,0.0,0.0,0.0,36.02320681792132,optimal
2021-02-12 19:30:00,7,81,0.0,0.0,0.0,0.2378,15.435,6.0,1,20.219232322476948,55.0,0.025999999999999995,0.0,0.0,0.0,0.0,35.9871836111034,optimal
2021-02-12 20:00:00,7,81,0.0,0.0,0.0,0.10603333333333331,13.566,6.0,1,20.108696929982568,55.0,0.025999999999999995,0.0,0.0,0.0,0.0,35.95119642749229,optimal
2021-02-12 20:30:00,7,81,0.0,0.0,0.0,0.2726,12.789,6.0,1,20.0,55.0,0.02266666666666666,0.0,0.0,0.0,0.0,35.9152452310648,optimal
2021-02-12 21:00:00,7,81,0.0,0.0,0.0,0.2785666666666667,12.1275,6.0,1,19.907798650759336,55.0,0.001333333333333333,0.0,0.0,0.0,0.0,35.879329985833735,optimal
2021-02-12 21:30:00,7,81,0.0,0.0,0.0,0.4072,13.671,6.0,1,19.822145974040023,55.0,0.001333333333333333,0.0,0.0,0.0,0.0,35.8434506558479,optimal
2021-02-12 22:00:00,7,81,0.0,0.0,0.0,0.22846666666666668,10.668,6.0,1,19.752181211091596,55.0,0.001333333333333333,0.0,0.0,0.0,0.0,35.807607205192056,optimal
2021-02-12 22:30:00,7,81,0.0,0.0,0.0,0.16893333333333332,11.7285,6.0,1,19.649855480409858,55.0,0.0,0.0,0.0,0.0,0.0,35.77179959798686,optimal
2021-02-12 23:00:00,7,81,0.0,0.0,0.0,0.2634666666666666,11.025,6.0,1,19.546768252117502,55.0,0.0,0.0,0.0,0.0,0.0,35.736027798388875,optimal
2021-02-12 23:30:00,7,81,0.0,0.0,0.0,0.5406666666666666,10.689,6.0,1,19.447974112500287,55.0,0.0,0.0,0.0,0.0,0.0,35.70029177059049,optimal
2021-02-13 00:00:00,7,81,0.0,0.0,0.0,0.053,10.059,6.0,-1,19.447974112500287,55.0,0.0,0.0,0.0,0.0,0.0,35.6645914788199,optimal
2021-02-13 00:30:00,7,81,0.41673233147830857,0.0,0.0,0.053,9.261,6.0,-1,19.292073341259556,55.0,0.013957542202622778,0.0,0.0,1458.5631601740802,0.0,35.62892688734108,optimal
2021-02-13 01:00:00,7,81,2.0,0.0,5.0,0.1693,8.1585,6.0,-1,19.13799367965186,55.0,0.08094318813563713,0.0,0.0,7000.0,0.0,37.96829796045374,optimal
2021-02-13 01:30:00,7,81,0.0,0.0,0.0,0.1561,9.4815,6.0,-1,18.994582610349415,55.0,0.08094318813563713,0.0,0.0,0.0,0.0,37.930329662493286,optimal
2021-02-13 02:00:00,7,81,2.0,0.0,2.2100202376821705,0.0731,8.379,6.0,-1,18.851876170666902,55.0,0.08866666666666667,6192.896493507414,0.0,807.1035064925863,0.0,38.94215894572982,optimal
2021-02-13 02:30:00,7,81,0.0,0.0,0.0,0.2523,9.5235,6.0,-1,19.176528616313913,55.0,0.08866666666666667,0.0,0.0,0.0,0.0,38.90321678678409,optimal
2021-02-13 03:00:00,7,81,2.0,0.0,5.0,0.053,8.1375,6.0,-1,19.039986872484317,55.0,0.08866666666666667,7000.0,0.0,0.0,0.0,41.2393135699973,optimal
2021-02-13 03:30:00,7,81,0.0,0.0,0.0,0.17859999999999998,10.0905,6.0,-1,19.422955572910457,55.0,0.08866666666666667,0.0,0.0,0.0,0.0,41.198074256427304,optimal
2021-02-13 04:00:00,7,81,2.0,0.0,5.0,0.1468,7.539,6.0,-1,19.278175142341347,55.0,0.08866666666666667,7000.0,0.0,0.0,0.0,43.531876182170876,optimal
2021-02-13 04:30:00,7,81,2.0,0.0,5.0,0.053,7.938,6.0,-1,19.665301497055594,55.0,0.08866666666666667,7000.0,0.0,0.0,0.0,45.8633443059887,optimal
2021-02-13 05:00:00,7,81,2.0,0.0,5.0,0.2724,8.274,6.0,-1,20.040970621069107,55.0,0.08866666666666667,7000.0,0.0,0.0,0.0,48.192480961682705,optimal
2021-02-13 05:30:00,7,81,2.0,0.0,0.0,0.069,9.261,6.0,-1,20.42915380840266,55.0,0.08866666666666667,7000.0,0.0,0.0,0.0,48.144288480721016,optimal
2021-02-13 06:00:00,7,81,2.0,0.0,0.0,0.11533333333333332,9.9225,6.0,-1,20.797517456242698,55.0,0.08866666666666667,7000.0,0.0,0.0,0.0,48.096144192240295,optimal
2021-02-13 06:30:00,7,81,2.0,0.0,0.0,0.1252333333333333,9.702,6.0,-1,21.16478714181661,55.0,0.086,7000.0,0.0,0.0,0.0,48.048048048048045,optimal
2021-02-13 07:00:00,7,81,0.0,0.0,0.0,1.1294666666666666,10.584,6.0,-1,21.53044178278584,55.0,0.08466666666666667,0.0,0.0,0.0,0.0,48.0,optimal
2021-02-13 07:30:00,7,81,2.0,0.0,0.0,0.067,10.143,6.0,-1,21.395312469815792,55.0,0.07666666666666666,7000.0,0.0,0.0,0.0,47.88519148463657,optimal
2021-02-13 08:00:00,7,81,0.0,0.0,0.0,0.2299,13.0095,6.0,-1,21.778984580911395,55.0,0.072,0.0,0.0,0.0,0.0,47.770497777788506,optimal
2021-02-13 08:30:00,7,81,0.0,0.0,0.0,0.11196666666666669,11.025,6.0,-1,21.637515450992353,55.0,0.06866666666666667,0.0,0.0,0.0,0.0,47.65591876464729,optimal
2021-02-13 09:00:00,7,81,0.0,0.0,0.0,1.8413666666666664,12.789,6.0,-1,21.48532212562608,55.0,0.06266666666666666,0.0,0.0,0.0,0.0,47.541454330519215,optimal
2021-02-13 09:30:00,7,81,0.0,0.0,0.0,2.679533333333333,12.1275,6.0,-1,21.361316343052728,55.0,0.06030666666666667,0.0,0.0,0.0,0.0,47.42710436082527,optimal
2021-02-13 10:00:00,7,81,0.0,0.0,0.0,0.7968999999999999,12.1695,6.0,-1,21.263414861566723,55.0,0.058,0.0,0.0,0.0,0.0,47.31286874110101,optimal
2021-02-13 10:30:00,7,81,0.0,0.0,0.0,0.1989,12.306,6.0,-1,21.12121481602557,55.0,0.058,0.0,0.0,0.0,0.0,47.198747356996485,optimal
2021-02-13 11:00:00,7,81,0.0,0.0,0.0,0.14316666666666666,13.23,6.0,-1,20.96943922080702,55.0,0.058,0.0,0.0,0.0,0.0,47.084740094276064,optimal
2021-02-13 11:30:00,7,81,0.0,0.0,0.0,0.063,13.671,6.0,-1,20.80501348682061,55.0,0.058,0.0,0.0,0.0,0.0,46.97084683881836,optimal
2021-02-13 12:00:00,7,81,0.0,0.0,0.0,0.2154,13.9335,6.0,-1,20.62011570203036,55.0,0.058,0.0,0.0,0.0,0.0,46.857067476616116,optimal
2021-02-13 12:30:00,7,81,0.0,0.0,0.0,0.128,13.293,6.0,-1,20.448910381637035,55.0,0.058,0.0,0.0,0.0,0.0,46.743401893776074,optimal
2021-02-13 13:00:00,7,81,0.0,0.0,0.0,0.137,12.1065,6.0,-1,20.284646067287216,55.0,0.054,0.0,0.0,0.0,0.0,46.62984997651887,optimal
2021-02-13 13:30:00,7,81,0.0,0.0,0.0,0.247,11.571,6.0,-1,20.139485959784214,55.0,0.05266666666666667,0.0,0.0,0.0,0.0,46.516411611178924,optimal
2021-02-13 14:00:00,7,81,2.0,0.0,0.0,0.32416666666666666,11.025,6.0,-1,20.0,55.0,0.052,7000.0,0.0,0.0,0.0,46.40308668420432,optimal
2021-02-13 14:30:00,7,81,2.0,0.0,0.0,0.3466,10.8465,6.0,-1,20.402005374814667,55.0,0.04933333333333333,7000.0,0.0,0.0,0.0,46.28987508215669,optimal
2021-02-13 15:00:00,7,81,0.37421316858605436,0.0,0.0,0.4507,11.2455,6.0,-1,20.8087907392655,55.0,0.04933333333333333,1309.74609005119,0.0,0.0,0.0,46.176776691711105,optimal
2021-02-13 15:30:00,7,81,0.0,0.0,0.0,0.37810000000000005,23.8665,6.0,-1,20.79113819711052,55.0,0.048666666666666664,0.0,0.0,0.0,0.0,46.06379139965597,optimal
2021-02-13 16:00:00,7,81,0.0,0.0,0.0,0.19093333333333332,27.4575,6.0,-1,20.66562606426106,55.0,0.048666666666666664,0.0,0.0,0.0,0.0,45.95091909289289,optimal
2021-02-13 16:30:00,7,81,0.0,0.0,0.0,0.3879333333333333,27.3735,6.0,-1,20.53633837966729,55.0,0.04733333333333333,0.0,0.0,0.0,0.0,45.83815965843657,optimal
2021-02-13 17:00:00,7,81,0.0,0.0,0.0,1.3414000000000001,30.4605,6.0,-1,20.43692655127931,55.0,0.04466666666666667,0.0,0.0,0.0,0.0,45.7255129834147,optimal
2021-02-13 17:30:00,7,81,0.0,0.0,0.0,0.2503,30.0195,6.0,-1,20.41400758460472,55.0,0.02666666666666667,0.0,0.0,0.0,0.0,45.61297895506786,optimal
2021-02-13 18:00:00,7,81,0.0,0.0,0.0,0.7991333333333334,26.9325,6.0,-1,20.311975911732517,55.0,0.02666666666666667,0.0,0.0,0.0,0.0,45.50055746074936,optimal
2021-02-13 18:30:00,7,81,0.0,0.0,0.0,1.2475333333333334,14.595,6.0,-1,20.213458357411458,55.0,0.024666666666666667,0.0,0.0,0.0,0.0,45.38824838792519,optimal
2021-02-13 19:00:00,7,81,0.0,0.0,0.0,0.2815,12.4845,6.0,-1,20.116800696293456,55.0,0.022306666666666666,0.0,0.0,0.0,0.0,45.27605162417384,optimal
2021-02-13 19:30:00,7,81,0.46811712546443085,0.0,0.0,0.22013333333333332,12.1275,6.0,-1,20.0,55.0,0.021333333333333333,1638.409939125508,0.0,0.0,0.0,45.16396705718624,optimal
2021-02-13 20:00:00,7,81,0.4510366725313689,0.0,0.0,0.47513333333333335,12.1275,6.0,-1,20.0,55.0,0.021333333333333333,1578.6283538597913,0.0,0.0,0.0,45.05199457476563,optimal
2021-02-13 20:30:00,7,81,0.0,0.0,0.0,0.33636666666666665,12.789,6.0,-1,20.0,55.0,0.019333333333333334,0.0,0.0,0.0,0.0,44.94013406482744,optimal
2021-02-13 21:00:00,7,81,0.0,0.0,0.0,0.5028,11.907,6.0,-1,19.875180510408445,55.0,0.018666666666666668,0.0,0.0,0.0,0.0,44.82838541539918,optimal
2021-02-13 21:30:00,7,81,0.0,0.0,0.0,0.5978333333333333,11.025,6.0,-1,19.7590197548559,55.0,0.0,0.0,0.0,0.0,0.0,44.716748514620356,optimal
2021-02-13 22:00:00,7,81,0.0199047619047619,0.0,0.0,0.4433333333333333,8.2005,6.0,-1,19.66018819425813,55.0,0.0006666666666666665,0.0,0.0,69.66666666666666,0.0,44.605223250742306,optimal
2021-02-13 22:30:00,7,81,0.0,0.0,0.0,0.5273333333333333,9.5655,6.0,-1,19.52966468535277,55.0,0.0,0.0,0.0,0.0,0.0,44.49380951212814,optimal
2021-02-13 23:00:00,7,81,0.0,0.0,0.0,0.32703333333333334,7.056,6.0,-1,19.42510063885678,55.0,0.0,0.0,0.0,0.0,0.0,44.44931570261601,optimal
2021-02-13 23:30:00,7,81,0.0,0.0,0.0,0.14566666666666667,9.3975,6.0,-1,19.317282591789738,55.0,0.0,0.0,0.0,0.0,0.0,44.4048663869134,optimal
2021-02-07 00:00:00,8,81,0.05971428571428571,0.0,0.0,0.1114,10.584,6.0,4,21.0,55.0,0.12,0.0,0.0,209.0,0.0,47.952,optimal
2021-02-07 00:30:00,8,81,0.0,0.0,0.0,0.3407333333333333,6.678,6.0,4,20.866517618646586,55.0,0.12,0.0,0.0,0.0,0.0,47.904047999999996,optimal
2021-02-07 01:00:00,8,81,0.0,0.0,0.0,0.3968666666666667,7.938,6.0,4,20.75568723362657,55.0,0.12,0.0,0.0,0.0,0.0,47.856143952,optimal
2021-02-07 01:30:00,8,81,0.0,0.0,0.0,0.3614666666666666,5.292,6.0,4,20.664305698914088,55.0,0.12,0.0,0.0,0.0,0.0,47.80828780804799,optimal
2021-02-07 02:00:00,8,81,0.0,0.0,0.0,0.5522,9.261,6.0,4,20.574984639685255,55.0,0.12,0.0,0.0,0.0,0.0,47.76047952023995,optimal
2021-02-07 02:30:00,8,81,0.0,0.0,0.0,0.7168,10.3635,6.0,4,20.50040548353521,55.0,0.12,0.0,0.0,0.0,0.0,47.712719040719705,optimal
2021-02-07 03:00:00,8,81,0.0,0.0,0.0,0.36033333333333334,8.274,6.0,4,20.43240478432523,55.0,0.11733333333333333,0.0,0.0,0.0,0.0,47.66500632167899,optimal
2021-02-07 03:30:00,8,81,0.0,0.0,0.0,0.3413333333333333,7.7175,6.0,4,20.33280507971821,55.0,0.11533333333333333,0.0,0.0,0.0,0.0,47.61734131535731,optimal
2021-02-07 04:00:00,8,81,0.0,0.0,0.0,0.2553,6.615,6.0,4,20.226993196789767,55.0,0.11533333333333333,0.0,0.0,0.0,0.0,47.56972397404195,optimal
2021-02-07 04:30:00,8,81,0.0,0.0,0.0,0.24956666666666663,6.174,6.0,4,20.10488010914194,55.0,0.11466666666666667,0.0,0.0,0.0,0.0,47.522154250067906,optimal
2021-02-07 05:00:00,8,81,0.3157917644304541,0.0,0.0,0.17909999999999998,3.906,6.0,4,19.981591153395392,55.0,0.11466666666666667,1105.2711755065893,0.0,0.0,0.0,47.47463209581784,optimal
2021-02-07 05:30:00,8,81,2.0,0.0,0.0,0.08956666666666667,2.3415,6.0,4,19.937005916824337,55.0,0.11333333333333333,7000.0,0.0,0.0,0.0,47.42715746372202,optimal
2021-02-07 06:00:00,8,81,2.0,0.0,0.0,0.18480000000000002,2.205,6.0,4,20.339538069510542,55.0,0.108,7000.0,0.0,0.0,0.0,47.379730306258296,optimal
2021-02-07 06:30:00,8,81,2.0,0.0,1.7093429574083978,1.2685333333333333,0.882,6.0,4,20.749057887290473,55.0,0.10533333333333333,7000.0,0.0,0.0,0.0,48.144288480721016,optimal
2021-02-07 07:00:00,8,81,2.0,0.0,0.0,0.2826,1.5435,6.0,4,21.179358416505593,55.0,0.10266666666666667,7000.0,0.0,0.0,0.0,48.096144192240295,optimal
2021-02-07 07:30:00,8,81,2.0,0.0,0.0,0.2849,1.5435,6.0,4,21.593882878952865,55.0,0.102,7000.0,0.0,0.0,0.0,48.048048048048045,optimal
2021-02-07 08:00:00,8,81,0.0,0.0,0.0,0.18966666666666662,5.0715,6.0,4,22.0,55.0,0.09866666666666667,0.0,0.0,0.0,0.0,48.0,optimal
2021-02-07 08:30:00,8,81,0.0,0.0,0.0,0.1378,5.376,6.0,4,21.853335159596572,55.0,0.09866666666666667,0.0,0.0,0.0,0.0,47.919458523233615,optimal
2021-02-07 09:00:00,8,81,1.7275829471723751,0.0,0.0,0.37106666666666666,5.0715,6.0,4,21.682410506643116,55.0,0.09866666666666667,6046.540315103312,0.0,0.0,0.0,47.838997587944,optimal
2021-02-07 09:30:00,8,81,0.5510111758452164,0.0,0.0,0.212,5.5125,6.0,4,22.0,55.0,0.096,1928.5391154582571,0.0,0.0,0.0,47.75861711358967,optimal
2021-02-07 10:00:00,8,81,0.23468948668064113,0.0,0.0,2.2231666666666667,9.261,6.0,4,22.0,55.0,0.096,821.413203382244,0.0,0.0,0.0,47.6783170197097,optimal
2021-02-07 10:30:00,8,81,0.0,0.0,0.0,1.4979,11.7075,6.0,4,22.0,55.0,0.096,0.0,0.0,0.0,0.0,47.59809722592361,optimal
2021-02-07 11:00:00,8,81,0.0,0.0,0.0,0.5093,12.348,6.0,4,21.882902178257716,55.0,0.096,0.0,0.0,0.0,0.0,47.517957651931304,optimal
2021-02-07 11:30:00,8,81,0.0,0.0,0.0,0.3078,12.348,6.0,4,21.750633945604513,55.0,0.096,0.0,0.0,0.0,0.0,47.43789821751299,optimal
2021-02-07 12:00:00,8,81,0.0,0.0,0.0,1.8321333333333327,12.1275,6.0,4,21.610208098639454,55.0,0.09266666666666666,0.0,0.0,0.0,0.0,47.357918842529095,optimal
2021-02-07 12:30:00,8,81,0.0,0.0,0.0,0.165,12.5265,6.0,4,21.498990426895574,55.0,0.09266666666666666,0.0,0.0,0.0,0.0,47.27801944692018,optimal
2021-02-07 13:00:00,8,81,0.0,0.0,0.0,0.19143333333333332,11.7495,6.0,4,21.343149464060513,55.0,0.09266666666666666,0.0,0.0,0.0,0.0,47.19819995070688,optimal
2021-02-07 13:30:00,8,81,0.0,0.0,0.0,0.09723333333333332,13.23,6.0,4,21.191615975016312,55.0,0.09266666666666666,0.0,0.0,0.0,0.0,47.11846027398979,optimal
2021-02-07 14:00:00,8,81,0.0,0.0,0.0,0.09986666666666666,14.3325,6.0,4,21.04251024010727,55.0,0.09266666666666666,0.0,0.0,0.0,0.0,47.038800336949414,optimal
2021-02-07 14:30:00,8,81,0.0,0.0,0.0,0.12416666666666669,14.994,6.0,4,20.893867352421804,55.0,0.09266666666666666,0.0,0.0,0.0,0.0,46.95922005984608,optimal
2021-02-07 15:00:00,8,81,0.0,0.0,0.0,0.23433333333333328,14.8155,6.0,4,20.746115091802032,55.0,0.09266666666666666,0.0,0.0,0.0,0.0,46.87971936301985,optimal
2021-02-07 15:30:00,8,81,0.0,0.0,0.0,0.1399,14.112,6.0,4,20.604946327194206,55.0,0.09266666666666666,0.0,0.0,0.0,0.0,46.80029816689045,optimal
2021-02-07 16:00:00,8,81,0.0,0.0,0.0,0.24796666666666667,14.007,6.0,4,20.470896515906425,55.0,0.08733333333333333,0.0,0.0,0.0,0.0,46.72095639195717,optimal
2021-02-07 16:30:00,8,81,0.0,0.0,0.0,0.45439999999999997,13.23,6.0,4,20.34452509565184,55.0,0.086,0.0,0.0,0.0,0.0,46.64169395879883,optimal
2021-02-07 17:00:00,8,81,2.0,0.0,0.0,0.29906666666666665,11.382,6.0,4,20.237326469361776,55.0,0.086,7000.0,0.0,0.0,0.0,46.56251078807365,optimal
2021-02-07 17:30:00,8,81,0.606432418591011,0.0,0.0,0.4467,11.7495,6.0,4,20.659243469238096,55.0,0.084,2122.5134650685386,0.0,0.0,0.0,46.4834068005192,optimal
2021-02-07 18:00:00,8,81,0.0,0.0,0.0,1.2885,24.3285,6.0,4,20.722530948572828,55.0,0.084,0.0,0.0,0.0,0.0,46.404381916952296,optimal
2021-02-07 18:30:00,8,81,0.0,0.0,0.0,0.6665,28.917,6.0,4,20.61230041474329,55.0,0.08133333333333333,0.0,0.0,0.0,0.0,46.32543605826896,optimal
2021-02-07 19:00:00,8,81,0.0,0.0,0.0,0.145,31.3635,6.0,4,20.47273352427222,55.0,0.08133333333333333,0.0,0.0,0.0,0.0,46.24656914544431,optimal
2021-02-07 19:30:00,8,81,0.0,0.0,0.0,0.2334,33.306,6.0,4,20.31150528520762,55.0,0.08133333333333333,0.0,0.0,0.0,0.0,46.16778109953248,optimal
2021-02-07 20:00:00,8,81,0.0,0.0,0.0,0.2391,31.3425,6.0,4,20.15700138354284,55.0,0.08133333333333333,0.0,0.0,0.0,0.0,46.089071841666566,optimal
2021-02-07 20:30:00,8,81,0.0,0.0,0.0,2.3835,28.2555,6.0,4,20.0,55.0,0.08133333333333333,0.0,0.0,0.0,0.0,46.01044129305852,optimal
2021-02-07 21:00:00,8,81,0.0,0.0,0.0,0.6929666666666667,15.6975,6.0,4,19.90813152426771,55.0,0.08,0.0,0.0,0.0,0.0,45.93188937499908,optimal
2021-02-07 21:30:00,8,81,0.0,0.0,0.0,0.265,12.5475,6.0,4,19.79688887733584,55.0,0.08,0.0,0.0,0.0,0.0,45.8534160088577,optimal
2021-02-07 22:00:00,8,81,0.0,0.0,0.0,0.25366666666666665,12.0855,6.0,4,19.674058513364827,55.0,0.07866666666666666,0.0,0.0,0.0,0.0,45.80756259284884,optimal
2021-02-07 22:30:00,8,81,0.0,0.0,0.0,0.20706666666666662,11.907,6.0,4,19.560403290571916,55.0,0.07733333333333334,0.0,0.0,0.0,0.0,45.76175503025599,optimal
2021-02-07 23:00:00,8,81,0.0,0.0,0.0,0.17646666666666666,12.5685,6.0,4,19.446223958651053,55.0,0.07733333333333334,0.0,0.0,0.0,0.0,45.715993275225735,optimal
2021-02-07 23:30:00,8,81,0.0,0.0,0.0,0.071,13.146,6.0,4,19.318350439478703,55.0,0.07733333333333334,0.0,0.0,0.0,0.0,45.67027728195051,optimal
2021-02-08 00:00:00,8,81,1.1060865506384838,0.0,0.0,0.15363333333333332,7.938,6.0,-1,19.318350439478703,55.0,0.07733333333333334,3871.3029272346935,0.0,0.0,0.0,45.62460700466856,optimal
2021-02-08 00:30:00,8,81,0.0,0.0,0.0,0.08683333333333333,8.6835,6.0,-1,19.48229116984597,55.0,0.07733333333333334,0.0,0.0,0.0,0.0,45.57898239766389,optimal
2021-02-08 01:00:00,8,81,2.0,0.0,0.0,0.09796666666666669,7.665,6.0,-1,19.344646670665508,55.0,0.07733333333333334,7000.0,0.0,0.0,0.0,45.53340341526623,optimal
2021-02-08 01:30:00,8,81,2.0,0.0,0.0,0.1425,6.7725,6.0,-1,19.742560156929287,55.0,0.07733333333333334,7000.0,0.0,0.0,0.0,45.487870011850966,optimal
2021-02-08 02:00:00,8,81,2.0,0.0,0.0,0.059,5.5755,6.0,-1,20.139906054018855,55.0,0.07733333333333334,7000.0,0.0,0.0,0.0,45.44238214183911,optimal
2021-02-08 02:30:00,8,81,2.0,0.0,1.4912283312457333,0.059,5.0925,6.0,-1,20.526931558052276,55.0,0.07733333333333334,7000.0,0.0,0.0,0.0,46.10527321703899,optimal
2021-02-08 03:00:00,8,81,2.0,0.0,5.0,0.18146666666666667,4.1895,6.0,-1,20.91097620685007,55.0,0.07733333333333334,7000.0,0.0,0.0,0.0,48.434167943821954,optimal
2021-02-08 03:30:00,8,81,2.0,0.0,0.0,0.059,7.056,6.0,-1,21.301399935643403,55.0,0.07733333333333334,7000.0,0.0,0.0,0.0,48.38573377587813,optimal
2021-02-08 04:00:00,8,81,2.0,0.0,0.0,0.1425,5.271,6.0,-1,21.67859472266354,55.0,0.07733333333333334,7000.0,0.0,0.0,0.0,48.33734804210225,optimal
2021-02-08 04:30:00,8,81,2.0,0.0,0.0,0.09796666666666669,7.938,6.0,-1,22.05837494159949,55.0,0.07733333333333334,7000.0,0.0,0.0,0.0,48.289010694060146,optimal
2021-02-08 05:00:00,8,81,2.0,0.0,0.0,0.06456666666666666,7.938,6.0,-1,22.430517671443724,55.0,0.07733333333333334,7000.0,0.0,0.0,0.0,48.240721683366075,optimal
2021-02-08 05:30:00,8,81,0.0,0.0,0.0,0.1759,11.907,6.0,-1,22.79593896915316,55.0,0.07733333333333334,0.0,0.0,0.0,0.0,48.192480961682705,optimal
2021-02-08 06:00:00,8,81,0.0,0.0,0.0,0.059,11.025,6.0,-1,22.632679027952666,55.0,0.07733333333333334,0.0,0.0,0.0,0.0,48.144288480721016,optimal
2021-02-08 06:30:00,8,81,0.0,0.0,0.0,0.18146666666666667,11.2875,6.0,-1,22.461511507900365,55.0,0.07733333333333334,0.0,0.0,0.0,0.0,48.096144192240295,optimal
2021-02-08 07:00:00,8,81,0.0,0.0,0.0,0.05766666666666666,12.936,6.0,-1,22.30074923666644,55.0,0.074,0.0,0.0,0.0,0.0,48.048048048048045,optimal
2021-02-08 07:30:00,8,81,0.0,0.0,0.0,0.9822333333333332,13.0095,6.0,-1,22.13727281577398,55.0,0.051333333333333335,0.0,0.0,0.0,0.0,48.0,optimal
2021-02-08 08:00:00,8,81,0.0,0.0,0.0,1.1618666666666666,13.671,6.0,-1,22.0,55.0,0.042,0.0,0.0,0.0,0.0,47.843299860713266,optimal
2021-02-08 08:30:00,8,81,0.0,0.0,0.0,0.15166666666666664,13.188,6.0,-1,21.857906628983304,55.0,0.042,0.0,0.0,0.0,0.0,47.68675642156582,optimal
2021-02-08 09:00:00,8,81,0.0,0.0,0.0,0.16363333333333333,13.8495,6.0,-1,21.69910949198529,55.0,0.042,0.0,0.0,0.0,0.0,47.53036952585752,optimal
2021-02-08 09:30:00,8,81,0.0,0.0,0.0,0.09683333333333331,13.23,6.0,-1,21.523321153821065,55.0,0.042,0.0,0.0,0.0,0.0,47.37413901704493,optimal
2021-02-08 10:00:00,8,81,0.0,0.0,0.0,0.069,13.3665,6.0,-1,21.345323244074756,55.0,0.042,0.0,0.0,0.0,0.0,47.218064738741155,optimal
2021-02-08 10:30:00,8,81,0.0,0.0,0.0,0.19146666666666667,13.0515,6.0,-1,21.168105084062898,55.0,0.042,0.0,0.0,0.0,0.0,47.06214653471568,optimal
2021-02-08 11:00:00,8,81,0.0,0.0,0.0,0.069,13.5345,6.0,-1,21.00046122850939,55.0,0.042,0.0,0.0,0.0,0.0,46.906384248894234,optimal
2021-02-08 11:30:00,8,81,0.0,0.0,0.0,0.12466666666666669,14.154,6.0,-1,20.823639862104567,55.0,0.042,0.0,0.0,0.0,0.0,46.75077772535861,optimal
2021-02-08 12:00:00,8,81,0.0,0.0,0.0,0.1358,14.112,6.0,-1,20.653509401681013,55.0,0.042,0.0,0.0,0.0,0.0,46.59532680834652,optimal
2021-02-08 12:30:00,8,81,0.0,0.0,0.0,0.09126666666666668,14.2485,6.0,-1,20.486616645342732,55.0,0.042,0.0,0.0,0.0,0.0,46.440031342251444,optimal
2021-02-08 13:00:00,8,81,0.005646300859772948,0.0,0.0,0.1692,12.789,6.0,-1,20.31957488235994,55.0,0.042,19.762053009205317,0.0,0.0,0.0,46.28489117162246,optimal
2021-02-08 13:30:00,8,81,0.0,0.0,0.0,0.069,13.0095,6.0,-1,20.16322512900037,55.0,0.042,0.0,0.0,0.0,0.0,46.129906141164106,optimal
2021-02-08 14:00:00,8,81,2.0,0.0,0.0,0.069,12.1275,6.0,-1,20.0,55.0,0.042,7000.0,0.0,0.0,0.0,45.97507609573621,optimal
2021-02-08 14:30:00,8,81,0.6773943268212155,0.0,0.0,0.7772333333333333,12.348,6.0,-1,20.372595060401686,55.0,0.042,2370.8801438742544,0.0,0.0,0.0,45.820400880353745,optimal
2021-02-08 15:00:00,8,81,2.0,0.0,0.0,0.07456666666666666,12.348,6.0,-1,20.41052947112948,55.0,0.042,7000.0,0.0,0.0,0.0,45.66588034018666,optimal
2021-02-08 15:30:00,8,81,0.0,0.0,0.0,0.0857,25.389,6.0,-1,20.77726443211343,55.0,0.042,0.0,0.0,0.0,0.0,45.51151432055974,optimal
2021-02-08 16:00:00,8,81,0.0,0.0,0.0,3.213233333333333,29.1375,6.0,-1,20.60855443730634,55.0,0.042,0.0,0.0,0.0,0.0,45.35730266695245,optimal
2021-02-08 16:30:00,8,81,0.0,0.0,0.0,2.0536999999999996,30.597,6.0,-1,20.503924567798826,55.0,0.042,0.0,0.0,0.0,0.0,45.20324522499877,optimal
2021-02-08 17:00:00,8,81,0.0,0.0,0.0,1.1937666666666669,33.684,6.0,-1,20.390207404697644,55.0,0.04066666666666666,0.0,0.0,0.0,0.0,45.04934184048704,optimal
2021-02-08 17:30:00,8,81,0.0,0.0,0.0,0.43073333333333336,32.445,6.0,-1,20.28486728144169,55.0,0.03933333333333333,0.0,0.0,0.0,0.0,44.89559235935982,optimal
2021-02-08 18:00:00,8,81,0.0,0.0,0.0,0.41106666666666664,28.917,6.0,-1,20.173740393412547,55.0,0.038,0.0,0.0,0.0,0.0,44.741996627713725,optimal
2021-02-08 18:30:00,8,81,0.0,0.0,0.0,3.127466666666667,15.876,6.0,-1,20.062061176750078,55.0,0.038,0.0,0.0,0.0,0.0,44.58855449179928,optimal
2021-02-08 19:00:00,8,81,0.3259340357474596,0.0,0.0,1.6787999999999998,12.348,6.0,-1,20.0,55.0,0.029333333333333333,1140.7691251161086,0.0,0.0,0.0,44.543965937307476,optimal
2021-02-08 19:30:00,8,81,0.5893573414236392,0.0,0.0,1.9699,12.1275,6.0,-1,20.0,55.0,0.027333333333333334,2062.750694982737,0.0,0.0,0.0,44.49942197137017,optimal
2021-02-08 20:00:00,8,81,0.0,0.0,0.0,0.7629333333333332,12.348,6.0,-1,20.08725699340788,55.0,0.022,0.0,0.0,0.0,0.0,44.454922549398795,optimal
2021-02-08 20:30:00,8,81,0.0,0.0,0.0,0.6193333333333334,12.1275,6.0,-1,20.0,55.0,0.022,0.0,0.0,0.0,0.0,44.410467626849396,optimal
2021-02-08 21:00:00,8,81,0.0,0.0,0.0,0.7517,12.1275,6.0,-1,19.89529282375917,55.0,0.022,0.0,0.0,0.0,0.0,44.36605715922255,optimal
2021-02-08 21:30:00,8,81,0.0,0.0,0.0,1.2150666666666665,11.2665,6.0,-1,19.80881427926741,55.0,0.020666666666666667,0.0,0.0,0.0,0.0,44.321691102063326,optimal
2021-02-08 22:00:00,8,81,0.0,0.0,0.0,1.3972666666666669,10.143,6.0,-1,19.710126148478455,55.0,0.018666666666666668,0.0,0.0,0.0,0.0,44.27736941096126,optimal
2021-02-08 22:30:00,8,81,0.0,0.0,0.0,0.2932,11.2455,6.0,-1,19.605339984359503,55.0,0.016666666666666666,0.0,0.0,0.0,0.0,44.2330920415503,optimal
2021-02-08 23:00:00,8,81,0.0,0.0,0.0,0.19186666666666669,11.025,6.0,-1,19.501309192596192,55.0,0.016666666666666666,0.0,0.0,0.0,0.0,44.18885894950875,optimal
2021-02-08 23:30:00,8,81,0.0,0.0,0.0,0.246,5.9745,6.0,-1,19.37786464864058,55.0,0.015333333333333332,0.0,0.0,0.0,0.0,44.14467009055924,optimal
2021-02-09 00:00:00,8,81,0.0,0.0,0.0,0.051,11.6865,6.0,3,19.37786464864058,55.0,0.015333333333333332,0.0,0.0,0.0,0.0,44.10052542046868,optimal
2021-02-09 00:30:00,8,81,0.0,0.0,0.0,0.138,11.466,6.0,3,19.23028498129811,55.0,0.015333333333333332,0.0,0.0,0.0,0.0,44.05642489504821,optimal
2021-02-09 01:00:00,8,81,2.0,0.0,0.0,0.066,10.8045,6.0,3,19.090397452674697,55.0,0.08231897926634768,0.0,0.0,7000.0,0.0,44.01236847015316,optimal
2021-02-09 01:30:00,8,81,2.0,0.0,5.0,0.15146666666666667,10.584,6.0,3,18.946702055991924,55.0,0.12333333333333334,2714.0,0.0,4286.0,0.0,46.34335610168301,optimal
2021-02-09 02:00:00,8,81,2.0,0.0,0.0,0.11226666666666668,11.2455,6.0,3,19.016749308007498,55.0,0.12333333333333334,7000.0,0.0,0.0,0.0,46.29701274558133,optimal
2021-02-09 02:30:00,8,81,0.0,0.0,0.0,0.11226666666666668,12.1275,6.0,3,19.4089545771299,55.0,0.12333333333333334,0.0,0.0,0.0,0.0,46.250715732835744,optimal
2021-02-09 03:00:00,8,81,0.0,0.0,0.0,0.23546666666666666,11.823,6.0,3,19.264641109381444,55.0,0.12333333333333334,0.0,0.0,0.0,0.0,46.204465017102905,optimal
2021-02-09 03:30:00,8,81,1.5375248557909764,0.0,0.0,0.06,11.7705,6.0,3,19.13143572662903,55.0,0.12333333333333334,5381.336995268418,0.0,0.0,0.0,46.1582605520858,optimal
2021-02-09 04:00:00,8,81,2.0,0.0,0.0,0.26973333333333327,11.13,6.0,3,19.397048741969403,55.0,0.12333333333333334,7000.0,0.0,0.0,0.0,46.112102291533716,optimal
2021-02-09 04:30:00,8,81,2.0,0.0,0.0,0.078,11.6865,6.0,3,19.800544825953388,55.0,0.12333333333333334,7000.0,0.0,0.0,0.0,46.065990189242186,optimal
2021-02-09 05:00:00,8,81,2.0,0.0,0.0,0.158,10.7205,6.0,3,20.184975087470377,55.0,0.12333333333333334,7000.0,0.0,0.0,0.0,46.019924199052944,optimal
2021-02-09 05:30:00,8,81,2.0,0.0,0.0,0.16573333333333332,11.424,6.0,3,20.571217810082352,55.0,0.12333333333333334,7000.0,0.0,0.0,0.0,45.97390427485389,optimal
2021-02-09 06:00:00,8,81,2.0,0.0,4.767474928639307,0.084,10.689,6.0,3,20.954633752639708,55.0,0.12333333333333334,7000.0,0.0,0.0,0.0,48.192480961682705,optimal
2021-02-09 06:30:00,8,81,2.0,0.0,0.0,0.18413333333333332,11.361,6.0,3,21.328429380151235,55.0,0.12333333333333334,7000.0,0.0,0.0,0.0,48.144288480721016,optimal
2021-02-09 07:00:00,8,81,2.0,0.0,0.0,0.16226666666666667,11.571,6.0,3,21.706108182552093,55.0,0.12333333333333334,7000.0,0.0,0.0,0.0,48.096144192240295,optimal
2021-02-09 07:30:00,8,81,0.0,0.0,0.0,0.21466666666666662,14.3745,6.0,3,22.084841332455266,55.0,0.07194666666666667,0.0,0.0,0.0,0.0,48.048048048048045,optimal
2021-02-09 08:00:00,8,81,0.0,0.0,0.0,1.1093666666666666,13.23,6.0,3,21.94488117587114,55.0,0.04666666666666667,0.0,0.0,0.0,0.0,48.0,optimal
2021-02-09 08:30:00,8,81,0.0,0.0,0.0,0.967,13.9755,6.0,3,21.826764019515164,55.0,0.04666666666666667,0.0,0.0,0.0,0.0,47.83279717629407,optimal
2021-02-09 09:00:00,8,81,0.0,0.0,0.0,0.067,14.994,6.0,3,21.696009341533582,55.0,0.042666666666666665,0.0,0.0,0.0,0.0,47.665761555411855,optimal
2021-02-09 09:30:00,8,81,0.0,0.0,0.0,0.2173333333333333,13.671,6.0,3,21.537224624005905,55.0,0.04066666666666666,0.0,0.0,0.0,0.0,47.498892970150514,optimal
2021-02-09 10:00:00,8,81,0.0,0.0,0.0,0.13,15.981,6.0,3,21.402186070832602,55.0,0.04066666666666666,0.0,0.0,0.0,0.0,47.332191253474434,optimal
2021-02-09 10:30:00,8,81,0.0,0.0,0.0,0.14293333333333333,15.6345,6.0,3,21.258902778853205,55.0,0.04066666666666666,0.0,0.0,0.0,0.0,47.165656238515034,optimal
2021-02-09 11:00:00,8,81,0.0,0.0,0.0,0.2883,16.5375,6.0,3,21.12023603606422,55.0,0.03866666666666667,0.0,0.0,0.0,0.0,46.999287758570595,optimal
2021-02-09 11:30:00,8,81,0.0,0.0,0.0,0.07759999999999999,14.7735,6.0,3,20.986533704353374,55.0,0.03866666666666667,0.0,0.0,0.0,0.0,46.833085647106095,optimal
2021-02-09 12:00:00,8,81,0.0,0.0,0.0,0.7998666666666667,15.2145,6.0,3,20.834180906943928,55.0,0.03866666666666667,0.0,0.0,0.0,0.0,46.66704973775306,optimal
2021-02-09 12:30:00,8,81,0.0,0.0,0.0,1.7257333333333331,14.553,6.0,3,20.710335125989246,55.0,0.038,0.0,0.0,0.0,0.0,46.50117986430938,optimal
2021-02-09 13:00:00,8,81,0.0,0.0,0.0,0.058,14.3325,6.0,3,20.570635728618008,55.0,0.036,0.0,0.0,0.0,0.0,46.335475860739145,optimal
2021-02-09 13:30:00,8,81,0.0,0.0,0.0,2.2009666666666665,14.595,6.0,3,20.41458884133864,55.0,0.036,0.0,0.0,0.0,0.0,46.16993756117248,optimal
2021-02-09 14:00:00,8,81,0.0,0.0,0.0,0.2366,14.994,6.0,3,20.29231709514902,55.0,0.036,0.0,0.0,0.0,0.0,46.00456479990538,optimal
2021-02-09 14:30:00,8,81,0.0,0.0,0.0,0.2016,14.3325,6.0,3,20.144110052072644,55.0,0.036,0.0,0.0,0.0,0.0,45.83935741139955,optimal
2021-02-09 15:00:00,8,81,0.586293382345218,0.0,0.0,0.16413333333333333,13.8915,6.0,3,20.0,55.0,0.036,2052.026838208263,0.0,0.0,0.0,45.67431523028222,optimal
2021-02-09 15:30:00,8,81,0.6160457632976111,0.0,0.0,0.06,13.8915,6.0,3,20.0,55.0,0.036,2156.1601715416386,0.0,0.0,0.0,45.50943809134601,optimal
2021-02-09 16:00:00,8,81,2.0,0.0,0.0,0.26266666666666666,13.4715,6.0,3,20.0,55.0,0.036,7000.0,0.0,0.0,0.0,45.34472582954874,optimal
2021-02-09 16:30:00,8,81,2.0,0.0,0.0,0.08506666666666667,13.23,6.0,3,20.38461016294601,55.0,0.036,7000.0,0.0,0.0,0.0,45.180178280013266,optimal
2021-02-09 17:00:00,8,81,0.2988666667177059,0.0,0.0,0.1318666666666667,13.8915,6.0,3,20.751398687703205,55.0,0.036,1046.0333335119708,0.0,0.0,0.0,45.015795278027326,optimal
2021-02-09 17:30:00,8,81,0.0,0.0,0.0,0.16846666666666668,26.9325,6.0,3,20.663854853320004,55.0,0.034666666666666665,0.0,0.0,0.0,0.0,44.851576659043374,optimal
2021-02-09 18:00:00,8,81,0.0,0.0,0.0,2.1006666666666667,30.303,6.0,3,20.515629175836576,55.0,0.030666666666666665,0.0,0.0,0.0,0.0,44.687522258678406,optimal
2021-02-09 18:30:00,8,81,0.0,0.0,0.0,0.2059,32.886,6.0,3,20.39806125019294,55.0,0.026973333333333332,0.0,0.0,0.0,0.0,44.5236319127138,optimal
2021-02-09 19:00:00,8,81,0.0,0.0,0.0,1.7523333333333333,34.9965,6.0,3,20.284995976841458,55.0,0.019333333333333334,0.0,0.0,0.0,0.0,44.35990545709517,optimal
2021-02-09 19:30:00,8,81,0.0,0.0,0.0,0.8612000000000001,33.327,6.0,3,20.187454600521754,55.0,0.017333333333333333,0.0,0.0,0.0,0.0,44.19634272793215,optimal
2021-02-09 20:00:00,8,81,0.0,0.0,0.0,0.2710666666666667,31.122,6.0,3,20.097980621869308,55.0,0.017333333333333333,0.0,0.0,0.0,0.0,44.03294356149829,optimal
2021-02-09 20:30:00,8,81,0.0,0.0,0.0,0.18530000000000002,17.9025,6.0,3,20.0,55.0,0.017333333333333333,0.0,0.0,0.0,0.0,43.86970779423087,optimal
2021-02-09 21:00:00,8,81,0.0,0.0,0.0,0.2537333333333333,15.6555,6.0,3,19.899834523567836,55.0,0.016,0.0,0.0,0.0,0.0,43.706635262730714,optimal
2021-02-09 21:30:00,8,81,0.0,0.0,0.0,0.6696,14.553,6.0,3,19.802769845583526,55.0,0.016,0.0,0.0,0.0,0.0,43.54372580376206,optimal
2021-02-09 22:00:00,8,81,0.0,0.0,0.0,1.2494333333333334,14.3325,6.0,3,19.735836363096908,55.0,0.005333333333333333,0.0,0.0,0.0,0.0,43.38097925425237,optimal
2021-02-09 22:30:00,8,81,0.0,0.0,0.0,1.8975,13.335,6.0,3,19.634108339058713,55.0,0.0033333333333333335,0.0,0.0,0.0,0.0,43.337598274998115,optimal
2021-02-09 23:00:00,8,81,0.0,0.0,0.0,2.8736666666666664,12.1275,6.0,3,19.544906314570557,55.0,0.001333333333333333,0.0,0.0,0.0,0.0,43.29426067672312,optimal
2021-02-09 23:30:00,8,81,0.0,0.0,0.0,1.1221666666666668,12.2955,6.0,3,19.466087659546606,55.0,0.0,0.0,0.0,0.0,0.0,43.250966416046396,optimal
2021-02-10 00:00:00,8,81,2.0,0.0,0.0,0.056,11.844,6.0,-4,19.466087659546606,55.0,0.0,7000.0,0.0,0.0,0.0,43.20771544963035,optimal
2021-02-10 00:30:00,8,81,2.0,0.0,0.0,0.056,11.508,6.0,-4,19.849854773823743,55.0,0.06698564593301436,0.0,0.0,7000.0,0.0,43.16450773418072,optimal
2021-02-10 01:00:00,8,81,2.0,0.0,0.0,0.1821333333333333,11.508,6.0,-4,19.69585109356007,55.0,0.12333333333333334,1111.666666666667,0.0,5888.333333333333,0.0,43.121343226446534,optimal
2021-02-10 01:30:00,8,81,2.0,0.0,5.0,0.056,10.4475,6.0,-4,19.636661694536244,55.0,0.12333333333333334,7000.0,0.0,0.0,0.0,45.45322188322009,optimal
2021-02-10 02:00:00,8,81,2.0,0.0,1.4684306435834353,0.142,10.8675,6.0,-4,20.016266770453782,55.0,0.12333333333333334,7000.0,0.0,0.0,0.0,46.10527321703899,optimal
2021-02-10 02:30:00,8,81,2.0,0.0,5.0,0.09613333333333333,10.542,6.0,-4,20.39818426321119,55.0,0.12333333333333334,7000.0,0.0,0.0,0.0,48.434167943821954,optimal
2021-02-10 03:00:00,8,81,2.0,0.0,0.0,0.1076,11.025,6.0,-4,20.773228205851918,55.0,0.12333333333333334,7000.0,0.0,0.0,0.0,48.38573377587813,optimal
2021-02-10 03:30:00,8,81,2.0,0.0,0.0,0.13053333333333333,11.025,6.0,-4,21.145828946252813,55.0,0.12333333333333334,7000.0,0.0,0.0,0.0,48.33734804210225,optimal
2021-02-10 04:00:00,8,81,2.0,0.0,0.0,0.06533333333333333,14.553,6.0,-4,21.516882004373798,55.0,0.12333333333333334,7000.0,0.0,0.0,0.0,48.289010694060146,optimal
2021-02-10 04:30:00,8,81,2.0,0.0,0.0,0.19213333333333332,13.0935,6.0,-4,21.87897282689615,55.0,0.12333333333333334,7000.0,0.0,0.0,0.0,48.240721683366075,optimal
2021-02-10 05:00:00,8,81,0.0,0.0,0.0,0.05666666666666666,15.6345,6.0,-4,22.24658966065653,55.0,0.12333333333333334,0.0,0.0,0.0,0.0,48.192480961682705,optimal
2021-02-10 05:30:00,8,81,0.0,0.0,0.0,0.09040000000000001,18.102,6.0,-4,22.06696552363124,55.0,0.12333333333333334,0.0,0.0,0.0,0.0,48.144288480721016,optimal
2021-02-10 06:00:00,8,81,0.0,0.0,0.0,0.15706666666666666,17.199,6.0,-4,21.890667362573197,55.0,0.12333333333333334,0.0,0.0,0.0,0.0,48.096144192240295,optimal
2021-02-10 06:30:00,8,81,0.0,0.0,0.0,0.066,18.2805,6.0,-4,21.71941358219524,55.0,0.12333333333333334,0.0,0.0,0.0,0.0,48.048048048048045,optimal
2021-02-10 07:00:00,8,81,0.0,0.0,0.0,0.4065666666666667,17.4615,6.0,-4,21.544452105872995,55.0,0.09933333333333333,0.0,0.0,0.0,0.0,48.0,optimal
2021-02-10 07:30:00,8,81,0.0,0.0,0.0,0.07526666666666666,18.3225,6.0,-4,21.412303209378656,55.0,0.09533333333333334,0.0,0.0,0.0,0.0,47.81141571744418,optimal
2021-02-10 08:00:00,8,81,0.0,0.0,0.0,0.1802,17.094,6.0,-4,21.242980086060257,55.0,0.092,0.0,0.0,0.0,0.0,47.62302001917091,optimal
2021-02-10 08:30:00,8,81,0.0,0.0,0.0,0.4206666666666667,17.094,6.0,-4,21.081845879090665,55.0,0.036253333333333325,0.0,0.0,0.0,0.0,47.434812716595914,optimal
2021-02-10 09:00:00,8,81,0.0,0.0,0.0,2.3483,17.094,6.0,-4,20.939732690523485,55.0,0.032,0.0,0.0,0.0,0.0,47.2467936213235,optimal
2021-02-10 09:30:00,8,81,0.0,0.0,0.0,1.5095,17.3565,6.0,-4,20.902532691598115,55.0,0.03,0.0,0.0,0.0,0.0,47.05896254514635,optimal
2021-02-10 10:00:00,8,81,0.0,0.0,0.0,0.2566666666666667,17.115,6.0,-4,20.79742427788808,55.0,0.017653333333333333,0.0,0.0,0.0,0.0,46.871319300045386,optimal
2021-02-10 10:30:00,8,81,0.0,0.0,0.0,0.2329333333333333,17.241,6.0,-4,20.677801946252703,55.0,0.016666666666666666,0.0,0.0,0.0,0.0,46.68386369818952,optimal
2021-02-10 11:00:00,8,81,0.0,0.0,0.0,0.2476,17.094,6.0,-4,20.525447327462018,55.0,0.016666666666666666,0.0,0.0,0.0,0.0,46.496595551935506,optimal
2021-02-10 11:30:00,8,81,2.0,0.0,0.0,0.1795,16.5165,6.0,-4,20.36046535010449,55.0,0.016666666666666666,7000.0,0.0,0.0,0.0,46.30951467382775,optimal
2021-02-10 12:00:00,8,81,0.0,0.0,0.0,0.19213333333333332,17.8185,6.0,-4,20.725037612571505,55.0,0.016666666666666666,0.0,0.0,0.0,0.0,46.1226208765981,optimal
2021-02-10 12:30:00,8,81,1.8082718848333137,0.0,0.0,0.066,17.094,6.0,-4,20.561660757768106,55.0,0.016666666666666666,6328.951596916598,0.0,0.0,0.0,45.93591397316568,optimal
2021-02-10 13:00:00,8,81,2.0,0.0,0.0,0.17493333333333333,16.8945,6.0,-4,20.87246524094377,55.0,0.016666666666666666,7000.0,0.0,0.0,0.0,45.749393776636694,optimal
2021-02-10 13:30:00,8,81,0.0,0.0,0.0,0.2483333333333333,18.123,6.0,-4,21.239965649372603,55.0,0.014666666666666666,0.0,0.0,0.0,0.0,45.563060100304234,optimal
2021-02-10 14:00:00,8,81,0.0,0.0,0.0,0.3968,31.647,6.0,-4,21.08928989411149,55.0,0.012,0.0,0.0,0.0,0.0,45.37691275764811,optimal
2021-02-10 14:30:00,8,81,0.0,0.0,0.0,0.24896666666666667,34.9965,6.0,-4,20.954097821107506,55.0,0.006,0.0,0.0,0.0,0.0,45.19095156233464,optimal
2021-02-10 15:00:00,8,81,0.0,0.0,0.0,0.18936666666666668,34.9965,6.0,-4,20.817726157771972,55.0,0.006,0.0,0.0,0.0,0.0,45.005176328216486,optimal
2021-02-10 15:30:00,8,81,0.0,0.0,0.0,0.199,34.9965,6.0,-4,20.67684973688124,55.0,0.003999999999999999,0.0,0.0,0.0,0.0,44.81958686933245,optimal
2021-02-10 16:00:00,8,81,0.0,0.0,0.0,1.767266666666667,34.9965,6.0,-4,20.546732478710638,55.0,0.003999999999999999,0.0,0.0,0.0,0.0,44.634182999907296,optimal
2021-02-10 16:30:00,8,81,0.0,0.0,0.0,0.10466666666666669,34.9965,6.0,-4,20.467520268617605,55.0,0.001333333333333333,0.0,0.0,0.0,0.0,44.44896453435157,optimal
2021-02-10 17:00:00,8,81,0.0,0.0,0.0,0.1864,27.741,6.0,-4,20.3072179610773,55.0,0.001333333333333333,0.0,0.0,0.0,0.0,44.26393128726139,optimal
2021-02-10 17:30:00,8,81,0.0,0.0,0.0,0.18773333333333328,19.026,6.0,-4,20.143561737926056,55.0,0.0,0.0,0.0,0.0,0.0,44.07908307341831,optimal
2021-02-10 18:00:00,8,81,0.4745688209096299,0.0,0.0,0.2157666666666667,18.7215,6.0,-4,20.0,55.0,0.0,1660.9908731837047,0.0,0.0,0.0,43.89441970778907,optimal
2021-02-10 18:30:00,8,81,0.44902224727261136,0.0,0.0,0.2453333333333333,17.4195,6.0,-4,20.0,55.0,0.0,1571.5778654541398,0.0,0.0,0.0,43.70994100552546,optimal
2021-02-10 19:00:00,8,81,0.4410947212546407,0.0,0.0,0.1197,16.758,6.0,-4,20.0,55.0,0.0,1543.8315243912425,0.0,0.0,0.0,43.52564678196411,optimal
2021-02-10 19:30:00,8,81,0.42293644606483094,0.0,0.0,0.25939999999999996,14.217,6.0,-4,20.0,55.0,0.0,1480.2775612269083,0.0,0.0,0.0,43.34153685262633,optimal
2021-02-10 20:00:00,8,81,0.5984924565893145,0.0,0.0,0.19090000000000001,13.3665,6.0,-4,20.0,55.0,0.0,1816.0569313959343,0.0,278.66666666666663,0.0,43.157611033217876,optimal
2021-02-10 20:30:00,8,81,0.0,0.0,0.0,0.30086666666666667,12.789,6.0,-4,20.0,55.0,0.0,0.0,0.0,0.0,0.0,43.11445342218466,optimal
2021-02-10 21:00:00,8,81,0.0398095238095238,0.0,0.0,0.3575,11.907,6.0,-4,19.88166946704631,55.0,0.0,0.0,0.0,139.33333333333331,0.0,43.071338968762475,optimal
2021-02-10 21:30:00,8,81,0.0,0.0,0.0,0.40893333333333326,11.7075,6.0,-4,19.77596210439157,55.0,0.0,0.0,0.0,0.0,0.0,43.02826762979371,optimal
2021-02-10 22:00:00,8,81,0.0,0.0,0.0,0.328,10.8045,6.0,-4,19.658291340505617,55.0,0.0,0.0,0.0,0.0,0.0,42.98523936216392,optimal
2021-02-10 22:30:00,8,81,0.0,0.0,0.0,0.43939999999999996,11.508,6.0,-4,19.517933097873435,55.0,0.0,0.0,0.0,0.0,0.0,42.94225412280175,optimal
2021-02-10 23:00:00,8,81,0.0,0.0,0.0,0.31156666666666666,11.508,6.0,-4,19.386477261638092,55.0,0.0,0.0,0.0,0.0,0.0,42.89931186867895,optimal
2021-02-10 23:30:00,8,81,0.0,0.0,0.0,0.236,11.508,6.0,-4,19.239073278533844,55.0,0.0,0.0,0.0,0.0,0.0,42.85641255681027,optimal
2021-02-11 00:00:00,8,81,2.0,0.0,0.0,0.058,11.6865,6.0,-2,19.239073278533844,55.0,0.0,6791.0,0.0,209.0,0.0,42.81355614425346,optimal
2021-02-11 00:30:00,8,81,2.0,0.0,0.0,0.21346666666666667,11.2245,6.0,-2,19.572788944270098,55.0,0.06333333333333334,381.66666666666697,0.0,6618.333333333333,0.0,42.77074258810921,optimal
2021-02-11 01:00:00,8,81,2.0,0.0,0.0,0.14466666666666667,11.025,6.0,-2,19.433719653524857,55.0,0.06333333333333334,7000.0,0.0,0.0,0.0,42.7279718455211,optimal
2021-02-11 01:30:00,8,81,2.0,0.0,2.4818213092362984,0.093,10.7835,6.0,-2,19.78366526267469,55.0,0.06333333333333334,7000.0,0.0,0.0,0.0,43.864108995562816,optimal
2021-02-11 02:00:00,8,81,2.0,0.0,0.0,0.1722,11.025,6.0,-2,20.126578063893135,55.0,0.06333333333333334,7000.0,0.0,0.0,0.0,43.82024488656725,optimal
2021-02-11 02:30:00,8,81,2.0,0.0,5.0,0.06846666666666666,10.584,6.0,-2,20.472494020788155,55.0,0.06333333333333334,7000.0,0.0,0.0,0.0,46.15142464168068,optimal
2021-02-11 03:00:00,8,81,2.0,0.0,0.0,0.1626,11.025,6.0,-2,20.806560185751426,55.0,0.06333333333333334,7000.0,0.0,0.0,0.0,46.10527321703899,optimal
2021-02-11 03:30:00,8,81,2.0,0.0,5.0,0.17880000000000001,10.4265,6.0,-2,21.143961407908836,55.0,0.06333333333333334,7000.0,0.0,0.0,0.0,48.434167943821954,optimal
2021-02-11 04:00:00,8,81,2.0,0.0,0.0,0.06,12.789,6.0,-2,21.481824254429366,55.0,0.06333333333333334,7000.0,0.0,0.0,0.0,48.38573377587813,optimal
2021-02-11 04:30:00,8,81,2.0,0.0,0.0,0.28986666666666666,12.684,6.0,-2,21.809855866820396,55.0,0.06333333333333334,7000.0,0.0,0.0,0.0,48.33734804210225,optimal
2021-02-11 05:00:00,8,81,0.8075283676549015,0.0,0.0,0.068,16.254,6.0,-2,22.15250503469599,55.0,0.06333333333333334,2826.3492867921555,0.0,0.0,0.0,48.289010694060146,optimal
2021-02-11 05:30:00,8,81,0.0,0.0,0.0,0.061666666666666654,17.64,6.0,-2,22.15651766592833,55.0,0.06333333333333334,0.0,0.0,0.0,0.0,48.240721683366075,optimal
2021-02-11 06:00:00,8,81,0.0,0.0,0.0,0.17766666666666667,19.1625,6.0,-2,21.947300966955954,55.0,0.06333333333333334,0.0,0.0,0.0,0.0,48.192480961682705,optimal
2021-02-11 06:30:00,8,81,0.0,0.0,0.0,1.2926333333333335,26.46,6.0,-2,21.751113602898034,55.0,0.06266666666666666,0.0,0.0,0.0,0.0,48.144288480721016,optimal
2021-02-11 07:00:00,8,81,0.0,0.0,0.0,0.6796666666666666,20.79,6.0,-2,21.59685188725914,55.0,0.058,0.0,0.0,0.0,0.0,48.096144192240295,optimal
2021-02-11 07:30:00,8,81,0.0,0.0,0.0,0.6123,29.106,6.0,-2,21.459645270414832,55.0,0.04,0.0,0.0,0.0,0.0,48.048048048048045,optimal
2021-02-11 08:00:00,8,81,0.0,0.0,0.0,2.530766666666667,19.1835,6.0,-2,21.334011530384707,55.0,0.034666666666666665,0.0,0.0,0.0,0.0,48.0,optimal
2021-02-11 08:30:00,8,81,0.0,0.0,0.0,0.48323333333333335,19.6665,6.0,-2,21.258658841771904,55.0,0.03266666666666666,0.0,0.0,0.0,0.0,47.7690449439216,optimal
2021-02-11 09:00:00,8,81,0.0,0.0,0.0,0.3534,19.404,6.0,-2,21.12774248057171,55.0,0.032,0.0,0.0,0.0,0.0,47.53832084289928,optimal
2021-02-11 09:30:00,8,81,0.0,0.0,0.0,0.30576666666666663,19.047,6.0,-2,20.988257123674817,55.0,0.0,0.0,0.0,0.0,0.0,47.30782746597799,optimal
2021-02-11 10:00:00,8,81,0.0,0.0,0.0,0.2152,18.858,6.0,-2,20.855633838919974,55.0,0.0,0.0,0.0,0.0,0.0,47.07756458243361,optimal
2021-02-11 10:30:00,8,81,0.0,0.0,0.0,0.07,19.2675,6.0,-2,20.69023699268425,55.0,0.0,0.0,0.0,0.0,0.0,46.84753196177278,optimal
2021-02-11 11:00:00,8,81,0.0,0.0,0.0,0.07659999999999999,18.963,6.0,-2,20.509930106319914,55.0,0.0,0.0,0.0,0.0,0.0,46.61772937373261,optimal
2021-02-11 11:30:00,8,81,0.0,0.0,0.0,0.2086,18.438,6.0,-2,20.32641421635739,55.0,0.0,0.0,0.0,0.0,0.0,46.388156588280474,optimal
2021-02-11 12:00:00,8,81,0.0,0.0,0.0,0.15466666666666665,18.7425,6.0,-2,20.16121503569936,55.0,0.0,0.0,0.0,0.0,0.0,46.158813375613796,optimal
2021-02-11 12:30:00,8,81,2.0,0.0,0.0,0.07,15.2145,6.0,-2,20.0,55.0,0.0,7000.0,0.0,0.0,0.0,45.929699506159785,optimal
2021-02-11 13:00:00,8,81,0.0,0.0,0.0,0.14196666666666666,17.7765,6.0,-2,20.37299919061243,55.0,0.0,0.0,0.0,0.0,0.0,45.700814750575226,optimal
2021-02-11 13:30:00,8,81,1.637283050672988,0.0,0.0,0.22130000000000002,16.758,6.0,-2,20.220441077103278,55.0,0.0,5730.4906773554585,0.0,0.0,0.0,45.47215887974625,optimal
2021-02-11 14:00:00,8,81,2.0,0.0,0.0,0.07659999999999999,16.422,6.0,-2,20.512901742997297,55.0,0.0,7000.0,0.0,0.0,0.0,45.24373166478811,optimal
2021-02-11 14:30:00,8,81,2.0,0.0,0.0,0.13773333333333332,16.758,6.0,-2,20.889385436834843,55.0,0.0,7000.0,0.0,0.0,0.0,45.01553287704492,optimal
2021-02-11 15:00:00,8,81,0.0,0.0,0.0,0.23213333333333333,29.358,6.0,-2,21.264102838218744,55.0,0.0,0.0,0.0,0.0,0.0,44.787562288089475,optimal
2021-02-11 15:30:00,8,81,0.0,0.0,0.0,0.12079999999999999,34.9965,6.0,-2,21.1061128528842,55.0,0.0,0.0,0.0,0.0,0.0,44.559819669722984,optimal
2021-02-11 16:00:00,8,81,0.0,0.0,0.0,0.13686666666666666,34.65,6.0,-2,20.93086387302493,55.0,0.0,0.0,0.0,0.0,0.0,44.33230479397486,optimal
2021-02-11 16:30:00,8,81,0.0,0.0,0.0,0.1822,34.9965,6.0,-2,20.74821809645241,55.0,0.0,0.0,0.0,0.0,0.0,44.10501743310249,optimal
2021-02-11 17:00:00,8,81,0.0,0.0,0.0,0.15466666666666665,34.9965,6.0,-2,20.56268260611348,55.0,0.0,0.0,0.0,0.0,0.0,43.87795735959099,optimal
2021-02-11 17:30:00,8,81,0.0,0.0,0.0,0.2152,30.4815,6.0,-2,20.368729553734504,55.0,0.0,0.0,0.0,0.0,0.0,43.651124346153,optimal
2021-02-11 18:00:00,8,81,0.0,0.0,0.0,0.313,21.4305,6.0,-2,20.177125305105818,55.0,0.0,0.0,0.0,0.0,0.0,43.42451816572844,optimal
2021-02-11 18:30:00,8,81,0.6769330208748027,0.0,0.0,0.40426666666666666,14.3325,6.0,-2,20.0,55.0,0.0,2160.2655730618094,0.0,209.0,0.0,43.198138591484316,optimal
2021-02-11 19:00:00,8,81,1.6651762546366689,0.0,0.0,1.9102000000000001,13.692,6.0,-2,20.0,55.0,0.006,3738.116891228341,0.0,2090.0,0.0,42.97198539681443,optimal
2021-02-11 19:30:00,8,81,0.0,0.0,0.0,1.0276333333333334,14.007,6.0,-2,20.1569316300792,55.0,0.0,0.0,0.0,0.0,0.0,42.746058355339215,optimal
2021-02-11 20:00:00,8,81,0.5756447811575862,0.0,0.0,1.5623,12.873,6.0,-2,20.0,55.0,0.0,2014.7567340515516,0.0,0.0,0.0,42.520357240905476,optimal
2021-02-11 20:30:00,8,81,0.0,0.0,0.0,1.1057666666666668,12.684,6.0,-2,20.0,55.0,0.0,0.0,0.0,0.0,0.0,42.294881827586174,optimal
2021-02-11 21:00:00,8,81,0.0,0.0,0.0,0.9133666666666668,12.306,6.0,-2,19.828653145467253,55.0,0.0,0.0,0.0,0.0,0.0,42.06963188968019,optimal
2021-02-11 21:30:00,8,81,2.0,0.0,0.0,1.0643,10.6365,6.0,-2,19.643763215484345,55.0,0.01565231259968101,0.0,0.0,7000.0,0.0,42.02756225779051,optimal
2021-02-11 22:00:00,8,81,1.2245714285714293,0.0,0.0,0.3165,11.2455,6.0,-2,19.502372786711447,55.0,0.0,0.0,0.0,4286.000000000003,0.0,41.985534695532714,optimal
2021-02-11 22:30:00,8,81,0.7563809523809524,0.0,0.0,0.2459333333333333,11.2455,6.0,-2,19.341611737961895,55.0,0.0,0.0,0.0,2647.3333333333335,0.0,41.94354916083718,optimal
2021-02-11 23:00:00,8,81,0.0,0.0,0.0,0.2509333333333333,11.025,6.0,-2,19.177943865877026,55.0,0.0,0.0,0.0,0.0,0.0,41.901605611676345,optimal
2021-02-11 23:30:00,8,81,0.0,0.0,0.0,0.11893333333333334,12.0855,6.0,-2,18.98298007638791,55.0,0.0,0.0,0.0,0.0,0.0,41.85970400606467,optimal
2021-02-12 00:00:00,8,81,1.4396485789066162,0.0,0.0,0.057,10.8045,6.0,-1,18.98298007638791,55.0,0.0,5038.770026173157,0.0,0.0,0.0,41.8178443020586,optimal
2021-02-12 00:30:00,8,81,2.0,0.0,0.0,0.21906666666666663,11.025,6.0,-1,19.15715066438244,55.0,0.06698564593301436,0.0,0.0,7000.0,0.0,41.776026457756544,optimal
2021-02-12 01:00:00,8,81,2.0,0.0,0.0,0.057,10.3635,6.0,-1,18.958111845805494,55.0,0.1339712918660287,0.0,0.0,7000.0,0.0,41.73425043129879,optimal
2021-02-12 01:30:00,8,81,2.0,0.0,0.0,0.1454,10.8045,6.0,-1,18.748481834036536,55.0,0.134,6997.0,0.0,3.0,0.0,41.69251618086749,optimal
2021-02-12 02:00:00,8,81,2.0,0.0,4.046828305937844,0.13066666666666665,10.059,6.0,-1,19.081591047307246,55.0,0.134,7000.0,0.0,0.0,0.0,43.5730671100071,optimal
2021-02-12 02:30:00,8,81,2.0,0.0,0.0,0.057,10.584,6.0,-1,19.411744268877253,55.0,0.134,7000.0,0.0,0.0,0.0,43.52949404289709,optimal
2021-02-12 03:00:00,8,81,2.0,0.0,5.0,0.21906666666666663,9.4185,6.0,-1,19.73601642839845,55.0,0.134,7000.0,0.0,0.0,0.0,45.860964548854184,optimal
2021-02-12 03:30:00,8,81,2.0,0.0,0.0,0.057,10.3635,6.0,-1,20.072425522025704,55.0,0.134,7000.0,0.0,0.0,0.0,45.81510358430533,optimal
2021-02-12 04:00:00,8,81,2.0,0.0,5.0,0.16013333333333332,9.8385,6.0,-1,20.399698819594306,55.0,0.134,7000.0,0.0,0.0,0.0,48.144288480721016,optimal
2021-02-12 04:30:00,8,81,2.0,0.0,0.0,0.11593333333333333,11.067,6.0,-1,20.738128851639715,55.0,0.134,7000.0,0.0,0.0,0.0,48.096144192240295,optimal
2021-02-12 05:00:00,8,81,2.0,0.0,0.0,0.1012,10.8465,6.0,-1,21.076388203499185,55.0,0.134,7000.0,0.0,0.0,0.0,48.048048048048045,optimal
2021-02-12 05:30:00,8,81,0.0,0.0,0.0,0.17713333333333334,13.671,6.0,-1,21.416724132335773,55.0,0.13266666666666665,0.0,0.0,0.0,0.0,48.0,optimal
2021-02-12 06:00:00,8,81,0.0,0.0,0.0,0.07426666666666666,12.348,6.0,-1,21.239403387800856,55.0,0.11066666666666666,0.0,0.0,0.0,0.0,47.91221607126924,optimal
2021-02-12 06:30:00,8,81,0.0,0.0,0.0,1.2488666666666666,14.3325,6.0,-1,21.06503353026036,55.0,0.10533333333333333,0.0,0.0,0.0,0.0,47.82451992646722,optimal
2021-02-12 07:00:00,8,81,0.0,0.0,0.0,0.209,15.393,6.0,-1,20.940114895297455,55.0,0.10333333333333333,0.0,0.0,0.0,0.0,47.73691147781,optimal
2021-02-12 07:30:00,8,81,0.0,0.0,0.0,0.5137,13.587,6.0,-1,20.800905429748966,55.0,0.05466666666666667,0.0,0.0,0.0,0.0,47.64939063760143,optimal
2021-02-12 08:00:00,8,81,0.0,0.0,0.0,0.30656666666666665,16.1385,6.0,-1,20.678049500957904,55.0,0.052,0.0,0.0,0.0,0.0,47.56195731823307,optimal
2021-02-12 08:30:00,8,81,0.0,0.0,0.0,1.2694,14.595,6.0,-1,20.53229241917598,55.0,0.048,0.0,0.0,0.0,0.0,47.47461143218408,optimal
2021-02-12 09:00:00,8,81,0.0,0.0,0.0,2.0419,14.637,6.0,-1,20.40586439512049,55.0,0.046,0.0,0.0,0.0,0.0,47.38735289202114,optimal
2021-02-12 09:30:00,8,81,0.0,0.0,0.0,0.09646666666666669,13.9125,6.0,-1,20.35790151951283,55.0,0.046,0.0,0.0,0.0,0.0,47.30018161039836,optimal
2021-02-12 10:00:00,8,81,0.0,0.0,0.0,0.14066666666666666,13.3665,6.0,-1,20.16669180035642,55.0,0.046,0.0,0.0,0.0,0.0,47.21309750005721,optimal
2021-02-12 10:30:00,8,81,0.4889008660997208,0.0,0.0,2.4514333333333336,13.0095,6.0,-1,20.0,55.0,0.029333333333333333,1711.1530313490227,0.0,0.0,0.0,47.1261004738264,optimal
2021-02-12 11:00:00,8,81,0.0,0.0,0.0,2.0604,13.8915,6.0,-1,20.048619862975062,55.0,0.026,0.0,0.0,0.0,0.0,47.039190444621816,optimal
2021-02-12 11:30:00,8,81,0.25033549955812096,0.0,0.0,1.3850666666666667,13.188,6.0,-1,20.0,55.0,0.024666666666666667,876.1742484534233,0.0,0.0,0.0,46.95236732544644,optimal
2021-02-12 12:00:00,8,81,0.42291476449069104,0.0,0.0,0.9733999999999999,12.5685,6.0,-1,20.0,55.0,0.021333333333333333,1480.2016757174185,0.0,0.0,0.0,46.86563102939024,optimal
2021-02-12 12:30:00,8,81,0.3998435623857934,0.0,0.0,1.0234,12.285,6.0,-1,20.0,55.0,0.020666666666666667,1399.4524683502768,0.0,0.0,0.0,46.77898146963009,optimal
2021-02-12 13:00:00,8,81,2.0,0.0,0.0,0.12846666666666667,11.487,6.0,-1,20.0,55.0,0.018,7000.0,0.0,0.0,0.0,46.692418559429704,optimal
2021-02-12 13:30:00,8,81,0.0,0.0,0.0,0.094,11.802,6.0,-1,20.406725466998644,55.0,0.018,0.0,0.0,0.0,0.0,46.60594221213952,optimal
2021-02-12 14:00:00,8,81,2.0,0.0,0.0,0.09933333333333332,11.2245,6.0,-1,20.27119898374336,55.0,0.018,7000.0,0.0,0.0,0.0,46.51955234119662,optimal
2021-02-12 14:30:00,8,81,2.0,0.0,0.0,1.2551666666666668,11.025,6.0,-1,20.679843773514154,55.0,0.014666666666666666,7000.0,0.0,0.0,0.0,46.43324886012467,optimal
2021-02-12 15:00:00,8,81,0.4382361789294465,0.0,0.0,1.2432999999999998,11.907,6.0,-1,21.13191822375202,55.0,0.014666666666666666,1533.8266262530628,0.0,0.0,0.0,46.34703168253379,optimal
2021-02-12 15:30:00,8,81,0.0,0.0,0.0,0.36673333333333336,25.83,6.0,-1,21.176963469750945,55.0,0.004666666666666667,0.0,0.0,0.0,0.0,46.260900722120496,optimal
2021-02-12 16:00:00,8,81,0.0,0.0,0.0,0.21416666666666662,28.035,6.0,-1,21.070437893966638,55.0,0.004666666666666667,0.0,0.0,0.0,0.0,46.17485589266762,optimal
2021-02-12 16:30:00,8,81,0.0,0.0,0.0,0.3508,28.119,6.0,-1,20.898179083168607,55.0,0.004666666666666667,0.0,0.0,0.0,0.0,46.0888971080442,optimal
2021-02-12 17:00:00,8,81,0.0,0.0,0.0,0.067,30.156,6.0,-1,20.73046630037544,55.0,0.004666666666666667,0.0,0.0,0.0,0.0,46.0030242822054,optimal
2021-02-12 17:30:00,8,81,0.0,0.0,0.0,0.39030000000000004,29.1585,6.0,-1,20.55052038216344,55.0,0.0,0.0,0.0,0.0,0.0,45.91723732919244,optimal
2021-02-12 18:00:00,8,81,0.0,0.0,0.0,0.5244,26.712,6.0,-1,20.414364848696803,55.0,0.0,0.0,0.0,0.0,0.0,45.83153616313249,optimal
2021-02-12 18:30:00,8,81,0.0,0.0,0.0,0.3407,15.435,6.0,-1,20.29598952662871,55.0,0.0,0.0,0.0,0.0,0.0,45.7459206982386,optimal
2021-02-12 19:00:00,8,81,0.0,0.0,0.0,0.22169999999999998,13.566,6.0,-1,20.165815012184204,55.0,0.0,0.0,0.0,0.0,0.0,45.660390848809605,optimal
2021-02-12 19:30:00,8,81,0.6636390302263436,0.0,0.0,0.067,12.789,6.0,-1,20.0,55.0,0.0,2322.7366057922027,0.0,0.0,0.0,45.57494652923004,optimal
2021-02-12 20:00:00,8,81,0.6227547677694593,0.0,0.0,0.22169999999999998,12.1275,6.0,-1,20.0,55.0,0.0,2179.6416871931074,0.0,0.0,0.0,45.489587653970055,optimal
2021-02-12 20:30:00,8,81,0.0,0.0,0.0,0.07436666666666666,13.671,6.0,-1,20.0,55.0,0.0,0.0,0.0,0.0,0.0,45.40431413758533,optimal
2021-02-12 21:00:00,8,81,0.09952380952380951,0.0,0.0,0.067,10.668,6.0,-1,19.82132720773944,55.0,0.0033333333333333335,0.0,0.0,348.3333333333333,0.0,45.31912589471699,optimal
2021-02-12 21:30:00,8,81,0.0,0.0,0.0,0.32293333333333335,11.7285,6.0,-1,19.64234657792025,55.0,0.0033333333333333335,0.0,0.0,0.0,0.0,45.273806768822276,optimal
2021-02-12 22:00:00,8,81,0.0,0.0,0.0,0.5551666666666666,11.025,6.0,-1,19.495558387992183,55.0,0.0,0.0,0.0,0.0,0.0,45.22853296205345,optimal
2021-02-12 22:30:00,8,81,0.0,0.0,0.0,0.067,10.689,6.0,-1,19.37881170268765,55.0,0.0,0.0,0.0,0.0,0.0,45.18330442909139,optimal
2021-02-12 23:00:00,8,81,0.0,0.0,0.0,0.1333,8.1585,6.0,-1,19.20462940463947,55.0,0.0,0.0,0.0,0.0,0.0,45.138121124662305,optimal
2021-02-12 23:30:00,8,81,0.0,0.0,0.0,0.16276666666666667,10.3635,6.0,-1,19.037040611088948,55.0,0.0,0.0,0.0,0.0,0.0,45.09298300353764,optimal
2021-02-13 00:00:00,8,81,0.0398095238095238,0.0,0.0,0.0856,9.4815,6.0,-4,19.037040611088948,55.0,0.0,0.0,0.0,139.33333333333331,0.0,45.047890020534105,optimal
2021-02-13 00:30:00,8,81,2.0,0.0,0.0,0.08583333333333333,8.379,6.0,-4,18.902112873872145,55.0,0.05466666666666667,1287.333333333333,0.0,5712.666666666667,0.0,45.00284213051357,optimal
2021-02-13 01:00:00,8,81,0.0,0.0,0.0,0.2588333333333333,9.5235,6.0,-4,18.87992174174966,55.0,0.054,0.0,0.0,0.0,0.0,44.957839288383056,optimal
2021-02-13 01:30:00,8,81,2.0,0.0,0.0,0.605,8.1375,6.0,-4,18.759708644628915,55.0,0.054,7000.0,0.0,0.0,0.0,44.91288144909467,optimal
2021-02-13 02:00:00,8,81,0.0,0.0,0.0,0.334,10.0905,6.0,-4,19.19663300353953,55.0,0.054,0.0,0.0,0.0,0.0,44.867968567645576,optimal
2021-02-13 02:30:00,8,81,2.0,0.0,5.0,0.5897666666666667,7.539,6.0,-4,19.08137506827073,55.0,0.054,7000.0,0.0,0.0,0.0,47.19810059907793,optimal
2021-02-13 03:00:00,8,81,2.0,0.0,2.803680201973727,0.502,7.938,6.0,-4,19.527648206818043,55.0,0.054,7000.0,0.0,0.0,0.0,48.48265059441637,optimal
2021-02-13 03:30:00,8,81,2.0,0.0,0.0,0.36973333333333336,8.274,6.0,-4,19.971305936496677,55.0,0.054,7000.0,0.0,0.0,0.0,48.434167943821954,optimal
2021-02-13 04:00:00,8,81,2.0,0.0,0.0,0.6340666666666667,9.261,6.0,-4,20.397430369463436,55.0,0.050666666666666665,7000.0,0.0,0.0,0.0,48.38573377587813,optimal
2021-02-13 04:30:00,8,81,2.0,0.0,0.0,0.15533333333333335,9.9225,6.0,-4,20.823268650392023,55.0,0.050666666666666665,7000.0,0.0,0.0,0.0,48.33734804210225,optimal
2021-02-13 05:00:00,8,81,2.0,0.0,0.0,0.085,9.702,6.0,-4,21.19000942663172,55.0,0.050666666666666665,7000.0,0.0,0.0,0.0,48.289010694060146,optimal
2021-02-13 05:30:00,8,81,0.0,0.0,0.0,0.149,10.584,6.0,-4,21.547261743074884,55.0,0.050666666666666665,0.0,0.0,0.0,0.0,48.240721683366075,optimal
2021-02-13 06:00:00,8,81,2.0,0.0,0.0,0.061,10.143,6.0,-4,21.371855419486796,55.0,0.050666666666666665,7000.0,0.0,0.0,0.0,48.192480961682705,optimal
2021-02-13 06:30:00,8,81,0.0,0.0,0.0,0.149,13.0095,6.0,-4,21.72390134580627,55.0,0.050666666666666665,0.0,0.0,0.0,0.0,48.144288480721016,optimal
2021-02-13 07:00:00,8,81,0.0,0.0,0.0,0.4396666666666667,11.025,6.0,-4,21.545606026108647,55.0,0.050666666666666665,0.0,0.0,0.0,0.0,48.096144192240295,optimal
2021-02-13 07:30:00,8,81,0.0,0.0,0.0,0.5716,12.789,6.0,-4,21.398854474906585,55.0,0.034666666666666665,0.0,0.0,0.0,0.0,48.048048048048045,optimal
2021-02-13 08:00:00,8,81,0.0,0.0,0.0,0.5506,12.1275,6.0,-4,21.278901609489047,55.0,0.02098666666666667,0.0,0.0,0.0,0.0,48.0,optimal
2021-02-13 08:30:00,8,81,0.0,0.0,0.0,1.3455333333333332,12.1695,6.0,-4,21.168591086578523,55.0,0.006,0.0,0.0,0.0,0.0,47.48176987446388,optimal
2021-02-13 09:00:00,8,81,0.0,0.0,0.0,0.22616666666666663,12.306,6.0,-4,21.026730160281154,55.0,0.006,0.0,0.0,0.0,0.0,46.964057979053294,optimal
2021-02-13 09:30:00,8,81,0.0,0.0,0.0,0.1635,13.23,6.0,-4,20.846473987940563,55.0,0.006,0.0,0.0,0.0,0.0,46.44686379553812,optimal
2021-02-13 10:00:00,8,81,0.0,0.0,0.0,0.071,13.671,6.0,-4,20.66524723442185,55.0,0.006,0.0,0.0,0.0,0.0,45.930186806206464,optimal
2021-02-13 10:30:00,8,81,0.0,0.0,0.0,0.3753333333333333,13.9335,6.0,-4,20.480784798757156,55.0,0.006,0.0,0.0,0.0,0.0,45.414026493864135,optimal
2021-02-13 11:00:00,8,81,0.0,0.0,0.0,0.2934,13.293,6.0,-4,20.33185366319945,55.0,0.006,0.0,0.0,0.0,0.0,44.89838234183415,optimal
2021-02-13 11:30:00,8,81,0.0,0.0,0.0,0.304,12.1065,6.0,-4,20.17811242812609,55.0,0.0033333333333333335,0.0,0.0,0.0,0.0,44.383253833956196,optimal
2021-02-13 12:00:00,8,81,0.47480220273705714,0.0,0.0,0.4024,11.571,6.0,-4,20.037569609218277,55.0,0.0033333333333333335,1661.8077095797,0.0,0.0,0.0,43.86864045458612,optimal
2021-02-13 12:30:00,8,81,2.0,0.0,0.0,0.16616666666666666,11.025,6.0,-4,20.033279679183057,55.0,0.0033333333333333335,7000.0,0.0,0.0,0.0,43.35454168859542,optimal
2021-02-13 13:00:00,8,81,2.0,0.0,0.0,0.22416666666666663,10.8465,6.0,-4,20.432619322397635,55.0,0.0033333333333333335,7000.0,0.0,0.0,0.0,42.840957021370706,optimal
2021-02-13 13:30:00,8,81,2.0,0.0,0.0,0.07593333333333334,11.2455,6.0,-4,20.830789963368854,55.0,0.002,7000.0,0.0,0.0,0.0,42.32788593881322,optimal
2021-02-13 14:00:00,8,81,0.0,0.0,0.0,0.23366666666666663,23.8665,6.0,-4,21.194661920706604,55.0,0.002,0.0,0.0,0.0,0.0,41.81532792733829,optimal
2021-02-13 14:30:00,8,81,0.0,0.0,0.0,0.156,27.4575,6.0,-4,21.023221130239207,55.0,0.002,0.0,0.0,0.0,0.0,41.30328247387483,optimal
2021-02-13 15:00:00,8,81,0.0,0.0,0.0,0.0895,27.3735,6.0,-4,20.848261903030334,55.0,0.002,0.0,0.0,0.0,0.0,40.791749065864835,optimal
2021-02-13 15:30:00,8,81,0.0,0.0,0.0,0.2921666666666667,30.4605,6.0,-4,20.670666399923213,55.0,0.002,0.0,0.0,0.0,0.0,40.28072719126285,optimal
2021-02-13 16:00:00,8,81,0.0,0.0,0.0,0.079,30.0195,6.0,-4,20.509203063487035,55.0,0.002,0.0,0.0,0.0,0.0,39.77021633853546,optimal
2021-02-13 16:30:00,8,81,0.0,0.0,0.0,0.15116666666666664,26.9325,6.0,-4,20.332037236068757,55.0,0.002,0.0,0.0,0.0,0.0,39.260215996660804,optimal
2021-02-13 17:00:00,8,81,0.0,0.0,0.0,0.2385,14.595,6.0,-4,20.16193841842958,55.0,0.002,0.0,0.0,0.0,0.0,38.75072565512802,optimal
2021-02-13 17:30:00,8,81,0.6528918095880805,0.0,0.0,0.071,12.4845,6.0,-4,20.0,55.0,0.002,2285.1213335582815,0.0,0.0,0.0,38.241744803936776,optimal
2021-02-13 18:00:00,8,81,0.5854456503781751,0.0,0.0,0.3186666666666667,12.1275,6.0,-4,20.0,55.0,0.002,2049.059776323613,0.0,0.0,0.0,37.73327293359672,optimal
2021-02-13 18:30:00,8,81,1.2299629754009254,0.0,0.0,0.071,12.1275,6.0,-4,20.0,55.0,0.002,4304.870413903239,0.0,0.0,0.0,37.22530953512701,optimal
2021-02-13 19:00:00,8,81,0.0,0.0,0.0,0.2705666666666667,12.789,6.0,-4,20.15260475311916,55.0,0.002,0.0,0.0,0.0,0.0,36.71785410005577,optimal
2021-02-13 19:30:00,8,81,0.3335552207025295,0.0,0.0,1.7559666666666667,11.907,6.0,-4,20.0,55.0,0.0,1167.4432724588535,0.0,0.0,0.0,36.210906120419594,optimal
2021-02-13 20:00:00,8,81,0.41874524395994234,0.0,0.0,0.47756666666666664,11.025,6.0,-4,20.0,55.0,0.0,1465.6083538597982,0.0,0.0,0.0,35.70446508876306,optimal
2021-02-13 20:30:00,8,81,0.0398095238095238,0.0,0.0,0.5534666666666667,8.2005,6.0,-4,20.0,55.0,0.001333333333333333,0.0,0.0,139.33333333333331,0.0,35.668760623674295,optimal
2021-02-13 21:00:00,8,81,0.0,0.0,0.0,0.45056666666666667,9.5655,6.0,-4,19.910039898352228,55.0,0.0,0.0,0.0,0.0,0.0,35.63309186305062,optimal
2021-02-13 21:30:00,8,81,0.1791428571428571,0.0,0.0,0.5915,7.056,6.0,-4,19.815502430412792,55.0,0.004666666666666666,0.0,0.0,626.9999999999999,0.0,35.597458771187576,optimal
2021-02-13 22:00:00,8,81,0.0,0.0,0.0,0.46776666666666666,9.3975,6.0,-4,19.730898224767202,55.0,0.003999999999999999,0.0,0.0,0.0,0.0,35.56186131241639,optimal
2021-02-13 22:30:00,8,81,0.0,0.0,0.0,1.6398666666666666,10.059,6.0,-4,19.623436361888718,55.0,0.001333333333333333,0.0,0.0,0.0,0.0,35.526299451103974,optimal
2021-02-13 23:00:00,8,81,0.0,0.0,0.0,0.6346666666666666,9.261,6.0,-4,19.531750132123562,55.0,0.0,0.0,0.0,0.0,0.0,35.49077315165287,optimal
2021-02-13 23:30:00,8,81,0.0,0.0,0.0,0.7049666666666667,8.1585,6.0,-4,19.43228427730579,55.0,0.0,0.0,0.0,0.0,0.0,35.45528237850122,optimal
2021-02-07 00:00:00,9,81,0.0,0.0,0.0,0.058333333333333334,7.7175,6.0,-3,21.0,55.0,0.12,0.0,0.0,0.0,0.0,47.952,optimal
2021-02-07 00:30:00,9,81,0.0,0.0,0.0,0.055,6.615,6.0,-3,20.859719405428383,55.0,0.12,0.0,0.0,0.0,0.0,47.904047999999996,optimal
2021-02-07 01:00:00,9,81,0.0,0.0,0.0,0.11183333333333331,6.174,6.0,-3,20.719795076539288,55.0,0.12,0.0,0.0,0.0,0.0,47.856143952,optimal
2021-02-07 01:30:00,9,81,2.0,0.0,0.0,0.1456,3.906,6.0,-3,20.584555309815936,55.0,0.12,7000.0,0.0,0.0,0.0,47.80828780804799,optimal
2021-02-07 02:00:00,9,81,2.0,0.0,0.0,0.1495,2.3415,6.0,-3,20.986134987412463,55.0,0.12,7000.0,0.0,0.0,0.0,47.76047952023995,optimal
2021-02-07 02:30:00,9,81,2.0,0.0,0.0,0.14283333333333334,2.205,6.0,-3,21.384017855407922,55.0,0.12,7000.0,0.0,0.0,0.0,47.712719040719705,optimal
2021-02-07 03:00:00,9,81,2.0,0.0,1.6192876255641409,0.2091,0.882,6.0,-3,21.776989061698448,55.0,0.12,7000.0,0.0,0.0,0.0,48.434167943821954,optimal
2021-02-07 03:30:00,9,81,2.0,0.0,0.0,0.055,1.5435,6.0,-3,22.17065052722742,55.0,0.12,7000.0,0.0,0.0,0.0,48.38573377587813,optimal
2021-02-07 04:00:00,9,81,2.0,0.0,0.0,0.15316666666666665,1.5435,6.0,-3,22.54864353843922,55.0,0.12,7000.0,0.0,0.0,0.0,48.33734804210225,optimal
2021-02-07 04:30:00,9,81,0.0,0.0,0.0,0.08536666666666666,5.0715,6.0,-3,22.93033271450025,55.0,0.12,0.0,0.0,0.0,0.0,48.289010694060146,optimal
2021-02-07 05:00:00,9,81,0.0,0.0,0.0,0.23556666666666665,5.376,6.0,-3,22.769986682639004,55.0,0.12,0.0,0.0,0.0,0.0,48.240721683366075,optimal
2021-02-07 05:30:00,9,81,0.4131401295631264,0.0,0.0,0.09783333333333331,5.0715,6.0,-3,22.62250606256661,55.0,0.12,1445.9904534709424,0.0,0.0,0.0,48.192480961682705,optimal
2021-02-07 06:00:00,9,81,0.0,0.0,0.0,0.19693333333333332,5.5125,6.0,-3,22.57552816129616,55.0,0.12,0.0,0.0,0.0,0.0,48.144288480721016,optimal
2021-02-07 06:30:00,9,81,0.0,0.0,0.0,0.15766666666666665,9.261,6.0,-3,22.42656903677786,55.0,0.11933333333333333,0.0,0.0,0.0,0.0,48.096144192240295,optimal
2021-02-07 07:00:00,9,81,0.0,0.0,0.0,0.0911,11.7075,6.0,-3,22.277347049561286,55.0,0.11533333333333333,0.0,0.0,0.0,0.0,48.048048048048045,optimal
2021-02-07 07:30:00,9,81,0.0,0.0,0.0,0.27443333333333336,12.348,6.0,-3,22.129198254733172,55.0,0.11466666666666667,0.0,0.0,0.0,0.0,48.0,optimal
2021-02-07 08:00:00,9,81,0.0,0.0,0.0,0.10593333333333334,12.348,6.0,-3,22.0,55.0,0.11333333333333333,0.0,0.0,0.0,0.0,47.82702420765424,optimal
2021-02-07 08:30:00,9,81,0.0,0.0,0.0,0.19453333333333334,12.1275,6.0,-3,21.858629433268746,55.0,0.11333333333333333,0.0,0.0,0.0,0.0,47.654221391100826,optimal
2021-02-07 09:00:00,9,81,0.0,0.0,0.0,0.18306666666666663,12.5265,6.0,-3,21.73040591192367,55.0,0.09266666666666666,0.0,0.0,0.0,0.0,47.48159137736397,optimal
2021-02-07 09:30:00,9,81,0.0,0.0,0.0,0.0726,11.7495,6.0,-3,21.603461089851557,55.0,0.092,0.0,0.0,0.0,0.0,47.30913399364085,optimal
2021-02-07 10:00:00,9,81,0.0,0.0,0.0,0.2924333333333333,13.23,6.0,-3,21.450926527374143,55.0,0.09,0.0,0.0,0.0,0.0,47.13684906730145,optimal
2021-02-07 10:30:00,9,81,0.0,0.0,0.0,0.21536666666666668,14.3325,6.0,-3,21.3147654212087,55.0,0.09,0.0,0.0,0.0,0.0,46.96473642588839,optimal
2021-02-07 11:00:00,9,81,0.0,0.0,0.0,0.4829666666666666,14.994,6.0,-3,21.171678815124658,55.0,0.08933333333333333,0.0,0.0,0.0,0.0,46.79279589711674,optimal
2021-02-07 11:30:00,9,81,0.0,0.0,0.0,0.19183333333333327,14.8155,6.0,-3,21.04626860143862,55.0,0.08933333333333333,0.0,0.0,0.0,0.0,46.62102730887386,optimal
2021-02-07 12:00:00,9,81,0.0,0.0,0.0,0.7097,14.112,6.0,-3,20.903132780265306,55.0,0.088,0.0,0.0,0.0,0.0,46.44943048921923,optimal
2021-02-07 12:30:00,9,81,0.0,0.0,0.0,1.1712333333333331,14.007,6.0,-3,20.761565760878096,55.0,0.08733333333333333,0.0,0.0,0.0,0.0,46.278005266384255,optimal
2021-02-07 13:00:00,9,81,0.0,0.0,0.0,0.3341,13.23,6.0,-3,20.645786399207893,55.0,0.082,0.0,0.0,0.0,0.0,46.10675146877211,optimal
2021-02-07 13:30:00,9,81,2.0,0.0,0.0,0.3816333333333333,11.382,6.0,-3,20.507564519258874,55.0,0.082,7000.0,0.0,0.0,0.0,45.93566892495758,optimal
2021-02-07 14:00:00,9,81,0.6392610699637635,0.0,0.0,0.24416666666666662,11.7495,6.0,-3,20.906556193889074,55.0,0.07933333333333334,2237.413744873172,0.0,0.0,0.0,45.76475746368687,optimal
2021-02-07 14:30:00,9,81,0.0,0.0,0.0,0.0965,24.3285,6.0,-3,20.921177984785658,55.0,0.07933333333333334,0.0,0.0,0.0,0.0,45.594016913877425,optimal
2021-02-07 15:00:00,9,81,0.0,0.0,0.0,0.284,28.917,6.0,-3,20.7543503783025,55.0,0.07933333333333334,0.0,0.0,0.0,0.0,45.42344710461779,optimal
2021-02-07 15:30:00,9,81,0.0,0.0,0.0,0.07773333333333333,31.3635,6.0,-3,20.60488283628126,55.0,0.07933333333333334,0.0,0.0,0.0,0.0,45.25304786516742,optimal
2021-02-07 16:00:00,9,81,0.0,0.0,0.0,0.39166666666666666,33.306,6.0,-3,20.455771327139,55.0,0.07933333333333334,0.0,0.0,0.0,0.0,45.08281902495649,optimal
2021-02-07 16:30:00,9,81,0.0,0.0,0.0,0.37573333333333336,31.3425,6.0,-3,20.341298453438768,55.0,0.076,0.0,0.0,0.0,0.0,44.91276041358578,optimal
2021-02-07 17:00:00,9,81,0.0,0.0,0.0,0.4303,28.2555,6.0,-3,20.227472416836726,55.0,0.07533333333333334,0.0,0.0,0.0,0.0,44.74287186082643,optimal
2021-02-07 17:30:00,9,81,0.0,0.0,0.0,0.4045666666666667,15.6975,6.0,-3,20.118082905293974,55.0,0.07533333333333334,0.0,0.0,0.0,0.0,44.57315319661985,optimal
2021-02-07 18:00:00,9,81,0.34182904126856795,0.0,0.0,0.4134,12.5475,6.0,-3,20.0,55.0,0.07533333333333334,1196.4016444399879,0.0,0.0,0.0,44.40360425107747,optimal
2021-02-07 18:30:00,9,81,0.35256164868748385,0.0,0.0,0.31853333333333333,12.0855,6.0,-3,20.0,55.0,0.074,1233.9657704061935,0.0,0.0,0.0,44.23422485448063,optimal
2021-02-07 19:00:00,9,81,1.729670533215069,0.0,0.0,0.065,11.907,6.0,-3,20.0,55.0,0.074,6053.846866252742,0.0,0.0,0.0,44.065014837280394,optimal
2021-02-07 19:30:00,9,81,0.0,0.0,0.0,0.19290000000000002,12.5685,6.0,-3,20.30278090625726,55.0,0.074,0.0,0.0,0.0,0.0,43.895974030097356,optimal
2021-02-07 20:00:00,9,81,0.0,0.0,0.0,0.17903333333333332,13.146,6.0,-3,20.151248743759062,55.0,0.074,0.0,0.0,0.0,0.0,43.7271022637215,optimal
2021-02-07 20:30:00,9,81,0.0,0.0,0.0,0.26673333333333327,10.584,6.0,-3,20.0,55.0,0.06066666666666667,0.0,0.0,0.0,0.0,43.683375161457775,optimal
2021-02-07 21:00:00,9,81,0.0,0.0,0.0,0.2957666666666667,6.678,6.0,-3,19.8853321056025,55.0,0.059333333333333335,0.0,0.0,0.0,0.0,43.63969178629632,optimal
2021-02-07 21:30:00,9,81,0.0,0.0,0.0,0.8186666666666667,7.938,6.0,-3,19.780805810662876,55.0,0.03333333333333334,0.0,0.0,0.0,0.0,43.59605209451002,optimal
2021-02-07 22:00:00,9,81,0.0,0.0,0.0,0.4037,5.292,6.0,-3,19.714218196638438,55.0,0.011333333333333338,0.0,0.0,0.0,0.0,43.552456042415514,optimal
2021-02-07 22:30:00,9,81,0.0,0.0,0.0,0.4983333333333333,9.261,6.0,-3,19.619151826890324,55.0,0.006666666666666671,0.0,0.0,0.0,0.0,43.5089035863731,optimal
2021-02-07 23:00:00,9,81,0.0,0.0,0.0,0.065,10.3635,6.0,-3,19.540750671937325,55.0,0.006666666666666671,0.0,0.0,0.0,0.0,43.46539468278673,optimal
2021-02-07 23:30:00,9,81,0.0,0.0,0.0,0.168,8.274,6.0,-3,19.397245588575593,55.0,0.006666666666666671,0.0,0.0,0.0,0.0,43.42192928810395,optimal
2021-02-08 00:00:00,9,81,0.0,0.0,0.0,0.0994,11.2455,6.0,2,19.397245588575593,55.0,0.006666666666666671,0.0,0.0,0.0,0.0,43.378507358815845,optimal
2021-02-08 00:30:00,9,81,0.0,0.0,0.0,0.0782,11.025,6.0,2,19.25475669756321,55.0,0.006666666666666671,0.0,0.0,0.0,0.0,43.33512885145703,optimal
2021-02-08 01:00:00,9,81,2.0,0.0,0.0,0.08526666666666667,5.9745,6.0,2,19.111912344732477,55.0,0.07365231259968102,0.0,0.0,7000.0,0.0,43.29179372260557,optimal
2021-02-08 01:30:00,9,81,1.260387358473555,0.0,0.0,0.09233333333333331,7.938,6.0,2,18.970869965782583,55.0,0.092,2494.0224213241086,0.0,1917.3333333333333,0.0,43.248501928882966,optimal
2021-02-08 02:00:00,9,81,0.0,0.0,0.0,0.057,8.6835,6.0,2,19.021248704617843,55.0,0.092,0.0,0.0,0.0,0.0,43.20525342695408,optimal
2021-02-08 02:30:00,9,81,2.0,0.0,0.0,0.10646666666666668,7.665,6.0,2,18.877969457532043,55.0,0.092,7000.0,0.0,0.0,0.0,43.162048173527126,optimal
2021-02-08 03:00:00,9,81,2.0,0.0,0.0,0.07113333333333334,6.7725,6.0,2,19.273661767078806,55.0,0.092,7000.0,0.0,0.0,0.0,43.1188861253536,optimal
2021-02-08 03:30:00,9,81,2.0,0.0,0.0,0.1206,5.5755,6.0,2,19.663603702248025,55.0,0.092,7000.0,0.0,0.0,0.0,43.07576723922824,optimal
2021-02-08 04:00:00,9,81,2.0,0.0,5.0,0.057,5.0925,6.0,2,20.053424538297637,55.0,0.092,7000.0,0.0,0.0,0.0,45.40769147198901,optimal
2021-02-08 04:30:00,9,81,2.0,0.0,5.0,0.057,4.1895,6.0,2,20.434508179172123,55.0,0.092,7000.0,0.0,0.0,0.0,47.737283780517025,optimal
2021-02-08 05:00:00,9,81,2.0,0.0,0.0,0.10646666666666668,7.056,6.0,2,20.811336828443554,55.0,0.092,7000.0,0.0,0.0,0.0,47.689546496736504,optimal
2021-02-08 05:30:00,9,81,2.0,0.0,1.5660564750281256,0.07113333333333334,5.271,6.0,2,21.18771813042265,55.0,0.092,7000.0,0.0,0.0,0.0,48.38573377587813,optimal
2021-02-08 06:00:00,9,81,2.0,0.0,0.0,0.09233333333333331,7.938,6.0,2,21.55763539629038,55.0,0.092,7000.0,0.0,0.0,0.0,48.33734804210225,optimal
2021-02-08 06:30:00,9,81,2.0,0.0,0.0,0.08626666666666667,7.938,6.0,2,21.92545438141453,55.0,0.06697333333333333,7000.0,0.0,0.0,0.0,48.289010694060146,optimal
2021-02-08 07:00:00,9,81,0.0,0.0,0.0,0.066,11.907,6.0,2,22.30155609257038,55.0,0.048,0.0,0.0,0.0,0.0,48.240721683366075,optimal
2021-02-08 07:30:00,9,81,0.0,0.0,0.0,0.9301666666666666,11.025,6.0,2,22.144797075865434,55.0,0.042,0.0,0.0,0.0,0.0,48.192480961682705,optimal
2021-02-08 08:00:00,9,81,0.5440220731424644,0.0,0.0,0.11633333333333332,11.2875,6.0,2,22.0,55.0,0.04066666666666666,1904.0772559986258,0.0,0.0,0.0,48.144288480721016,optimal
2021-02-08 08:30:00,9,81,0.0,0.0,0.0,0.1144,12.936,6.0,2,22.0,55.0,0.03666666666666667,0.0,0.0,0.0,0.0,48.096144192240295,optimal
2021-02-08 09:00:00,9,81,0.0,0.0,0.0,0.7065,13.0095,6.0,2,21.863991353866773,55.0,0.03266666666666666,0.0,0.0,0.0,0.0,48.048048048048045,optimal
2021-02-08 09:30:00,9,81,0.0,0.0,0.0,0.4986333333333333,13.671,6.0,2,21.73173535822194,55.0,0.03133333333333333,0.0,0.0,0.0,0.0,48.0,optimal
2021-02-08 10:00:00,9,81,0.0,0.0,0.0,0.1306,13.188,6.0,2,21.59584597963688,55.0,0.03133333333333333,0.0,0.0,0.0,0.0,47.875839270428564,optimal
2021-02-08 10:30:00,9,81,0.0,0.0,0.0,0.067,13.8495,6.0,2,21.420954350536654,55.0,0.03133333333333333,0.0,0.0,0.0,0.0,47.7518027015867,optimal
2021-02-08 11:00:00,9,81,0.0,0.0,0.0,0.067,13.23,6.0,2,21.24143572138964,55.0,0.03133333333333333,0.0,0.0,0.0,0.0,47.62789016931368,optimal
2021-02-08 11:30:00,9,81,0.0,0.0,0.0,0.067,13.3665,6.0,2,21.062178179758607,55.0,0.03133333333333333,0.0,0.0,0.0,0.0,47.50410154957293,optimal
2021-02-08 12:00:00,9,81,0.0,0.0,0.0,0.1306,13.0515,6.0,2,20.885390558935047,55.0,0.03133333333333333,0.0,0.0,0.0,0.0,47.380436718451925,optimal
2021-02-08 12:30:00,9,81,0.0,0.0,0.0,0.067,13.5345,6.0,2,20.715898172183795,55.0,0.03133333333333333,0.0,0.0,0.0,0.0,47.25689555216204,optimal
2021-02-08 13:00:00,9,81,0.0,0.0,0.0,0.09526666666666668,14.154,6.0,2,20.544826640697455,55.0,0.03133333333333333,0.0,0.0,0.0,0.0,47.13347792703845,optimal
2021-02-08 13:30:00,9,81,0.0,0.0,0.0,0.10233333333333332,14.112,6.0,2,20.379191378906047,55.0,0.03133333333333333,0.0,0.0,0.0,0.0,47.010183719539974,optimal
2021-02-08 14:00:00,9,81,0.0,0.0,0.0,0.0988,14.2485,6.0,2,20.216444127273096,55.0,0.03133333333333333,0.0,0.0,0.0,0.0,46.887012806249,optimal
2021-02-08 14:30:00,9,81,0.8148140959311703,0.0,0.0,0.2548,12.789,6.0,2,20.055751483242847,55.0,0.03133333333333333,2851.849335759096,0.0,0.0,0.0,46.76396506387131,optimal
2021-02-08 15:00:00,9,81,0.0,0.0,0.0,0.223,13.0095,6.0,2,20.136610600802374,55.0,0.03133333333333333,0.0,0.0,0.0,0.0,46.641040369236,optimal
2021-02-08 15:30:00,9,81,2.0,0.0,0.0,0.119,12.1275,6.0,2,20.0,55.0,0.03133333333333333,7000.0,0.0,0.0,0.0,46.51823859929533,optimal
2021-02-08 16:00:00,9,81,0.16551133736246215,0.0,0.0,0.3541,12.348,6.0,2,20.384000655937307,55.0,0.024,579.2896807686175,0.0,0.0,0.0,46.3955596311246,optimal
2021-02-08 16:30:00,9,81,2.0,0.0,0.0,0.7169333333333333,12.348,6.0,2,20.319712643461298,55.0,0.022,7000.0,0.0,0.0,0.0,46.27300334192204,optimal
2021-02-08 17:00:00,9,81,0.0,0.0,0.0,0.6076666666666666,25.389,6.0,2,20.76928394055338,55.0,0.016666666666666666,0.0,0.0,0.0,0.0,46.150569609008684,optimal
2021-02-08 17:30:00,9,81,0.0,0.0,0.0,0.40236666666666665,29.1375,6.0,2,20.68073595213048,55.0,0.01,0.0,0.0,0.0,0.0,46.02825830982824,optimal
2021-02-08 18:00:00,9,81,0.0,0.0,0.0,0.23853333333333332,30.597,6.0,2,20.578228196400747,55.0,0.008,0.0,0.0,0.0,0.0,45.90606932194698,optimal
2021-02-08 18:30:00,9,81,0.0,0.0,0.0,0.32303333333333334,33.684,6.0,2,20.468456254114724,55.0,0.008,0.0,0.0,0.0,0.0,45.7840025230536,optimal
2021-02-08 19:00:00,9,81,0.0,0.0,0.0,0.3541333333333333,32.445,6.0,2,20.350837532445247,55.0,0.008,0.0,0.0,0.0,0.0,45.66205779095911,optimal
2021-02-08 19:30:00,9,81,0.0,0.0,0.0,0.2235,28.917,6.0,2,20.240107384016962,55.0,0.006666666666666667,0.0,0.0,0.0,0.0,45.54023500359672,optimal
2021-02-08 20:00:00,9,81,0.0,0.0,0.0,0.24563333333333331,15.876,6.0,2,20.12045847028507,55.0,0.006666666666666667,0.0,0.0,0.0,0.0,45.49469476859312,optimal
2021-02-08 20:30:00,9,81,0.0,0.0,0.0,0.273,12.348,6.0,2,20.0,55.0,0.002,0.0,0.0,0.0,0.0,45.44920007382453,optimal
2021-02-08 21:00:00,9,81,0.0,0.0,0.0,0.3236,12.1275,6.0,2,19.88679759767484,55.0,0.002,0.0,0.0,0.0,0.0,45.4037508737507,optimal
2021-02-08 21:30:00,9,81,0.0,0.0,0.0,0.1945,12.348,6.0,2,19.77047544674616,55.0,0.0,0.0,0.0,0.0,0.0,45.35834712287695,optimal
2021-02-08 22:00:00,9,81,0.0,0.0,0.0,0.13993333333333333,12.1275,6.0,2,19.650099282149387,55.0,0.0,0.0,0.0,0.0,0.0,45.31298877575407,optimal
2021-02-08 22:30:00,9,81,0.0,0.0,0.0,0.067,12.1275,6.0,2,19.523560829978873,55.0,0.0,0.0,0.0,0.0,0.0,45.267675786978316,optimal
2021-02-08 23:00:00,9,81,0.0,0.0,0.0,0.067,11.2665,6.0,2,19.376491749730633,55.0,0.0,0.0,0.0,0.0,0.0,45.222408111191335,optimal
2021-02-08 23:30:00,9,81,0.0,0.0,0.0,0.0988,10.143,6.0,2,19.230281206514793,55.0,0.0,0.0,0.0,0.0,0.0,45.17718570308014,optimal
2021-02-09 00:00:00,9,81,2.0,0.0,5.0,0.24003333333333332,10.584,6.0,0,19.230281206514793,55.0,0.0,7000.0,0.0,0.0,0.0,47.50700851737706,optimal
2021-02-09 00:30:00,9,81,2.0,0.0,0.0,0.051,11.2455,6.0,0,19.64333264245929,55.0,0.06698564593301436,0.0,0.0,7000.0,0.0,47.45950150885968,optimal
2021-02-09 01:00:00,9,81,0.0,0.0,0.0,0.0775,12.1275,6.0,0,19.49398443091703,55.0,0.06698564593301436,0.0,0.0,0.0,0.0,47.41204200735082,optimal
2021-02-09 01:30:00,9,81,1.2117689112276087,0.0,0.0,0.1305,11.823,6.0,0,19.348419022794513,55.0,0.10733333333333334,24.85785596329721,0.0,4216.333333333333,0.0,47.36462996534347,optimal
2021-02-09 02:00:00,9,81,2.0,0.0,0.0,0.051,11.7705,6.0,0,19.209190415071152,55.0,0.10733333333333334,7000.0,0.0,0.0,0.0,47.317265335378124,optimal
2021-02-09 02:30:00,9,81,2.0,0.0,0.0,0.051,11.13,6.0,0,19.595847396113406,55.0,0.10733333333333334,7000.0,0.0,0.0,0.0,47.269948070042744,optimal
2021-02-09 03:00:00,9,81,2.0,0.0,0.0,0.157,11.6865,6.0,0,19.97952678135789,55.0,0.10733333333333334,7000.0,0.0,0.0,0.0,47.2226781219727,optimal
2021-02-09 03:30:00,9,81,2.0,0.0,0.0,0.051,10.7205,6.0,0,20.36833350062672,55.0,0.10733333333333334,7000.0,0.0,0.0,0.0,47.17545544385072,optimal
2021-02-09 04:00:00,9,81,2.0,0.0,0.0,0.051,11.424,6.0,0,20.746507246263697,55.0,0.10733333333333334,7000.0,0.0,0.0,0.0,47.128279988406874,optimal
2021-02-09 04:30:00,9,81,2.0,0.0,2.441199947258138,0.0669,10.689,6.0,0,21.122220656833527,55.0,0.10733333333333334,7000.0,0.0,0.0,0.0,48.240721683366075,optimal
2021-02-09 05:00:00,9,81,2.0,0.0,0.0,0.1411,11.361,6.0,0,21.494938362458154,55.0,0.10733333333333334,7000.0,0.0,0.0,0.0,48.192480961682705,optimal
2021-02-09 05:30:00,9,81,2.0,0.0,0.0,0.051,11.571,6.0,0,21.869130085745446,55.0,0.10733333333333334,7000.0,0.0,0.0,0.0,48.144288480721016,optimal
2021-02-09 06:00:00,9,81,0.0,0.0,0.0,0.324,14.3745,6.0,0,22.233145428457945,55.0,0.08133333333333333,0.0,0.0,0.0,0.0,48.096144192240295,optimal
2021-02-09 06:30:00,9,81,0.0,0.0,0.0,0.24056666666666662,13.23,6.0,0,22.093445871449997,55.0,0.07733333333333334,0.0,0.0,0.0,0.0,48.048048048048045,optimal
2021-02-09 07:00:00,9,81,0.0,0.0,0.0,0.2704,13.9755,6.0,0,21.96014032154686,55.0,0.05533333333333333,0.0,0.0,0.0,0.0,48.0,optimal
2021-02-09 07:30:00,9,81,0.0,0.0,0.0,0.168,14.994,6.0,0,21.838601651319724,55.0,0.05466666666666667,0.0,0.0,0.0,0.0,47.668981525200856,optimal
2021-02-09 08:00:00,9,81,0.0,0.0,0.0,0.061,13.671,6.0,0,21.689295957142996,55.0,0.05466666666666667,0.0,0.0,0.0,0.0,47.338294068876515,optimal
2021-02-09 08:30:00,9,81,0.0,0.0,0.0,0.15109999999999998,15.981,6.0,0,21.49955069789108,55.0,0.05466666666666667,0.0,0.0,0.0,0.0,47.00793730000849,optimal
2021-02-09 09:00:00,9,81,0.0,0.0,0.0,0.07690000000000001,15.6345,6.0,0,21.319677154073073,55.0,0.05466666666666667,0.0,0.0,0.0,0.0,46.67791088790934,optimal
2021-02-09 09:30:00,9,81,0.0,0.0,0.0,0.061,16.5375,6.0,0,21.137066197314116,55.0,0.05466666666666667,0.0,0.0,0.0,0.0,46.34821450222229,optimal
2021-02-09 10:00:00,9,81,0.0,0.0,0.0,0.061,14.7735,6.0,0,20.95751195152639,55.0,0.05466666666666667,0.0,0.0,0.0,0.0,46.018847812920924,optimal
2021-02-09 10:30:00,9,81,0.0,0.0,0.0,0.16169999999999998,15.2145,6.0,0,20.782199177246866,55.0,0.05466666666666667,0.0,0.0,0.0,0.0,45.68981049030886,optimal
2021-02-09 11:00:00,9,81,0.0,0.0,0.0,0.0663,14.553,6.0,0,20.618322788126548,55.0,0.05466666666666667,0.0,0.0,0.0,0.0,45.36110220501941,optimal
2021-02-09 11:30:00,9,81,0.0,0.0,0.0,0.073,14.3325,6.0,0,20.45083624102552,55.0,0.054,0.0,0.0,0.0,0.0,45.03272262801524,optimal
2021-02-09 12:00:00,9,81,0.0,0.0,0.0,0.16076666666666667,14.595,6.0,0,20.297520728726372,55.0,0.05333333333333334,0.0,0.0,0.0,0.0,44.704671430588085,optimal
2021-02-09 12:30:00,9,81,0.0,0.0,0.0,0.07556666666666666,14.994,6.0,0,20.152616226121786,55.0,0.05333333333333334,0.0,0.0,0.0,0.0,44.376948284358356,optimal
2021-02-09 13:00:00,9,81,0.5636999784704206,0.0,0.0,0.1352,14.3325,6.0,0,20.0,55.0,0.05333333333333334,1972.9499246464723,0.0,0.0,0.0,44.049552861274854,optimal
2021-02-09 13:30:00,9,81,0.5403292758134185,0.0,0.0,0.15580000000000002,13.8915,6.0,0,20.0,55.0,0.05333333333333334,1891.1524653469646,0.0,0.0,0.0,43.72248483361444,optimal
2021-02-09 14:00:00,9,81,0.5484061970665596,0.0,0.0,0.14633333333333334,13.8915,6.0,0,20.0,55.0,0.05266666666666667,1919.4216897329586,0.0,0.0,0.0,43.39574387398168,optimal
2021-02-09 14:30:00,9,81,2.0,0.0,0.0,0.061,13.4715,6.0,0,20.0,55.0,0.05266666666666667,7000.0,0.0,0.0,0.0,43.06932965530856,optimal
2021-02-09 15:00:00,9,81,2.0,0.0,0.0,0.38606666666666667,13.23,6.0,0,20.369743723064563,55.0,0.05266666666666667,7000.0,0.0,0.0,0.0,42.743241850854105,optimal
2021-02-09 15:30:00,9,81,0.8140846650360283,0.0,0.0,0.0663,13.8915,6.0,0,20.76428377632898,55.0,0.05266666666666667,2849.296327626099,0.0,0.0,0.0,42.417480134204105,optimal
2021-02-09 16:00:00,9,81,0.0,0.0,0.0,0.6705,26.9325,6.0,0,20.81089119832845,55.0,0.05266666666666667,0.0,0.0,0.0,0.0,42.09204417927076,optimal
2021-02-09 16:30:00,9,81,0.0,0.0,0.0,0.6748666666666667,30.303,6.0,0,20.706700335973643,55.0,0.04666666666666667,0.0,0.0,0.0,0.0,41.766933660292345,optimal
2021-02-09 17:00:00,9,81,0.0,0.0,0.0,0.12896666666666667,32.886,6.0,0,20.62231369147764,55.0,0.043333333333333335,0.0,0.0,0.0,0.0,41.44214825183291,optimal
2021-02-09 17:30:00,9,81,0.0,0.0,0.0,0.21646666666666667,34.9965,6.0,0,20.505423760526025,55.0,0.04133333333333333,0.0,0.0,0.0,0.0,41.11768762878194,optimal
2021-02-09 18:00:00,9,81,0.0,0.0,0.0,0.2932333333333333,33.327,6.0,0,20.40224153409085,55.0,0.03666666666666667,0.0,0.0,0.0,0.0,40.79355146635401,optimal
2021-02-09 18:30:00,9,81,0.0,0.0,0.0,0.26089999999999997,31.122,6.0,0,20.299430410221213,55.0,0.035333333333333335,0.0,0.0,0.0,0.0,40.46973944008852,optimal
2021-02-09 19:00:00,9,81,0.0,0.0,0.0,0.22833333333333328,17.9025,6.0,0,20.19332437749964,55.0,0.03333333333333333,0.0,0.0,0.0,0.0,40.146251225849284,optimal
2021-02-09 19:30:00,9,81,0.0,0.0,0.0,0.39226666666666665,15.6555,6.0,0,20.087382169941876,55.0,0.02133333333333333,0.0,0.0,0.0,0.0,39.82308649982429,optimal
2021-02-09 20:00:00,9,81,0.37389779875644324,0.0,0.0,0.2397,14.553,6.0,0,20.0,55.0,0.02133333333333333,1308.6422956475515,0.0,0.0,0.0,39.50024493852533,optimal
2021-02-09 20:30:00,9,81,0.0,0.0,0.0,0.31406666666666666,14.3325,6.0,0,20.0,55.0,0.02133333333333333,0.0,0.0,0.0,0.0,39.17772621878766,optimal
2021-02-09 21:00:00,9,81,0.0,0.0,0.0,0.4754666666666666,13.335,6.0,0,19.904082136610004,55.0,0.019999999999999997,0.0,0.0,0.0,0.0,39.13854849256887,optimal
2021-02-09 21:30:00,9,81,0.0,0.0,0.0,0.3353666666666667,12.1275,6.0,0,19.82266201657531,55.0,0.019999999999999997,0.0,0.0,0.0,0.0,39.09940994407631,optimal
2021-02-09 22:00:00,9,81,0.0,0.0,0.0,0.2384333333333333,12.2955,6.0,0,19.728176831385625,55.0,0.0,0.0,0.0,0.0,0.0,39.06031053413223,optimal
2021-02-09 22:30:00,9,81,0.0,0.0,0.0,0.5237,11.6865,6.0,0,19.618636112843266,55.0,0.0,0.0,0.0,0.0,0.0,39.021250223598095,optimal
2021-02-09 23:00:00,9,81,0.0,0.0,0.0,0.13103333333333333,11.466,6.0,0,19.53621062384308,55.0,0.0,0.0,0.0,0.0,0.0,38.9822289733745,optimal
2021-02-09 23:30:00,9,81,0.05971428571428571,0.0,0.0,0.0793,10.8045,6.0,0,19.415571968250102,55.0,0.0,0.0,0.0,209.0,0.0,38.94324674440112,optimal
2021-02-10 00:00:00,9,81,0.0,0.0,0.0,0.6794,11.7075,6.0,1,19.415571968250102,55.0,0.0,0.0,0.0,0.0,0.0,38.90430349765672,optimal
2021-02-10 00:30:00,9,81,2.0,0.0,5.0,0.046,10.8045,6.0,1,19.316337901318605,55.0,0.06698564593301436,0.0,0.0,7000.0,0.0,41.24039919415906,optimal
2021-02-10 01:00:00,9,81,2.0,0.0,0.0,0.2007333333333333,11.508,6.0,1,19.166283210692892,55.0,0.1339712918660287,0.0,0.0,7000.0,0.0,41.1991587949649,optimal
2021-02-10 01:30:00,9,81,2.0,0.0,0.0,0.046,11.508,6.0,1,19.028463948860626,55.0,0.2,100.0,0.0,6900.0,0.0,41.157959636169934,optimal
2021-02-10 02:00:00,9,81,2.0,0.0,0.0,0.051,11.508,6.0,1,18.886807783321768,55.0,0.2,7000.0,0.0,0.0,0.0,41.11680167653376,optimal
2021-02-10 02:30:00,9,81,2.0,0.0,0.0,0.09623333333333332,11.844,6.0,1,19.271390803264353,55.0,0.2,7000.0,0.0,0.0,0.0,41.075684874857224,optimal
2021-02-10 03:00:00,9,81,2.0,0.0,0.0,0.1515,11.508,6.0,1,19.656324568391735,55.0,0.2,7000.0,0.0,0.0,0.0,41.03460918998237,optimal
2021-02-10 03:30:00,9,81,2.0,0.0,0.0,0.046,11.508,6.0,1,20.04214200901072,55.0,0.2,7000.0,0.0,0.0,0.0,40.993574580792384,optimal
2021-02-10 04:00:00,9,81,2.0,0.0,5.0,0.06006666666666667,10.4475,6.0,1,20.41650656170281,55.0,0.2,7000.0,0.0,0.0,0.0,43.32758100621159,optimal
2021-02-10 04:30:00,9,81,2.0,0.0,5.0,0.18666666666666662,10.8675,6.0,1,20.788632075283264,55.0,0.2,7000.0,0.0,0.0,0.0,45.65925342520538,optimal
2021-02-10 05:00:00,9,81,2.0,0.0,5.0,0.046,10.542,6.0,1,21.166230413427126,55.0,0.2,7000.0,0.0,0.0,0.0,47.98859417178017,optimal
2021-02-10 05:30:00,9,81,2.0,0.0,0.0,0.19913333333333333,11.025,6.0,1,21.528883935928597,55.0,0.2,7000.0,0.0,0.0,0.0,47.940605577608395,optimal
2021-02-10 06:00:00,9,81,2.0,0.0,0.42837730570422955,1.3839000000000001,11.025,6.0,1,21.901732899509884,55.0,0.17333333333333334,4840.333333333334,0.0,2159.6666666666665,0.0,48.096144192240295,optimal
2021-02-10 06:30:00,9,81,0.0,0.0,0.0,0.2772,14.553,6.0,1,22.12631340385759,55.0,0.15266666666666667,0.0,0.0,0.0,0.0,48.048048048048045,optimal
2021-02-10 07:00:00,9,81,1.0570143838246089,0.0,0.0,0.2213333333333333,13.0935,6.0,1,21.98264090287553,55.0,0.14066666666666666,3699.5503433861304,0.0,0.0,0.0,48.0,optimal
2021-02-10 07:30:00,9,81,0.0,0.0,0.0,0.1894,15.6345,6.0,1,22.127376791519872,55.0,0.136,0.0,0.0,0.0,0.0,47.72422397975215,optimal
2021-02-10 08:00:00,9,81,0.0,0.0,0.0,0.056,18.102,6.0,1,22.0,55.0,0.136,0.0,0.0,0.0,0.0,47.44872373552456,optimal
2021-02-10 08:30:00,9,81,0.0,0.0,0.0,0.2107333333333333,17.199,6.0,1,21.803465842172432,55.0,0.136,0.0,0.0,0.0,0.0,47.17349899154119,optimal
2021-02-10 09:00:00,9,81,0.0,0.0,0.0,2.724833333333333,18.2805,6.0,1,21.622231584881504,55.0,0.136,0.0,0.0,0.0,0.0,46.8985494723018,optimal
2021-02-10 09:30:00,9,81,0.0,0.0,0.0,1.3001666666666667,17.4615,6.0,1,21.58195553021681,55.0,0.136,0.0,0.0,0.0,0.0,46.623874902581655,optimal
2021-02-10 10:00:00,9,81,0.0,0.0,0.0,0.38746666666666657,18.3225,6.0,1,21.493993228439763,55.0,0.13466666666666666,0.0,0.0,0.0,0.0,46.34947500743123,optimal
2021-02-10 10:30:00,9,81,0.0,0.0,0.0,0.37606666666666666,17.094,6.0,1,21.377154907860014,55.0,0.11414666666666666,0.0,0.0,0.0,0.0,46.075349512175954,optimal
2021-02-10 11:00:00,9,81,0.0,0.0,0.0,0.4876666666666667,17.094,6.0,1,21.26632981551636,55.0,0.104,0.0,0.0,0.0,0.0,45.80149814241593,optimal
2021-02-10 11:30:00,9,81,0.0,0.0,0.0,0.13340000000000002,17.094,6.0,1,21.163420909364497,55.0,0.09866666666666667,0.0,0.0,0.0,0.0,45.52792062402567,optimal
2021-02-10 12:00:00,9,81,0.0,0.0,0.0,0.054,17.3565,6.0,1,21.02885415785499,55.0,0.098,0.0,0.0,0.0,0.0,45.2546166831538,optimal
2021-02-10 12:30:00,9,81,0.0,0.0,0.0,0.13233333333333333,17.115,6.0,1,20.87636373021018,55.0,0.09666666666666666,0.0,0.0,0.0,0.0,44.9815860462228,optimal
2021-02-10 13:00:00,9,81,0.0,0.0,0.0,0.28196666666666664,17.241,6.0,1,20.731014218761548,55.0,0.09,0.0,0.0,0.0,0.0,44.70882843992874,optimal
2021-02-10 13:30:00,9,81,0.0,0.0,0.0,0.08986666666666666,17.094,6.0,1,20.598354292379884,55.0,0.08933333333333333,0.0,0.0,0.0,0.0,44.43634359124096,optimal
2021-02-10 14:00:00,9,81,1.5793603661500657,0.0,0.0,2.284466666666667,16.5165,6.0,1,20.453081504992674,55.0,0.08933333333333333,5527.76128152523,0.0,0.0,0.0,44.164131227401874,optimal
2021-02-10 14:30:00,9,81,0.0,0.0,0.0,0.4562333333333333,17.8185,6.0,1,20.83492559102489,55.0,0.088,0.0,0.0,0.0,0.0,43.892191075926625,optimal
2021-02-10 15:00:00,9,81,0.0,0.0,0.0,0.08836666666666666,17.094,6.0,1,20.728022761959508,55.0,0.08466666666666667,0.0,0.0,0.0,0.0,43.620522864602854,optimal
2021-02-10 15:30:00,9,81,2.0,0.0,0.0,0.068,16.8945,6.0,1,20.585467884995417,55.0,0.08466666666666667,7000.0,0.0,0.0,0.0,43.34912632149041,optimal
2021-02-10 16:00:00,9,81,0.0,0.0,0.0,0.3233333333333333,18.123,6.0,1,20.982931471672376,55.0,0.07866666666666666,0.0,0.0,0.0,0.0,43.07800117492108,optimal
2021-02-10 16:30:00,9,81,0.0,0.0,0.0,0.154,31.647,6.0,1,20.863136170740503,55.0,0.078,0.0,0.0,0.0,0.0,42.80714715349831,optimal
2021-02-10 17:00:00,9,81,0.0,0.0,0.0,0.13773333333333332,34.9965,6.0,1,20.751141960169996,55.0,0.07466666666666667,0.0,0.0,0.0,0.0,42.53656398609697,optimal
2021-02-10 17:30:00,9,81,0.0,0.0,0.0,0.3037333333333333,34.9965,6.0,1,20.63128662416482,55.0,0.068,0.0,0.0,0.0,0.0,42.26625140186303,optimal
2021-02-10 18:00:00,9,81,0.0,0.0,0.0,0.3715333333333334,34.9965,6.0,1,20.525919295433336,55.0,0.06666666666666667,0.0,0.0,0.0,0.0,41.99620913021332,optimal
2021-02-10 18:30:00,9,81,0.0,0.0,0.0,0.188,34.9965,6.0,1,20.42134792202709,55.0,0.06666666666666667,0.0,0.0,0.0,0.0,41.72643690083527,optimal
2021-02-10 19:00:00,9,81,0.0,0.0,0.0,0.3461,34.9965,6.0,1,20.30243693730353,55.0,0.011333333333333334,0.0,0.0,0.0,0.0,41.456934443686585,optimal
2021-02-10 19:30:00,9,81,0.0,0.0,0.0,0.2925,27.741,6.0,1,20.181987416655154,55.0,0.011333333333333334,0.0,0.0,0.0,0.0,41.18770148899505,optimal
2021-02-10 20:00:00,9,81,0.0,0.0,0.0,0.48660000000000003,19.026,6.0,1,20.08145738944177,55.0,0.011333333333333334,0.0,0.0,0.0,0.0,40.918737767258214,optimal
2021-02-10 20:30:00,9,81,0.0,0.0,0.0,0.48083333333333333,18.7215,6.0,1,20.0,55.0,0.009333333333333334,0.0,0.0,0.0,0.0,40.65004300924311,optimal
2021-02-10 21:00:00,9,81,0.0,0.0,0.0,0.445,17.4195,6.0,1,19.914430960940916,55.0,0.009333333333333334,0.0,0.0,0.0,0.0,40.381616945986025,optimal
2021-02-10 21:30:00,9,81,0.0,0.0,0.0,0.3915,16.758,6.0,1,19.829494070550776,55.0,0.004666666666666667,0.0,0.0,0.0,0.0,40.34123532904004,optimal
2021-02-10 22:00:00,9,81,0.0,0.0,0.0,0.4322,14.217,6.0,1,19.729841689198555,55.0,0.0033333333333333335,0.0,0.0,0.0,0.0,40.300894093711,optimal
2021-02-10 22:30:00,9,81,0.0,0.0,0.0,0.09046666666666668,13.3665,6.0,1,19.62106845253862,55.0,0.0,0.0,0.0,0.0,0.0,40.26059319961729,optimal
2021-02-10 23:00:00,9,81,0.0796190476190476,0.0,0.0,0.10723333333333332,12.789,6.0,1,19.47945068921407,55.0,0.0,0.0,0.0,278.66666666666663,0.0,40.22033260641767,optimal
2021-02-10 23:30:00,9,81,0.0,0.0,0.0,0.193,11.907,6.0,1,19.343144130558176,55.0,0.0,0.0,0.0,0.0,0.0,40.180112273811254,optimal
2021-02-11 00:00:00,9,81,2.0,0.0,0.0,0.058,11.025,6.0,0,19.343144130558176,55.0,0.0,7000.0,0.0,0.0,0.0,40.139932161537445,optimal
2021-02-11 00:30:00,9,81,0.3315116684595773,0.0,0.0,0.2226,12.0855,6.0,0,19.691888203818046,55.0,0.011103261623048045,0.0,0.0,1160.2908396085206,0.0,40.09979222937591,optimal
2021-02-11 01:00:00,9,81,2.0,0.0,0.0,0.21706666666666663,11.6865,6.0,0,19.517484851880525,55.0,0.0780889075560624,0.0,0.0,7000.0,0.0,40.05969243714653,optimal
2021-02-11 01:30:00,9,81,2.0,0.0,0.0,0.19683333333333328,11.2245,6.0,0,19.345086774613943,55.0,0.08666666666666667,6103.624172941854,0.0,896.3758270581457,0.0,40.019632744709384,optimal
2021-02-11 02:00:00,9,81,2.0,0.0,0.0,0.20566666666666664,11.025,6.0,0,19.637847883919815,55.0,0.08666666666666667,7000.0,0.0,0.0,0.0,39.979613111964674,optimal
2021-02-11 02:30:00,9,81,2.0,0.0,5.0,0.1424,10.7835,6.0,0,19.9970084827247,55.0,0.08666666666666667,7000.0,0.0,0.0,0.0,42.31463349885271,optimal
2021-02-11 03:00:00,9,81,2.0,0.0,0.0,0.1864333333333333,11.025,6.0,0,20.347286238303845,55.0,0.08666666666666667,7000.0,0.0,0.0,0.0,42.27231886535385,optimal
2021-02-11 03:30:00,9,81,2.0,0.0,5.0,0.206,10.584,6.0,0,20.696937387119828,55.0,0.08666666666666667,7000.0,0.0,0.0,0.0,44.6050465464885,optimal
2021-02-11 04:00:00,9,81,2.0,0.0,2.6413938618175115,0.12340000000000001,11.025,6.0,0,21.047198398897795,55.0,0.08666666666666667,7000.0,0.0,0.0,0.0,45.81510358430533,optimal
2021-02-11 04:30:00,9,81,2.0,0.0,5.0,0.3095,10.4265,6.0,0,21.39027743588026,55.0,0.08666666666666667,7000.0,0.0,0.0,0.0,48.144288480721016,optimal
2021-02-11 05:00:00,9,81,2.0,0.0,0.0,0.251,12.789,6.0,0,21.7445053442712,55.0,0.08666666666666667,7000.0,0.0,0.0,0.0,48.096144192240295,optimal
2021-02-11 05:30:00,9,81,2.0,0.0,0.0,1.855,12.684,6.0,0,22.09345357860147,55.0,0.086,7000.0,0.0,0.0,0.0,48.048048048048045,optimal
2021-02-11 06:00:00,9,81,0.0,0.0,0.0,0.9395,16.254,6.0,0,22.529141295846095,55.0,0.08333333333333333,0.0,0.0,0.0,0.0,48.0,optimal
2021-02-11 06:30:00,9,81,0.0,0.0,0.0,1.2262,17.64,6.0,0,22.383517061906627,55.0,0.076,0.0,0.0,0.0,0.0,47.75661280672218,optimal
2021-02-11 07:00:00,9,81,0.0,0.0,0.0,1.2489000000000001,19.1625,6.0,0,22.25930967762871,55.0,0.076,0.0,0.0,0.0,0.0,47.51346900063764,optimal
2021-02-11 07:30:00,9,81,0.0,0.0,0.0,0.5887666666666667,26.46,6.0,0,22.14335316011662,55.0,0.076,0.0,0.0,0.0,0.0,47.27056833835919,optimal
2021-02-11 08:00:00,9,81,0.0,0.0,0.0,0.3738666666666667,20.79,6.0,0,22.0,55.0,0.076,0.0,0.0,0.0,0.0,47.02791057674301,optimal
2021-02-11 08:30:00,9,81,0.0,0.0,0.0,2.1864666666666666,29.106,6.0,0,21.838386584725882,55.0,0.07533333333333334,0.0,0.0,0.0,0.0,46.78549547288845,optimal
2021-02-11 09:00:00,9,81,0.0,0.0,0.0,0.33073333333333327,19.1835,6.0,0,21.758456984502857,55.0,0.07333333333333333,0.0,0.0,0.0,0.0,46.54332278413774,optimal
2021-02-11 09:30:00,9,81,0.0,0.0,0.0,1.7361333333333335,19.6665,6.0,0,21.59014311866876,55.0,0.07333333333333333,0.0,0.0,0.0,0.0,46.30139226807579,optimal
2021-02-11 10:00:00,9,81,0.0,0.0,0.0,0.1756,19.404,6.0,0,21.50800220482595,55.0,0.07333333333333333,0.0,0.0,0.0,0.0,46.05970368252989,optimal
2021-02-11 10:30:00,9,81,0.0,0.0,0.0,0.2046,19.047,6.0,0,21.33454902780114,55.0,0.07333333333333333,0.0,0.0,0.0,0.0,45.818256785569545,optimal
2021-02-11 11:00:00,9,81,0.0,0.0,0.0,0.22519999999999998,18.858,6.0,0,21.159533396853355,55.0,0.07333333333333333,0.0,0.0,0.0,0.0,45.577051335506155,optimal
2021-02-11 11:30:00,9,81,0.0,0.0,0.0,0.20926666666666668,19.2675,6.0,0,20.982049499189095,55.0,0.07333333333333333,0.0,0.0,0.0,0.0,45.33608709089283,optimal
2021-02-11 12:00:00,9,81,0.0,0.0,0.0,0.23606666666666665,18.963,6.0,0,20.81140206825614,55.0,0.07333333333333333,0.0,0.0,0.0,0.0,45.09536381052412,optimal
2021-02-11 12:30:00,9,81,0.0,0.0,0.0,0.058,18.438,6.0,0,20.65137178625828,55.0,0.07333333333333333,0.0,0.0,0.0,0.0,44.85488125343578,optimal
2021-02-11 13:00:00,9,81,0.0,0.0,0.0,0.2419333333333333,18.7425,6.0,0,20.484934874748905,55.0,0.07333333333333333,0.0,0.0,0.0,0.0,44.614639178904525,optimal
2021-02-11 13:30:00,9,81,2.0,0.0,0.0,0.1977333333333333,15.2145,6.0,0,20.339737156160567,55.0,0.07333333333333333,7000.0,0.0,0.0,0.0,44.374637346447805,optimal
2021-02-11 14:00:00,9,81,0.0,0.0,0.0,0.07886666666666665,17.7765,6.0,0,20.726831560268266,55.0,0.07333333333333333,0.0,0.0,0.0,0.0,44.13487551582354,optimal
2021-02-11 14:30:00,9,81,0.0,0.0,0.0,0.3153,16.758,6.0,0,20.56827656171732,55.0,0.072,0.0,0.0,0.0,0.0,43.8953534470299,optimal
2021-02-11 15:00:00,9,81,2.0,0.0,0.0,0.3743333333333333,16.422,6.0,0,20.45082961555152,55.0,0.07133333333333333,7000.0,0.0,0.0,0.0,43.65607090030505,optimal
2021-02-11 15:30:00,9,81,0.566126652218593,0.0,0.0,0.23283333333333328,16.758,6.0,0,20.86962440394027,55.0,0.07,1981.4432827650755,0.0,0.0,0.0,43.41702763612693,optimal
2021-02-11 16:00:00,9,81,0.0,0.0,0.0,0.6865666666666668,29.358,6.0,0,20.885547578615594,55.0,0.06866666666666667,0.0,0.0,0.0,0.0,43.17822341521299,optimal
2021-02-11 16:30:00,9,81,0.0,0.0,0.0,1.5386666666666668,34.9965,6.0,0,20.785915123524703,55.0,0.066,0.0,0.0,0.0,0.0,42.93965799851996,optimal
2021-02-11 17:00:00,9,81,0.0,0.0,0.0,0.3288333333333333,34.65,6.0,0,20.75273164818022,55.0,0.013333333333333334,0.0,0.0,0.0,0.0,42.70133114724363,optimal
2021-02-11 17:30:00,9,81,0.0,0.0,0.0,0.32803333333333334,34.9965,6.0,0,20.618761750172457,55.0,0.01,0.0,0.0,0.0,0.0,42.46324262281857,optimal
2021-02-11 18:00:00,9,81,0.0,0.0,0.0,0.11396666666666669,34.9965,6.0,0,20.49634762947633,55.0,0.01,0.0,0.0,0.0,0.0,42.22539218691794,optimal
2021-02-11 18:30:00,9,81,0.0,0.0,0.0,0.34246666666666664,30.4815,6.0,0,20.339173961565695,55.0,0.007333333333333333,0.0,0.0,0.0,0.0,41.9877796014532,optimal
2021-02-11 19:00:00,9,81,0.0,0.0,0.0,0.3484333333333333,21.4305,6.0,0,20.18208643536395,55.0,0.004666666666666667,0.0,0.0,0.0,0.0,41.750404628573925,optimal
2021-02-11 19:30:00,9,81,0.6457093570030429,0.0,0.0,0.3851666666666667,14.3325,6.0,0,20.0,55.0,0.004666666666666667,2259.98274951065,0.0,0.0,0.0,41.513267030667535,optimal
2021-02-11 20:00:00,9,81,0.5817781144909207,0.0,0.0,0.5143,13.692,6.0,0,20.0,55.0,0.004666666666666667,2036.2234007182221,0.0,0.0,0.0,41.27636657035905,optimal
2021-02-11 20:30:00,9,81,0.0,0.0,0.0,0.4229,14.007,6.0,0,20.0,55.0,0.002666666666666666,0.0,0.0,0.0,0.0,41.235090203788694,optimal
2021-02-11 21:00:00,9,81,0.0,0.0,0.0,0.3565,12.873,6.0,0,19.84302999458701,55.0,0.0,0.0,0.0,0.0,0.0,41.1938551135849,optimal
2021-02-11 21:30:00,9,81,0.0,0.0,0.0,0.6916666666666667,12.684,6.0,0,19.695761027621135,55.0,0.0,0.0,0.0,0.0,0.0,41.15266125847132,optimal
2021-02-11 22:00:00,9,81,0.0,0.0,0.0,0.3214666666666666,12.306,6.0,0,19.56879588992998,55.0,0.0,0.0,0.0,0.0,0.0,41.11150859721285,optimal
2021-02-11 22:30:00,9,81,0.0,0.0,0.0,0.2936333333333333,10.6365,6.0,0,19.415061049459382,55.0,0.0,0.0,0.0,0.0,0.0,41.070397088615636,optimal
2021-02-11 23:00:00,9,81,0.0,0.0,0.0,0.22963333333333333,11.2455,6.0,0,19.256345214432425,55.0,0.0,0.0,0.0,0.0,0.0,41.02932669152702,optimal
2021-02-11 23:30:00,9,81,0.0,0.0,0.0,0.1854333333333333,11.2455,6.0,0,19.05903417108793,55.0,0.0,0.0,0.0,0.0,0.0,40.98829736483549,optimal
2021-02-12 00:00:00,9,81,0.0,0.0,0.0,0.046,10.689,6.0,2,19.05903417108793,55.0,0.0,0.0,0.0,0.0,0.0,40.947309067470655,optimal
2021-02-12 00:30:00,9,81,2.0,0.0,5.0,0.15553333333333333,8.1585,6.0,2,18.84767319720231,55.0,0.06698564593301436,0.0,0.0,7000.0,0.0,43.281361758403186,optimal
2021-02-12 01:00:00,9,81,2.0,0.0,0.0,0.12193333333333334,10.3635,6.0,2,18.64652950690517,55.0,0.1,3550.0,0.0,3450.0,0.0,43.23808039664478,optimal
2021-02-12 01:30:00,9,81,0.0,0.0,0.0,0.05853333333333333,10.8045,6.0,2,18.715160781820924,55.0,0.1,0.0,0.0,0.0,0.0,43.194842316248135,optimal
2021-02-12 02:00:00,9,81,0.0,0.0,0.0,0.3043333333333333,11.025,6.0,2,18.50868089465312,55.0,0.1,0.0,0.0,0.0,0.0,43.15164747393189,optimal
2021-02-12 02:30:00,9,81,2.0,0.0,0.0,0.046,10.3635,6.0,2,18.32364489193312,55.0,0.1,7000.0,0.0,0.0,0.0,43.108495826457954,optimal
2021-02-12 03:00:00,9,81,2.0,0.0,0.0,0.1024,10.8045,6.0,2,18.65670250878943,55.0,0.1,7000.0,0.0,0.0,0.0,43.065387330631495,optimal
2021-02-12 03:30:00,9,81,2.0,0.0,1.0577006708718566,0.13140000000000002,10.059,6.0,2,18.993766166111012,55.0,0.1,7000.0,0.0,0.0,0.0,43.52472976196499,optimal
2021-02-12 04:00:00,9,81,2.0,0.0,0.0,0.17506666666666668,10.584,6.0,2,19.336250031057837,55.0,0.1,7000.0,0.0,0.0,0.0,43.48120503220302,optimal
2021-02-12 04:30:00,9,81,2.0,0.0,5.0,0.1695,9.4185,6.0,2,19.685223956976017,55.0,0.1,7000.0,0.0,0.0,0.0,45.812723827170814,optimal
2021-02-12 05:00:00,9,81,2.0,0.0,0.0,0.3781333333333333,10.3635,6.0,2,20.036878314332824,55.0,0.09866666666666667,7000.0,0.0,0.0,0.0,45.76691110334364,optimal
2021-02-12 05:30:00,9,81,2.0,0.0,5.0,0.15319999999999998,9.8385,6.0,2,20.413319154885706,55.0,0.09866666666666667,7000.0,0.0,0.0,0.0,48.096144192240295,optimal
2021-02-12 06:00:00,9,81,2.0,0.0,0.0,0.12940000000000002,11.067,6.0,2,20.78397194070585,55.0,0.09733333333333333,7000.0,0.0,0.0,0.0,48.048048048048045,optimal
2021-02-12 06:30:00,9,81,2.0,0.0,0.0,0.13826666666666668,10.8465,6.0,2,21.163721484761012,55.0,0.08866666666666667,7000.0,0.0,0.0,0.0,48.0,optimal
2021-02-12 07:00:00,9,81,0.0,0.0,0.0,2.960333333333333,13.671,6.0,2,21.56479050270856,55.0,0.06933333333333333,0.0,0.0,0.0,0.0,47.578844235220174,optimal
2021-02-12 07:30:00,9,81,0.0,0.0,0.0,1.2615999999999998,12.348,6.0,2,21.468948802067562,55.0,0.066,0.0,0.0,0.0,0.0,47.15810962620513,optimal
2021-02-12 08:00:00,9,81,0.0,0.0,0.0,0.07440000000000001,14.3325,6.0,2,21.33357661759427,55.0,0.066,0.0,0.0,0.0,0.0,46.737795751799105,optimal
2021-02-12 08:30:00,9,81,0.0,0.0,0.0,0.2968,15.393,6.0,2,21.149516752107747,55.0,0.06466666666666666,0.0,0.0,0.0,0.0,46.31790219126748,optimal
2021-02-12 09:00:00,9,81,0.0,0.0,0.0,0.23186666666666667,13.587,6.0,2,20.980296867909512,55.0,0.06030666666666667,0.0,0.0,0.0,0.0,45.898428524296385,optimal
2021-02-12 09:30:00,9,81,0.0,0.0,0.0,0.49426666666666663,16.1385,6.0,2,20.796509704362713,55.0,0.06,0.0,0.0,0.0,0.0,45.479374330992265,optimal
2021-02-12 10:00:00,9,81,0.0,0.0,0.0,1.6234666666666666,14.595,6.0,2,20.629927439578744,55.0,0.058666666666666666,0.0,0.0,0.0,0.0,45.060739191881446,optimal
2021-02-12 10:30:00,9,81,0.0,0.0,0.0,0.3797,14.637,6.0,2,20.51861220184414,55.0,0.058666666666666666,0.0,0.0,0.0,0.0,44.64252268790974,optimal
2021-02-12 11:00:00,9,81,0.0,0.0,0.0,1.472,13.9125,6.0,2,20.392405819710074,55.0,0.05266666666666667,0.0,0.0,0.0,0.0,44.22472440044201,optimal
2021-02-12 11:30:00,9,81,0.0,0.0,0.0,1.2629333333333335,13.3665,6.0,2,20.281532515218256,55.0,0.04733333333333333,0.0,0.0,0.0,0.0,43.80734391126174,optimal
2021-02-12 12:00:00,9,81,0.0,0.0,0.0,0.6216,13.0095,6.0,2,20.22685646332311,55.0,0.046,0.0,0.0,0.0,0.0,43.390380802570654,optimal
2021-02-12 12:30:00,9,81,0.0,0.0,0.0,0.6139,13.8915,6.0,2,20.119878965686148,55.0,0.042666666666666665,0.0,0.0,0.0,0.0,42.97383465698826,optimal
2021-02-12 13:00:00,9,81,0.3722135810849494,0.0,0.0,0.32939999999999997,13.188,6.0,2,20.020476854708292,55.0,0.042,1302.7475337973228,0.0,0.0,0.0,42.557705057551445,optimal
2021-02-12 13:30:00,9,81,0.469901431729421,0.0,0.0,0.3634,12.5685,6.0,2,20.0,55.0,0.042,1644.6550110529736,0.0,0.0,0.0,42.14199158771407,optimal
2021-02-12 14:00:00,9,81,0.4136743192804835,0.0,0.0,0.4906333333333333,12.285,6.0,2,20.0,55.0,0.037333333333333336,1447.8601174816922,0.0,0.0,0.0,41.72669383134653,optimal
2021-02-12 14:30:00,9,81,0.8872878645664638,0.0,0.0,0.29806666666666665,11.487,6.0,2,20.0,55.0,0.034,3105.507525982623,0.0,0.0,0.0,41.31181137273536,optimal
2021-02-12 15:00:00,9,81,0.0,0.0,0.0,0.38930000000000003,11.802,6.0,2,20.11407653236045,55.0,0.024666666666666667,0.0,0.0,0.0,0.0,40.8973437965828,optimal
2021-02-12 15:30:00,9,81,1.493233367997142,0.0,0.0,0.40463333333333334,11.2245,6.0,2,20.0,55.0,0.019333333333333334,5226.316787989997,0.0,0.0,0.0,40.4832906880064,optimal
2021-02-12 16:00:00,9,81,2.0,0.0,0.0,1.9121,11.025,6.0,2,20.28463114102044,55.0,0.018,7000.0,0.0,0.0,0.0,40.069651632538566,optimal
2021-02-12 16:30:00,9,81,0.0,0.0,0.0,1.7771333333333335,11.907,6.0,2,20.743298863621675,55.0,0.017333333333333333,0.0,0.0,0.0,0.0,39.656426216126206,optimal
2021-02-12 17:00:00,9,81,0.0,0.0,0.0,0.5943999999999999,25.83,6.0,2,20.677368287077755,55.0,0.016,0.0,0.0,0.0,0.0,39.243614025130256,optimal
2021-02-12 17:30:00,9,81,0.0,0.0,0.0,0.6673333333333333,28.035,6.0,2,20.5688367909397,55.0,0.016,0.0,0.0,0.0,0.0,38.8312146463253,optimal
2021-02-12 18:00:00,9,81,0.0,0.0,0.0,0.44310000000000005,28.119,6.0,2,20.47373786959581,55.0,0.012666666666666666,0.0,0.0,0.0,0.0,38.419227666899154,optimal
2021-02-12 18:30:00,9,81,0.0,0.0,0.0,2.7726666666666664,30.156,6.0,2,20.356290039691636,55.0,0.010666666666666665,0.0,0.0,0.0,0.0,38.00765267445243,optimal
2021-02-12 19:00:00,9,81,0.0,0.0,0.0,0.2447333333333333,29.1585,6.0,2,20.274732053582614,55.0,0.010666666666666665,0.0,0.0,0.0,0.0,37.596489256998154,optimal
2021-02-12 19:30:00,9,81,0.0,0.0,0.0,1.7904,26.712,6.0,2,20.15932391924602,55.0,0.010666666666666665,0.0,0.0,0.0,0.0,37.18573700296133,optimal
2021-02-12 20:00:00,9,81,0.0,0.0,0.0,0.32303333333333334,15.435,6.0,2,20.095845506049283,55.0,0.010666666666666665,0.0,0.0,0.0,0.0,36.775395501178544,optimal
2021-02-12 20:30:00,9,81,0.0,0.0,0.0,1.8425,13.566,6.0,2,20.0,55.0,0.009333333333333332,0.0,0.0,0.0,0.0,36.36546434089754,optimal
2021-02-12 21:00:00,9,81,0.0,0.0,0.0,0.33703333333333335,12.789,6.0,2,19.93115442543904,55.0,0.009333333333333332,0.0,0.0,0.0,0.0,35.95594311177682,optimal
2021-02-12 21:30:00,9,81,0.0,0.0,0.0,0.1957333333333333,12.1275,6.0,2,19.829214201058768,55.0,0.008666666666666666,0.0,0.0,0.0,0.0,35.91998716866504,optimal
2021-02-12 22:00:00,9,81,0.0,0.0,0.0,0.5331666666666667,13.671,6.0,2,19.713415843425466,55.0,0.008666666666666666,0.0,0.0,0.0,0.0,35.88406718149637,optimal
2021-02-12 22:30:00,9,81,0.0,0.0,0.0,0.35896666666666666,10.668,6.0,2,19.635281088498736,55.0,0.0,0.0,0.0,0.0,0.0,35.84818311431487,optimal
2021-02-12 23:00:00,9,81,0.0,0.0,0.0,0.0865,11.7285,6.0,2,19.537172461798104,55.0,0.0,0.0,0.0,0.0,0.0,35.81233493120055,optimal
2021-02-12 23:30:00,9,81,0.0,0.0,0.0,0.2525,11.025,6.0,2,19.382281397382414,55.0,0.0,0.0,0.0,0.0,0.0,35.77652259626935,optimal
2021-02-13 00:00:00,9,81,0.0,0.0,0.0,0.10263333333333334,9.4815,6.0,-4,19.382281397382414,55.0,0.0,0.0,0.0,0.0,0.0,35.74074607367308,optimal
2021-02-13 00:30:00,9,81,2.0,0.0,5.0,0.07516666666666667,8.379,6.0,-4,19.23065290885275,55.0,0.06698564593301436,0.0,0.0,7000.0,0.0,38.08000532759941,optimal
2021-02-13 01:00:00,9,81,1.5928642872775158,0.0,0.0,0.0992,9.5235,6.0,-4,19.078714422071247,55.0,0.116,453.02500547130524,0.0,5122.0,0.0,38.04192532227181,optimal
2021-02-13 01:30:00,9,81,2.0,0.0,5.0,0.16446666666666668,8.1375,6.0,-4,18.964920120116002,55.0,0.116,7000.0,0.0,0.0,0.0,40.37888339694954,optimal
2021-02-13 02:00:00,9,81,0.0,0.0,0.0,0.1311,10.0905,6.0,-4,19.3565142962013,55.0,0.116,0.0,0.0,0.0,0.0,40.33850451355259,optimal
2021-02-13 02:30:00,9,81,2.0,0.0,5.0,0.09576666666666668,7.539,6.0,-4,19.20905216142747,55.0,0.116,7000.0,0.0,0.0,0.0,42.67316600903904,optimal
2021-02-13 03:00:00,9,81,2.0,0.0,5.0,0.19636666666666666,7.938,6.0,-4,19.593693473981244,55.0,0.116,7000.0,0.0,0.0,0.0,45.005492843030005,optimal
2021-02-13 03:30:00,9,81,2.0,0.0,5.0,0.11636666666666666,8.274,6.0,-4,19.982599831753912,55.0,0.116,7000.0,0.0,0.0,0.0,47.33548735018697,optimal
2021-02-13 04:00:00,9,81,2.0,0.0,2.208834061611505,0.058,9.261,6.0,-4,20.361527186840767,55.0,0.116,7000.0,0.0,0.0,0.0,48.33734804210225,optimal
2021-02-13 04:30:00,9,81,2.0,0.0,0.0,0.18606666666666663,9.9225,6.0,-4,20.73221254404916,55.0,0.116,7000.0,0.0,0.0,0.0,48.289010694060146,optimal
2021-02-13 05:00:00,9,81,2.0,0.0,0.0,0.13666666666666666,9.702,6.0,-4,21.10841902956362,55.0,0.116,7000.0,0.0,0.0,0.0,48.240721683366075,optimal
2021-02-13 05:30:00,9,81,0.0,0.0,0.0,0.1308666666666667,10.584,6.0,-4,21.476039024992268,55.0,0.116,0.0,0.0,0.0,0.0,48.192480961682705,optimal
2021-02-13 06:00:00,9,81,2.0,0.0,0.0,0.1928666666666667,10.143,6.0,-4,21.3061987095976,55.0,0.116,7000.0,0.0,0.0,0.0,48.144288480721016,optimal
2021-02-13 06:30:00,9,81,0.0,0.0,0.0,0.08073333333333334,13.0095,6.0,-4,21.674507469529836,55.0,0.11266666666666666,0.0,0.0,0.0,0.0,48.096144192240295,optimal
2021-02-13 07:00:00,9,81,0.0,0.0,0.0,1.538733333333333,11.025,6.0,-4,21.500401246381383,55.0,0.09866666666666667,0.0,0.0,0.0,0.0,48.048048048048045,optimal
2021-02-13 07:30:00,9,81,0.0,0.0,0.0,0.29603333333333337,12.789,6.0,-4,21.385976473174885,55.0,0.092,0.0,0.0,0.0,0.0,48.0,optimal
2021-02-13 08:00:00,9,81,0.0,0.0,0.0,0.3392333333333333,12.1275,6.0,-4,21.24750593312143,55.0,0.08800000000000001,0.0,0.0,0.0,0.0,47.672167038593656,optimal
2021-02-13 08:30:00,9,81,0.0,0.0,0.0,0.3699333333333333,12.1695,6.0,-4,21.11364886083527,55.0,0.023333333333333334,0.0,0.0,0.0,0.0,47.34466191014872,optimal
2021-02-13 09:00:00,9,81,0.0,0.0,0.0,0.0886,12.306,6.0,-4,20.963096288615535,55.0,0.023333333333333334,0.0,0.0,0.0,0.0,47.01748428683223,optimal
2021-02-13 09:30:00,9,81,0.0,0.0,0.0,0.238,13.23,6.0,-4,20.772910921630523,55.0,0.023333333333333334,0.0,0.0,0.0,0.0,46.690633841139054,optimal
2021-02-13 10:00:00,9,81,0.0,0.0,0.0,0.23063333333333333,13.671,6.0,-4,20.598005062449495,55.0,0.023333333333333334,0.0,0.0,0.0,0.0,46.364110245891574,optimal
2021-02-13 10:30:00,9,81,0.0,0.0,0.0,0.2736,13.9335,6.0,-4,20.43749922852373,55.0,0.022,0.0,0.0,0.0,0.0,46.03791317423934,optimal
2021-02-13 11:00:00,9,81,0.0,0.0,0.0,0.3197,13.293,6.0,-4,20.285940516921013,55.0,0.017333333333333333,0.0,0.0,0.0,0.0,45.71204229965876,optimal
2021-02-13 11:30:00,9,81,0.0,0.0,0.0,0.21513333333333332,12.1065,6.0,-4,20.141507061419937,55.0,0.017333333333333333,0.0,0.0,0.0,0.0,45.386497295952765,optimal
2021-02-13 12:00:00,9,81,0.6573222755433784,0.0,0.0,0.4367,11.571,6.0,-4,20.0,55.0,0.014,2300.6279644018246,0.0,0.0,0.0,45.06127783725047,optimal
2021-02-13 12:30:00,9,81,2.0,0.0,0.0,0.32846666666666663,11.025,6.0,-4,20.037900165201037,55.0,0.014,7000.0,0.0,0.0,0.0,44.73638359800688,optimal
2021-02-13 13:00:00,9,81,2.0,0.0,0.0,0.068,10.8465,6.0,-4,20.42620392458042,55.0,0.014,7000.0,0.0,0.0,0.0,44.41181425300253,optimal
2021-02-13 13:30:00,9,81,2.0,0.0,0.0,0.3055,11.2455,6.0,-4,20.780649391398192,55.0,0.014,7000.0,0.0,0.0,0.0,44.08756947734319,optimal
2021-02-13 14:00:00,9,81,0.0,0.0,0.0,0.5501,23.8665,6.0,-4,21.16257514110257,55.0,0.014,0.0,0.0,0.0,0.0,43.763648946459504,optimal
2021-02-13 14:30:00,9,81,0.0,0.0,0.0,0.16916666666666666,27.4575,6.0,-4,21.02673023938555,55.0,0.014,0.0,0.0,0.0,0.0,43.4400523361067,optimal
2021-02-13 15:00:00,9,81,0.0,0.0,0.0,0.2029333333333333,27.3735,6.0,-4,20.85767443967012,55.0,0.014,0.0,0.0,0.0,0.0,43.11677932236425,optimal
2021-02-13 15:30:00,9,81,0.0,0.0,0.0,0.1298,30.4605,6.0,-4,20.688633177092427,55.0,0.014,0.0,0.0,0.0,0.0,42.79382958163555,optimal
2021-02-13 16:00:00,9,81,0.0,0.0,0.0,0.11706666666666667,30.0195,6.0,-4,20.51462883485702,55.0,0.014,0.0,0.0,0.0,0.0,42.471202790647574,optimal
2021-02-13 16:30:00,9,81,0.0,0.0,0.0,0.1985,26.9325,6.0,-4,20.34030857803299,55.0,0.014,0.0,0.0,0.0,0.0,42.14889862645058,optimal
2021-02-13 17:00:00,9,81,0.0,0.0,0.0,0.08516666666666667,14.595,6.0,-4,20.173736404940332,55.0,0.014,0.0,0.0,0.0,0.0,41.82691676641779,optimal
2021-02-13 17:30:00,9,81,0.5512156191118947,0.0,0.0,0.27896666666666664,12.4845,6.0,-4,20.0,55.0,0.014,1929.2546668916311,0.0,0.0,0.0,41.50525688824503,optimal
2021-02-13 18:00:00,9,81,0.5171980313305669,0.0,0.0,0.10993333333333334,12.1275,6.0,-4,20.0,55.0,0.011333333333333334,1810.1931096569842,0.0,0.0,0.0,41.183918669950444,optimal
2021-02-13 18:30:00,9,81,0.8728627324739447,0.0,0.0,0.21066666666666664,12.1275,6.0,-4,20.0,55.0,0.008666666666666666,3055.019563658807,0.0,0.0,0.0,40.86290178987415,optimal
2021-02-13 19:00:00,9,81,0.0,0.0,0.0,0.14236666666666667,12.789,6.0,-4,20.115688307384993,55.0,0.0033333333333333335,0.0,0.0,0.0,0.0,40.82203888808428,optimal
2021-02-13 19:30:00,9,81,0.3455723635596754,0.0,0.0,0.41656666666666664,11.907,6.0,-4,20.0,55.0,0.0033333333333333335,1209.5032724588639,0.0,0.0,0.0,40.78121684919619,optimal
2021-02-13 20:00:00,9,81,0.36247857729327504,0.0,0.0,0.26056666666666667,11.025,6.0,-4,20.0,55.0,0.0,1268.6750205264627,0.0,0.0,0.0,40.740435632346994,optimal
2021-02-13 20:30:00,9,81,0.17914285714285713,0.0,0.0,0.6930333333333333,8.2005,6.0,-4,20.0,55.0,0.006,0.0,0.0,627.0,0.0,40.69969519671465,optimal
2021-02-13 21:00:00,9,81,0.0,0.0,0.0,1.7360666666666666,9.5655,6.0,-4,19.939244778455546,55.0,0.0,0.0,0.0,0.0,0.0,40.658995501517936,optimal
2021-02-13 21:30:00,9,81,0.4379047619047619,0.0,0.0,0.4051,7.056,6.0,-4,19.96918402352974,55.0,0.011333333333333334,0.0,0.0,1532.6666666666667,0.0,40.61833650601642,optimal
2021-02-13 22:00:00,9,81,0.0,0.0,0.0,0.3752,9.3975,6.0,-4,19.88333996651654,55.0,0.008,0.0,0.0,0.0,0.0,40.577718169510405,optimal
2021-02-13 22:30:00,9,81,0.0,0.0,0.0,1.6124333333333334,10.059,6.0,-4,19.77822869599497,55.0,0.0033333333333333335,0.0,0.0,0.0,0.0,40.537140451340896,optimal
2021-02-13 23:00:00,9,81,0.0,0.0,0.0,0.30110000000000003,9.261,6.0,-4,19.689090492201796,55.0,0.0,0.0,0.0,0.0,0.0,40.496603310889554,optimal
2021-02-13 23:30:00,9,81,0.0,0.0,0.0,0.12826666666666667,8.1585,6.0,-4,19.567752010525158,55.0,0.0,0.0,0.0,0.0,0.0,40.45610670757866,optimal
2021-02-07 00:00:00,10,81,0.0,0.0,0.0,0.13,8.274,6.0,-2,21.0,55.0,0.12,0.0,0.0,0.0,0.0,47.952,optimal
2021-02-07 00:30:00,10,81,0.0,0.0,0.0,0.1772,7.7175,6.0,-2,20.84625254135151,55.0,0.11733333333333333,0.0,0.0,0.0,0.0,47.904047999999996,optimal
2021-02-07 01:00:00,10,81,0.0,0.0,0.0,0.30406666666666665,6.615,6.0,-2,20.71451575389634,55.0,0.11733333333333333,0.0,0.0,0.0,0.0,47.856143952,optimal
2021-02-07 01:30:00,10,81,0.0,0.0,0.0,0.2556,6.174,6.0,-2,20.59446877453566,55.0,0.11733333333333333,0.0,0.0,0.0,0.0,47.80828780804799,optimal
2021-02-07 02:00:00,10,81,1.87462076311573,0.0,0.0,0.2806,3.906,6.0,-2,20.47449767875457,55.0,0.11733333333333333,6561.1726709050545,0.0,0.0,0.0,47.76047952023995,optimal
2021-02-07 02:30:00,10,81,2.0,0.0,0.0,0.1474,2.3415,6.0,-2,20.856557319113367,55.0,0.11733333333333333,7000.0,0.0,0.0,0.0,47.712719040719705,optimal
2021-02-07 03:00:00,10,81,2.0,0.0,0.0,0.2205,2.205,6.0,-2,21.26071246701398,55.0,0.11733333333333333,7000.0,0.0,0.0,0.0,47.66500632167899,optimal
2021-02-07 03:30:00,10,81,2.0,0.0,1.6176683379385726,0.09516666666666669,0.882,6.0,-2,21.66813911921649,55.0,0.116,7000.0,0.0,0.0,0.0,48.38573377587813,optimal
2021-02-07 04:00:00,10,81,2.0,0.0,0.0,0.16573333333333332,1.5435,6.0,-2,22.05443556798994,55.0,0.112,7000.0,0.0,0.0,0.0,48.33734804210225,optimal
2021-02-07 04:30:00,10,81,2.0,0.0,0.0,0.6105333333333333,1.5435,6.0,-2,22.439113816576697,55.0,0.11133333333333334,7000.0,0.0,0.0,0.0,48.289010694060146,optimal
2021-02-07 05:00:00,10,81,0.0,0.0,0.0,0.217,5.0715,6.0,-2,22.859421036460287,55.0,0.106,0.0,0.0,0.0,0.0,48.240721683366075,optimal
2021-02-07 05:30:00,10,81,0.0,0.0,0.0,0.2843333333333333,5.376,6.0,-2,22.716273469742557,55.0,0.10333333333333333,0.0,0.0,0.0,0.0,48.192480961682705,optimal
2021-02-07 06:00:00,10,81,0.0,0.0,0.0,0.33746666666666664,5.0715,6.0,-2,22.57343932135681,55.0,0.10333333333333333,0.0,0.0,0.0,0.0,48.144288480721016,optimal
2021-02-07 06:30:00,10,81,0.0,0.0,0.0,0.179,5.5125,6.0,-2,22.43675374673832,55.0,0.096,0.0,0.0,0.0,0.0,48.096144192240295,optimal
2021-02-07 07:00:00,10,81,0.0,0.0,0.0,0.5928666666666667,9.261,6.0,-2,22.291300605815813,55.0,0.09266666666666666,0.0,0.0,0.0,0.0,48.048048048048045,optimal
2021-02-07 07:30:00,10,81,0.0,0.0,0.0,0.6876,11.7075,6.0,-2,22.148155002122596,55.0,0.09266666666666666,0.0,0.0,0.0,0.0,48.0,optimal
2021-02-07 08:00:00,10,81,0.0,0.0,0.0,0.051,12.348,6.0,-2,22.0,55.0,0.09266666666666666,0.0,0.0,0.0,0.0,47.80605632093057,optimal
2021-02-07 08:30:00,10,81,0.0,0.0,0.0,0.2516,12.348,6.0,-2,21.822542505479284,55.0,0.09266666666666666,0.0,0.0,0.0,0.0,47.61230658554022,optimal
2021-02-07 09:00:00,10,81,0.0,0.0,0.0,0.1142,12.1275,6.0,-2,21.661500679737085,55.0,0.09266666666666666,0.0,0.0,0.0,0.0,47.41875059988525,optimal
2021-02-07 09:30:00,10,81,0.0,0.0,0.0,0.051,12.5265,6.0,-2,21.490969289538114,55.0,0.09266666666666666,0.0,0.0,0.0,0.0,47.225388170215936,optimal
2021-02-07 10:00:00,10,81,0.0,0.0,0.0,0.20946666666666666,11.7495,6.0,-2,21.317571739672516,55.0,0.09266666666666666,0.0,0.0,0.0,0.0,47.03221910297629,optimal
2021-02-07 10:30:00,10,81,0.0,0.0,0.0,0.164,13.23,6.0,-2,21.15822729857944,55.0,0.09266666666666666,0.0,0.0,0.0,0.0,46.83924320480389,optimal
2021-02-07 11:00:00,10,81,0.0,0.0,0.0,0.051,14.3325,6.0,-2,20.995358276390217,55.0,0.09266666666666666,0.0,0.0,0.0,0.0,46.64646028252967,optimal
2021-02-07 11:30:00,10,81,0.0,0.0,0.0,0.27266666666666667,14.994,6.0,-2,20.825017523930974,55.0,0.09266666666666666,0.0,0.0,0.0,0.0,46.45387014317771,optimal
2021-02-07 12:00:00,10,81,0.0,0.0,0.0,0.09313333333333335,14.8155,6.0,-2,20.673077282527963,55.0,0.09266666666666666,0.0,0.0,0.0,0.0,46.26147259396511,optimal
2021-02-07 12:30:00,10,81,0.0,0.0,0.0,0.5554,14.112,6.0,-2,20.50879809286947,55.0,0.09266666666666666,0.0,0.0,0.0,0.0,46.06926744230172,optimal
2021-02-07 13:00:00,10,81,0.0,0.0,0.0,2.0245,14.007,6.0,-2,20.362632081843667,55.0,0.09266666666666666,0.0,0.0,0.0,0.0,45.87725449579,optimal
2021-02-07 13:30:00,10,81,0.0,0.0,0.0,0.051,13.23,6.0,-2,20.29658103097462,55.0,0.09266666666666666,0.0,0.0,0.0,0.0,45.68543356222478,optimal
2021-02-07 14:00:00,10,81,2.0,0.0,0.0,0.17793333333333333,11.382,6.0,-2,20.13286291277525,55.0,0.09266666666666666,7000.0,0.0,0.0,0.0,45.49380444959313,optimal
2021-02-07 14:30:00,10,81,1.1376137587338295,0.0,0.0,0.18786666666666668,11.7495,6.0,-2,20.514201104700707,55.0,0.09266666666666666,3981.6481555684036,0.0,0.0,0.0,45.30236696607411,optimal
2021-02-07 15:00:00,10,81,0.0,0.0,0.0,0.0783,24.3285,6.0,-2,20.663327684099187,55.0,0.09266666666666666,0.0,0.0,0.0,0.0,45.11112092003861,optimal
2021-02-07 15:30:00,10,81,0.0,0.0,0.0,0.3814333333333333,28.917,6.0,-2,20.4991634460008,55.0,0.09266666666666666,0.0,0.0,0.0,0.0,44.92006612004914,optimal
2021-02-07 16:00:00,10,81,0.0,0.0,0.0,0.5179333333333332,31.3635,6.0,-2,20.372148834467424,55.0,0.09266666666666666,0.0,0.0,0.0,0.0,44.72920237485967,optimal
2021-02-07 16:30:00,10,81,0.0,0.0,0.0,0.3198666666666667,33.306,6.0,-2,20.308688304072405,55.0,0.09066666666666667,0.0,0.0,0.0,0.0,44.53852949341538,optimal
2021-02-07 17:00:00,10,81,0.0,0.0,0.0,0.574,31.3425,6.0,-2,20.230323061102872,55.0,0.09066666666666667,0.0,0.0,0.0,0.0,44.34804728485254,optimal
2021-02-07 17:30:00,10,81,0.0,0.0,0.0,0.334,28.2555,6.0,-2,20.138287476003676,55.0,0.086,0.0,0.0,0.0,0.0,44.30369923756769,optimal
2021-02-07 18:00:00,10,81,0.0,0.0,0.0,0.4152,15.6975,6.0,-2,20.047620111539366,55.0,0.08466666666666667,0.0,0.0,0.0,0.0,44.259395538330125,optimal
2021-02-07 18:30:00,10,81,0.15279022011605425,0.0,0.0,0.38480000000000003,12.5475,6.0,-2,20.0,55.0,0.08333333333333333,534.7657704061899,0.0,0.0,0.0,44.21513614279179,optimal
2021-02-07 19:00:00,10,81,0.15352282753496574,0.0,0.0,0.4703333333333333,12.0855,6.0,-2,20.0,55.0,0.08,537.3298963723801,0.0,0.0,0.0,44.170921006649,optimal
2021-02-07 19:30:00,10,81,0.37415251885253914,0.0,0.0,0.4891333333333333,11.907,6.0,-2,20.0,55.0,0.07933333333333334,1309.5338159838868,0.0,0.0,0.0,44.12675008564236,optimal
2021-02-07 20:00:00,10,81,0.0,0.0,0.0,0.29003333333333337,12.5685,6.0,-2,20.05521164695885,55.0,0.07866666666666666,0.0,0.0,0.0,0.0,44.08262333555671,optimal
2021-02-07 20:30:00,10,81,0.0,0.0,0.0,0.5906333333333333,13.146,6.0,-2,20.0,55.0,0.07866666666666666,0.0,0.0,0.0,0.0,44.038540712221156,optimal
2021-02-07 21:00:00,10,81,0.0,0.0,0.0,0.3173666666666667,10.584,6.0,-2,19.974234748192586,55.0,0.07866666666666666,0.0,0.0,0.0,0.0,43.994502171508934,optimal
2021-02-07 21:30:00,10,81,0.0,0.0,0.0,0.45180000000000003,6.678,6.0,-2,19.924009011832258,55.0,0.07666666666666666,0.0,0.0,0.0,0.0,43.950507669337426,optimal
2021-02-07 22:00:00,10,81,0.0,0.0,0.0,0.3172,7.938,6.0,-2,19.873114789910677,55.0,0.07666666666666666,0.0,0.0,0.0,0.0,43.90655716166809,optimal
2021-02-07 22:30:00,10,81,0.0,0.0,0.0,0.29353333333333337,5.292,6.0,-2,19.77736452811899,55.0,0.07230666666666667,0.0,0.0,0.0,0.0,43.86265060450642,optimal
2021-02-07 23:00:00,10,81,0.0,0.0,0.0,0.17186666666666667,9.261,6.0,-2,19.67743107086384,55.0,0.07230666666666667,0.0,0.0,0.0,0.0,43.81878795390191,optimal
2021-02-07 23:30:00,10,81,0.0,0.0,0.0,0.20253333333333334,10.3635,6.0,-2,19.547286518615852,55.0,0.07230666666666667,0.0,0.0,0.0,0.0,43.77496916594801,optimal
2021-02-08 00:00:00,10,81,0.0,0.0,0.0,0.063,10.143,6.0,3,19.547286518615852,55.0,0.07230666666666667,0.0,0.0,0.0,0.0,43.73119419678206,optimal
2021-02-08 00:30:00,10,81,0.0,0.0,0.0,0.063,11.2455,6.0,3,19.40719739899844,55.0,0.07230666666666667,0.0,0.0,0.0,0.0,43.68746300258528,optimal
2021-02-08 01:00:00,10,81,0.0,0.0,0.0,0.177,11.025,6.0,3,19.268347311385043,55.0,0.07230666666666667,0.0,0.0,0.0,0.0,43.6437755395827,optimal
2021-02-08 01:30:00,10,81,2.0,0.0,0.0,0.081,5.9745,6.0,3,19.139413596439603,55.0,0.096,4524.046666666667,0.0,2475.9533333333325,0.0,43.60013176404311,optimal
2021-02-08 02:00:00,10,81,0.0,0.0,0.0,0.063,7.938,6.0,3,19.34865341514208,55.0,0.096,0.0,0.0,0.0,0.0,43.55653163227907,optimal
2021-02-08 02:30:00,10,81,0.0,0.0,0.0,0.195,8.6835,6.0,3,19.209436665714396,55.0,0.096,0.0,0.0,0.0,0.0,43.51297510064679,optimal
2021-02-08 03:00:00,10,81,0.0,0.0,0.0,0.063,7.665,6.0,3,19.081953598599515,55.0,0.096,0.0,0.0,0.0,0.0,43.469462125546144,optimal
2021-02-08 03:30:00,10,81,2.0,0.0,0.0,0.159,6.7725,6.0,3,18.94598016178457,55.0,0.096,7000.0,0.0,0.0,0.0,43.4259926634206,optimal
2021-02-08 04:00:00,10,81,2.0,0.0,0.0,0.099,5.5755,6.0,3,19.351575656841344,55.0,0.096,7000.0,0.0,0.0,0.0,43.38256667075718,optimal
2021-02-08 04:30:00,10,81,2.0,0.0,5.0,0.063,5.0925,6.0,3,19.7485688035487,55.0,0.096,7000.0,0.0,0.0,0.0,45.71418410408642,optimal
2021-02-08 05:00:00,10,81,2.0,0.0,5.0,0.063,4.1895,6.0,3,20.13842257196694,55.0,0.096,7000.0,0.0,0.0,0.0,48.043469919982336,optimal
2021-02-08 05:30:00,10,81,2.0,0.0,0.0,0.06266666666666666,7.056,6.0,3,20.52394378052604,55.0,0.07733333333333334,7000.0,0.0,0.0,0.0,47.995426450062354,optimal
2021-02-08 06:00:00,10,81,2.0,0.0,0.4144367518078621,2.237333333333333,5.271,6.0,3,20.907188050720155,55.0,0.07533333333333334,7000.0,0.0,0.0,0.0,48.144288480721016,optimal
2021-02-08 06:30:00,10,81,1.7326541166275762,0.0,0.0,2.0731666666666664,7.938,6.0,3,21.31699425461784,55.0,0.07266666666666667,6064.289408196517,0.0,0.0,0.0,48.096144192240295,optimal
2021-02-08 07:00:00,10,81,2.0,0.0,0.0,1.1920666666666666,7.938,6.0,3,21.672623210269755,55.0,0.068,7000.0,0.0,0.0,0.0,48.048048048048045,optimal
2021-02-08 07:30:00,10,81,0.0,0.0,0.0,2.0301333333333327,11.907,6.0,3,22.10576427178629,55.0,0.068,0.0,0.0,0.0,0.0,48.0,optimal
2021-02-08 08:00:00,10,81,0.4925554064758004,0.0,0.0,1.7090333333333334,11.025,6.0,3,22.0,55.0,0.04933333333333333,1723.9439226653014,0.0,0.0,0.0,47.57515742590953,optimal
2021-02-08 08:30:00,10,81,0.4695035249712954,0.0,0.0,0.7595333333333333,11.2875,6.0,3,22.0,55.0,0.04933333333333333,1643.2623373995339,0.0,0.0,0.0,47.15073969439315,optimal
2021-02-08 09:00:00,10,81,0.0,0.0,0.0,0.138,12.936,6.0,3,22.0,55.0,0.048,0.0,0.0,0.0,0.0,46.72674638060829,optimal
2021-02-08 09:30:00,10,81,0.0,0.0,0.0,0.08020000000000001,13.0095,6.0,3,21.85676088266207,55.0,0.046,0.0,0.0,0.0,0.0,46.303177060137216,optimal
2021-02-08 10:00:00,10,81,0.0,0.0,0.0,1.3872666666666669,13.671,6.0,3,21.70265356435379,55.0,0.044,0.0,0.0,0.0,0.0,45.88003130898661,optimal
2021-02-08 10:30:00,10,81,0.0,0.0,0.0,1.864733333333333,13.188,6.0,3,21.57326105220976,55.0,0.044,0.0,0.0,0.0,0.0,45.45730870358715,optimal
2021-02-08 11:00:00,10,81,0.0,0.0,0.0,0.187,13.8495,6.0,3,21.42284959917139,55.0,0.044,0.0,0.0,0.0,0.0,45.035008820793095,optimal
2021-02-08 11:30:00,10,81,0.0,0.0,0.0,0.091,13.23,6.0,3,21.251232180065095,55.0,0.044,0.0,0.0,0.0,0.0,44.61313123788184,optimal
2021-02-08 12:00:00,10,81,0.0,0.0,0.0,0.261,13.3665,6.0,3,21.074700645294406,55.0,0.044,0.0,0.0,0.0,0.0,44.19167553255349,optimal
2021-02-08 12:30:00,10,81,0.0,0.0,0.0,0.289,13.0515,6.0,3,20.921040048023574,55.0,0.044,0.0,0.0,0.0,0.0,43.77064128293047,optimal
2021-02-08 13:00:00,10,81,0.0,0.0,0.0,0.20513333333333333,13.5345,6.0,3,20.777442833600507,55.0,0.04066666666666666,0.0,0.0,0.0,0.0,43.35002806755707,optimal
2021-02-08 13:30:00,10,81,0.0,0.0,0.0,0.9951666666666666,14.154,6.0,3,20.629425870581315,55.0,0.04,0.0,0.0,0.0,0.0,42.929835465399044,optimal
2021-02-08 14:00:00,10,81,0.0,0.0,0.0,1.4122000000000001,14.112,6.0,3,20.49432672475391,55.0,0.04,0.0,0.0,0.0,0.0,42.510063055843176,optimal
2021-02-08 14:30:00,10,81,0.0,0.0,0.0,0.145,14.2485,6.0,3,20.346938724980337,55.0,0.04,0.0,0.0,0.0,0.0,42.090710418696865,optimal
2021-02-08 15:00:00,10,81,0.43355370126089976,0.0,0.0,0.133,12.789,6.0,3,20.187385343630268,55.0,0.04,1517.437954413149,0.0,0.0,0.0,41.6717771341877,optimal
2021-02-08 15:30:00,10,81,0.0,0.0,0.0,0.3242,13.0095,6.0,3,20.142650625950484,55.0,0.03866666666666667,0.0,0.0,0.0,0.0,41.25326278296304,optimal
2021-02-08 16:00:00,10,81,2.0,0.0,0.0,2.0392,12.1275,6.0,3,20.0,55.0,0.03266666666666666,7000.0,0.0,0.0,0.0,40.83516694608961,optimal
2021-02-08 16:30:00,10,81,0.0,0.0,0.0,0.6405666666666667,12.348,6.0,3,20.42566047736249,55.0,0.03,0.0,0.0,0.0,0.0,40.41748920505305,optimal
2021-02-08 17:00:00,10,81,1.4878811506484815,0.0,0.0,1.5694333333333335,12.348,6.0,3,20.336017977993937,55.0,0.024,5207.584027269685,0.0,0.0,0.0,40.00022914175753,optimal
2021-02-08 17:30:00,10,81,0.0,0.0,0.0,0.508,25.389,6.0,3,20.67193595981166,55.0,0.019333333333333334,0.0,0.0,0.0,0.0,39.5833863385253,optimal
2021-02-08 18:00:00,10,81,0.0,0.0,0.0,1.0971333333333335,29.1375,6.0,3,20.587665090322908,55.0,0.012,0.0,0.0,0.0,0.0,39.166960378096306,optimal
2021-02-08 18:30:00,10,81,0.0,0.0,0.0,0.8338666666666666,30.597,6.0,3,20.501699203292183,55.0,0.008,0.0,0.0,0.0,0.0,38.75095084362774,optimal
2021-02-08 19:00:00,10,81,0.0,0.0,0.0,0.3710333333333334,33.684,6.0,3,20.397169744740186,55.0,0.004666666666666667,0.0,0.0,0.0,0.0,38.335357318693646,optimal
2021-02-08 19:30:00,10,81,0.0,0.0,0.0,0.4555,32.445,6.0,3,20.283047331793068,55.0,0.002666666666666666,0.0,0.0,0.0,0.0,37.920179387284485,optimal
2021-02-08 20:00:00,10,81,0.0,0.0,0.0,0.073,28.917,6.0,3,20.17189492331522,55.0,0.002666666666666666,0.0,0.0,0.0,0.0,37.50541663380673,optimal
2021-02-08 20:30:00,10,81,0.0,0.0,0.0,0.073,15.876,6.0,3,20.0,55.0,0.002666666666666666,0.0,0.0,0.0,0.0,37.09106864308246,optimal
2021-02-08 21:00:00,10,81,0.0,0.0,0.0,0.1822666666666667,12.348,6.0,3,19.828740958408908,55.0,0.002666666666666666,0.0,0.0,0.0,0.0,36.67713500034891,optimal
2021-02-08 21:30:00,10,81,0.0,0.0,0.0,0.9018999999999999,12.1275,6.0,3,19.674365899449644,55.0,0.002666666666666666,0.0,0.0,0.0,0.0,36.640457865348566,optimal
2021-02-08 22:00:00,10,81,0.0,0.0,0.0,1.9660666666666664,12.348,6.0,3,19.57549304148766,55.0,0.001333333333333333,0.0,0.0,0.0,0.0,36.60381740748322,optimal
2021-02-08 22:30:00,10,81,0.0,0.0,0.0,2.3248,12.1275,6.0,3,19.47087334836025,55.0,0.0,0.0,0.0,0.0,0.0,36.56721359007574,optimal
2021-02-08 23:00:00,10,81,0.0,0.0,0.0,0.4598666666666667,12.1275,6.0,3,19.369025171414446,55.0,0.0,0.0,0.0,0.0,0.0,36.53064637648566,optimal
2021-02-08 23:30:00,10,81,0.0,0.0,0.0,0.6936666666666667,11.2665,6.0,3,19.267160508786812,55.0,0.0,0.0,0.0,0.0,0.0,36.49411573010918,optimal
2021-02-09 00:00:00,10,81,2.0,0.0,5.0,0.33596666666666664,10.8045,6.0,1,19.267160508786812,55.0,0.0,7000.0,0.0,0.0,0.0,38.83262161437907,optimal
2021-02-09 00:30:00,10,81,2.0,0.0,5.0,1.1078666666666666,10.584,6.0,1,19.686109836247986,55.0,0.06698564593301436,0.0,0.0,7000.0,0.0,41.16878899276469,optimal
2021-02-09 01:00:00,10,81,2.0,0.0,0.7007581730890498,0.5146000000000001,11.2455,6.0,1,19.569553019954828,55.0,0.1339712918660287,0.0,0.0,7000.0,0.0,41.460480335989224,optimal
2021-02-09 01:30:00,10,81,0.0,0.0,0.0,0.4018,12.1275,6.0,1,19.46269349311817,55.0,0.1326379585326954,0.0,0.0,0.0,0.0,41.419019855653225,optimal
2021-02-09 02:00:00,10,81,0.01123809523809524,0.0,0.0,0.22776666666666667,11.823,6.0,1,19.35425859369764,55.0,0.13301435406698564,0.0,0.0,39.333333333333336,0.0,41.377600835797566,optimal
2021-02-09 02:30:00,10,81,2.0,0.0,0.0,0.30656666666666665,11.7705,6.0,1,19.225572249757867,55.0,0.2,0.0,0.0,7000.0,0.0,41.33622323496177,optimal
2021-02-09 03:00:00,10,81,2.0,0.0,5.0,0.0891,11.13,6.0,1,19.104471911201248,55.0,0.2,7000.0,0.0,0.0,0.0,43.6698870117268,optimal
2021-02-09 03:30:00,10,81,2.0,0.0,0.0,0.16256666666666666,11.6865,6.0,1,19.501803134852008,55.0,0.2,7000.0,0.0,0.0,0.0,43.626217124715076,optimal
2021-02-09 04:00:00,10,81,2.0,0.0,5.0,0.23186666666666667,10.7205,6.0,1,19.905673025502377,55.0,0.2,6791.0,0.0,209.0,0.0,45.95759090759036,optimal
2021-02-09 04:30:00,10,81,2.0,0.0,0.0,0.4836666666666667,11.424,6.0,1,20.29162284022198,55.0,0.198,7000.0,0.0,0.0,0.0,45.91163331668277,optimal
2021-02-09 05:00:00,10,81,2.0,0.0,5.0,0.6094666666666667,10.689,6.0,1,20.710400591089297,55.0,0.19733333333333333,7000.0,0.0,0.0,0.0,48.240721683366075,optimal
2021-02-09 05:30:00,10,81,2.0,0.0,0.0,0.2483333333333333,11.361,6.0,1,21.136799308146223,55.0,0.19533333333333333,7000.0,0.0,0.0,0.0,48.192480961682705,optimal
2021-02-09 06:00:00,10,81,2.0,0.0,0.0,1.4176333333333335,11.571,6.0,1,21.533397367714723,55.0,0.19066666666666668,7000.0,0.0,0.0,0.0,48.144288480721016,optimal
2021-02-09 06:30:00,10,81,0.0,0.0,0.0,0.229,14.3745,6.0,1,21.96061516435219,55.0,0.19066666666666668,0.0,0.0,0.0,0.0,48.096144192240295,optimal
2021-02-09 07:00:00,10,81,0.0,0.0,0.0,0.5791666666666666,13.23,6.0,1,21.814747790071944,55.0,0.10328,0.0,0.0,0.0,0.0,48.048048048048045,optimal
2021-02-09 07:30:00,10,81,0.0,0.0,0.0,1.106766666666667,13.9755,6.0,1,21.706003244450123,55.0,0.09933333333333333,0.0,0.0,0.0,0.0,48.0,optimal
2021-02-09 08:00:00,10,81,0.0,0.0,0.0,1.0588333333333333,14.994,6.0,1,21.638442874934587,55.0,0.09466666666666666,0.0,0.0,0.0,0.0,47.838724977016746,optimal
2021-02-09 08:30:00,10,81,0.0,0.0,0.0,0.5225666666666667,13.671,6.0,1,21.499655625354098,55.0,0.092,0.0,0.0,0.0,0.0,47.677611229056474,optimal
2021-02-09 09:00:00,10,81,0.0,0.0,0.0,1.4808,15.981,6.0,1,21.377944999262173,55.0,0.07266666666666667,0.0,0.0,0.0,0.0,47.516658594844166,optimal
2021-02-09 09:30:00,10,81,0.0,0.0,0.0,0.29906666666666665,15.6345,6.0,1,21.263016248172818,55.0,0.07266666666666667,0.0,0.0,0.0,0.0,47.35586691326607,optimal
2021-02-09 10:00:00,10,81,0.0,0.0,0.0,0.32726666666666665,16.5375,6.0,1,21.12525602971954,55.0,0.07133333333333333,0.0,0.0,0.0,0.0,47.19523602336955,optimal
2021-02-09 10:30:00,10,81,0.0,0.0,0.0,0.1746,14.7735,6.0,1,20.97257550028915,55.0,0.07133333333333333,0.0,0.0,0.0,0.0,47.03476576436293,optimal
2021-02-09 11:00:00,10,81,0.0,0.0,0.0,0.2656,15.2145,6.0,1,20.802108706276655,55.0,0.07133333333333333,0.0,0.0,0.0,0.0,46.87445597561531,optimal
2021-02-09 11:30:00,10,81,0.0,0.0,0.0,0.10416666666666669,14.553,6.0,1,20.641351132332716,55.0,0.07133333333333333,0.0,0.0,0.0,0.0,46.71430649665644,optimal
2021-02-09 12:00:00,10,81,0.0,0.0,0.0,0.1394,14.3325,6.0,1,20.47692810622117,55.0,0.07133333333333333,0.0,0.0,0.0,0.0,46.554317167176535,optimal
2021-02-09 12:30:00,10,81,0.0,0.0,0.0,0.11926666666666667,14.595,6.0,1,20.317086813502193,55.0,0.07133333333333333,0.0,0.0,0.0,0.0,46.394487827026104,optimal
2021-02-09 13:00:00,10,81,0.0,0.0,0.0,0.28313333333333335,14.994,6.0,1,20.156682598098577,55.0,0.06866666666666667,0.0,0.0,0.0,0.0,46.23481831621583,optimal
2021-02-09 13:30:00,10,81,0.454076907426221,0.0,0.0,0.2862333333333333,14.3325,6.0,1,20.01721254895663,55.0,0.06866666666666667,1589.2691759917734,0.0,0.0,0.0,46.07530847491636,optimal
2021-02-09 14:00:00,10,81,0.5161109589713276,0.0,0.0,0.224,13.8915,6.0,1,20.0,55.0,0.066,1806.3883563996465,0.0,0.0,0.0,45.91595814345819,optimal
2021-02-09 14:30:00,10,81,0.6089593039333715,0.0,0.0,0.079,13.8915,6.0,1,20.0,55.0,0.066,2131.3575637668005,0.0,0.0,0.0,45.75676716233148,optimal
2021-02-09 15:00:00,10,81,2.0,0.0,0.0,0.1827,13.4715,6.0,1,20.0,55.0,0.066,7000.0,0.0,0.0,0.0,45.597735372185895,optimal
2021-02-09 15:30:00,10,81,2.0,0.0,0.0,0.3103,13.23,6.0,1,20.383012234197746,55.0,0.066,7000.0,0.0,0.0,0.0,45.43886261383046,optimal
2021-02-09 16:00:00,10,81,0.39690956750645123,0.0,0.0,0.3566666666666667,13.8915,6.0,1,20.78686758067193,55.0,0.066,1389.1834862725793,0.0,0.0,0.0,45.28014872823338,optimal
2021-02-09 16:30:00,10,81,0.0,0.0,0.0,0.5931666666666666,26.9325,6.0,1,20.77353332235214,55.0,0.058666666666666666,0.0,0.0,0.0,0.0,45.121593556521894,optimal
2021-02-09 17:00:00,10,81,0.0,0.0,0.0,1.5109666666666668,30.303,6.0,1,20.675713650706395,55.0,0.05733333333333333,0.0,0.0,0.0,0.0,44.96319693998212,optimal
2021-02-09 17:30:00,10,81,0.0,0.0,0.0,0.26503333333333334,32.886,6.0,1,20.61331888470488,55.0,0.05466666666666667,0.0,0.0,0.0,0.0,44.804958720058885,optimal
2021-02-09 18:00:00,10,81,0.0,0.0,0.0,0.1941,34.9965,6.0,1,20.49228337284096,55.0,0.05333333333333334,0.0,0.0,0.0,0.0,44.646878738355575,optimal
2021-02-09 18:30:00,10,81,0.0,0.0,0.0,0.577,33.327,6.0,1,20.359615789954628,55.0,0.052,0.0,0.0,0.0,0.0,44.60223185961722,optimal
2021-02-09 19:00:00,10,81,0.0,0.0,0.0,1.3619666666666668,31.122,6.0,1,20.256983713111463,55.0,0.050666666666666665,0.0,0.0,0.0,0.0,44.5576296277576,optimal
2021-02-09 19:30:00,10,81,0.0,0.0,0.0,1.0407,17.9025,6.0,1,20.164951341987567,55.0,0.028666666666666667,0.0,0.0,0.0,0.0,44.51307199812984,optimal
2021-02-09 20:00:00,10,81,0.0,0.0,0.0,0.4678,15.6555,6.0,1,20.078542010160085,55.0,0.025333333333333333,0.0,0.0,0.0,0.0,44.468558926131706,optimal
2021-02-09 20:30:00,10,81,0.0,0.0,0.0,0.5823333333333334,14.553,6.0,1,20.0,55.0,0.021333333333333333,0.0,0.0,0.0,0.0,44.42409036720557,optimal
2021-02-09 21:00:00,10,81,0.0,0.0,0.0,0.3563,14.3325,6.0,1,19.925813046874772,55.0,0.019333333333333334,0.0,0.0,0.0,0.0,44.379666276838364,optimal
2021-02-09 21:30:00,10,81,0.0,0.0,0.0,0.4543666666666667,13.335,6.0,1,19.832105698336996,55.0,0.018666666666666668,0.0,0.0,0.0,0.0,44.335286610561525,optimal
2021-02-09 22:00:00,10,81,1.2739047619047619,0.0,0.0,0.5711333333333333,12.1275,6.0,1,19.74148990975983,55.0,0.0,0.0,0.0,4458.666666666667,0.0,44.290951323950964,optimal
2021-02-09 22:30:00,10,81,0.0,0.0,0.0,0.6584666666666666,12.2955,6.0,1,19.655917339067994,55.0,0.0,0.0,0.0,0.0,0.0,44.24666037262701,optimal
2021-02-09 23:00:00,10,81,0.0,0.0,0.0,0.40123333333333333,11.6865,6.0,1,19.571556555510856,55.0,0.0,0.0,0.0,0.0,0.0,44.20241371225438,optimal
2021-02-09 23:30:00,10,81,0.5374285714285714,0.0,0.0,0.5595,11.466,6.0,1,19.46889389554949,55.0,0.0,0.0,0.0,1880.9999999999998,0.0,44.15821129854213,optimal
2021-02-10 00:00:00,10,81,2.0,0.0,0.0,0.29419999999999996,11.844,6.0,-4,19.46889389554949,55.0,0.0,7000.0,0.0,0.0,0.0,44.11405308724358,optimal
2021-02-10 00:30:00,10,81,2.0,0.0,0.0,0.6287,11.508,6.0,-4,19.875985359335957,55.0,0.06698564593301436,0.0,0.0,7000.0,0.0,44.06993903415634,optimal
2021-02-10 01:00:00,10,81,2.0,0.0,0.0,0.20416666666666664,11.508,6.0,-4,19.77647160815471,55.0,0.1339712918660287,0.0,0.0,7000.0,0.0,44.02586909512218,optimal
2021-02-10 01:30:00,10,81,2.0,0.0,5.0,0.1325,10.4475,6.0,-4,19.63552408650628,55.0,0.14533333333333334,5812.666666666667,0.0,1187.3333333333333,0.0,46.35684322602706,optimal
2021-02-10 02:00:00,10,81,2.0,0.0,0.0,0.061,10.8675,6.0,-4,19.92406958754564,55.0,0.14533333333333334,7000.0,0.0,0.0,0.0,46.31048638280103,optimal
2021-02-10 02:30:00,10,81,2.0,0.0,4.874917139604386,0.171,10.542,6.0,-4,20.29421973585411,55.0,0.14533333333333334,7000.0,0.0,0.0,0.0,48.579761537730306,optimal
2021-02-10 03:00:00,10,81,2.0,0.0,0.0,0.061,11.025,6.0,-4,20.669479501544753,55.0,0.14533333333333334,7000.0,0.0,0.0,0.0,48.53118177619257,optimal
2021-02-10 03:30:00,10,81,2.0,0.0,0.0,0.061,11.025,6.0,-4,21.03303679851632,55.0,0.14533333333333334,7000.0,0.0,0.0,0.0,48.48265059441637,optimal
2021-02-10 04:00:00,10,81,1.3343239137954501,0.0,0.0,0.061,14.553,6.0,-4,21.39337857719874,55.0,0.14533333333333334,4670.133698284076,0.0,0.0,0.0,48.434167943821954,optimal
2021-02-10 04:30:00,10,81,2.0,0.0,0.0,0.17833333333333334,13.0935,6.0,-4,21.57296682140552,55.0,0.14533333333333334,7000.0,0.0,0.0,0.0,48.38573377587813,optimal
2021-02-10 05:00:00,10,81,0.0,0.0,0.0,0.061,15.6345,6.0,-4,21.936032122821526,55.0,0.14533333333333334,0.0,0.0,0.0,0.0,48.33734804210225,optimal
2021-02-10 05:30:00,10,81,0.0,0.0,0.0,0.061,18.102,6.0,-4,21.753126282123993,55.0,0.14533333333333334,0.0,0.0,0.0,0.0,48.289010694060146,optimal
2021-02-10 06:00:00,10,81,0.0,0.0,0.0,0.16566666666666666,17.199,6.0,-4,21.570953710292915,55.0,0.13232,0.0,0.0,0.0,0.0,48.240721683366075,optimal
2021-02-10 06:30:00,10,81,0.0,0.0,0.0,0.4333,18.2805,6.0,-4,21.400101550080834,55.0,0.128,0.0,0.0,0.0,0.0,48.192480961682705,optimal
2021-02-10 07:00:00,10,81,0.0,0.0,0.0,0.3387,17.4615,6.0,-4,21.26492255861705,55.0,0.098,0.0,0.0,0.0,0.0,48.144288480721016,optimal
2021-02-10 07:30:00,10,81,0.0,0.0,0.0,0.3227,18.3225,6.0,-4,21.14421627678001,55.0,0.094,0.0,0.0,0.0,0.0,48.096144192240295,optimal
2021-02-10 08:00:00,10,81,0.0,0.0,0.0,0.48810000000000003,17.094,6.0,-4,21.035074491457205,55.0,0.09,0.0,0.0,0.0,0.0,48.048048048048045,optimal
2021-02-10 08:30:00,10,81,0.0,0.0,0.0,0.338,17.094,6.0,-4,20.936950342749892,55.0,0.05333333333333334,0.0,0.0,0.0,0.0,48.0,optimal
2021-02-10 09:00:00,10,81,0.0,0.0,0.0,0.239,17.094,6.0,-4,20.82524736396306,55.0,0.05333333333333334,0.0,0.0,0.0,0.0,47.607499948597706,optimal
2021-02-10 09:30:00,10,81,0.0,0.0,0.0,0.2484333333333333,17.3565,6.0,-4,20.701983366322352,55.0,0.050666666666666665,0.0,0.0,0.0,0.0,47.215392397246816,optimal
2021-02-10 10:00:00,10,81,0.0,0.0,0.0,1.3746333333333334,17.115,6.0,-4,20.58075794730936,55.0,0.04933333333333333,0.0,0.0,0.0,0.0,46.823676953447276,optimal
2021-02-10 10:30:00,10,81,0.0,0.0,0.0,2.6833666666666667,17.241,6.0,-4,20.485012762297963,55.0,0.04733333333333333,0.0,0.0,0.0,0.0,46.43235322509154,optimal
2021-02-10 11:00:00,10,81,0.0,0.0,0.0,0.28113333333333335,17.094,6.0,-4,20.432585781402622,55.0,0.04666666666666667,0.0,0.0,0.0,0.0,46.041420820464154,optimal
2021-02-10 11:30:00,10,81,2.0,0.0,0.0,0.8871,16.5165,6.0,-4,20.306576923266462,55.0,0.044,7000.0,0.0,0.0,0.0,45.650879348241396,optimal
2021-02-10 12:00:00,10,81,0.0,0.0,0.0,1.1688,17.8185,6.0,-4,20.737460252767363,55.0,0.024666666666666667,0.0,0.0,0.0,0.0,45.26072841749086,optimal
2021-02-10 12:30:00,10,81,0.0,0.0,0.0,0.35656666666666664,17.094,6.0,-4,20.647620326476492,55.0,0.024666666666666667,0.0,0.0,0.0,0.0,44.87096763767108,optimal
2021-02-10 13:00:00,10,81,2.0,0.0,0.0,0.1222,16.8945,6.0,-4,20.507354170695383,55.0,0.021333333333333333,7000.0,0.0,0.0,0.0,44.481596618631116,optimal
2021-02-10 13:30:00,10,81,0.0,0.0,0.0,0.3798666666666667,18.123,6.0,-4,20.88587028367851,55.0,0.018,0.0,0.0,0.0,0.0,44.09261497061019,optimal
2021-02-10 14:00:00,10,81,0.0,0.0,0.0,0.32866666666666666,31.647,6.0,-4,20.752763671278466,55.0,0.018,0.0,0.0,0.0,0.0,43.70402230423729,optimal
2021-02-10 14:30:00,10,81,0.0,0.0,0.0,0.3895,34.9965,6.0,-4,20.61428077598047,55.0,0.018,0.0,0.0,0.0,0.0,43.31581823053076,optimal
2021-02-10 15:00:00,10,81,0.0,0.0,0.0,0.4225,34.9965,6.0,-4,20.48917870412837,55.0,0.018,0.0,0.0,0.0,0.0,42.928002360897935,optimal
2021-02-10 15:30:00,10,81,0.0,0.0,0.0,0.3565,34.9965,6.0,-4,20.374694506736923,55.0,0.017333333333333333,0.0,0.0,0.0,0.0,42.54057430713475,optimal
2021-02-10 16:00:00,10,81,0.0,0.0,0.0,0.6718,34.9965,6.0,-4,20.260531102305144,55.0,0.015333333333333332,0.0,0.0,0.0,0.0,42.15353368142532,optimal
2021-02-10 16:30:00,10,81,0.0,0.0,0.0,0.46973333333333334,34.9965,6.0,-4,20.179787559324538,55.0,0.015333333333333332,0.0,0.0,0.0,0.0,41.7668800963416,optimal
2021-02-10 17:00:00,10,81,0.0,0.0,0.0,2.725033333333333,27.741,6.0,-4,20.082916819714523,55.0,0.012666666666666666,0.0,0.0,0.0,0.0,41.38061316484297,optimal
2021-02-10 17:30:00,10,81,0.0,0.0,0.0,1.0471666666666668,19.026,6.0,-4,20.106700519613472,55.0,0.009333333333333334,0.0,0.0,0.0,0.0,40.99473250027584,optimal
2021-02-10 18:00:00,10,81,0.0,0.0,0.0,1.3081666666666667,18.7215,6.0,-4,20.061157363891542,55.0,0.002666666666666666,0.0,0.0,0.0,0.0,40.60923771637327,optimal
2021-02-10 18:30:00,10,81,0.39014605679641645,0.0,0.0,0.4081666666666667,17.4195,6.0,-4,20.0,55.0,0.002666666666666666,1365.5111987874577,0.0,0.0,0.0,40.224128427254605,optimal
2021-02-10 19:00:00,10,81,0.5194756736355906,0.0,0.0,0.3253333333333333,16.758,6.0,-4,20.0,55.0,0.002666666666666666,1818.1648577245667,0.0,0.0,0.0,39.83940424742506,optimal
2021-02-10 19:30:00,10,81,0.43733073177911913,0.0,0.0,0.5648,14.217,6.0,-4,20.0,55.0,0.0,1530.6575612269169,0.0,0.0,0.0,39.45506479177534,optimal
2021-02-10 20:00:00,10,81,0.28624483754170255,0.0,0.0,1.7543333333333333,13.3665,6.0,-4,20.0,55.0,0.0,1001.8569313959589,0.0,0.0,0.0,39.41560972698357,optimal
2021-02-10 20:30:00,10,81,0.05971428571428571,0.0,0.0,1.9745666666666664,12.789,6.0,-4,20.0,55.0,0.0,0.0,0.0,209.0,0.0,39.37619411725658,optimal
2021-02-10 21:00:00,10,81,0.0398095238095238,0.0,0.0,0.5259666666666667,11.907,6.0,-4,19.95959081051195,55.0,0.0,0.0,0.0,139.33333333333331,0.0,39.33681792313932,optimal
2021-02-10 21:30:00,10,81,0.0,0.0,0.0,0.6182666666666666,11.7075,6.0,-4,19.876340199333043,55.0,0.0,0.0,0.0,0.0,0.0,39.297481105216185,optimal
2021-02-10 22:00:00,10,81,0.0,0.0,0.0,0.0985,10.8045,6.0,-4,19.783671239470763,55.0,0.0,0.0,0.0,0.0,0.0,39.25818362411097,optimal
2021-02-10 22:30:00,10,81,0.0,0.0,0.0,0.115,11.508,6.0,-4,19.599997218035195,55.0,0.0,0.0,0.0,0.0,0.0,39.218925440486856,optimal
2021-02-10 23:00:00,10,81,0.0,0.0,0.0,0.137,11.508,6.0,-4,19.416994086974427,55.0,0.0,0.0,0.0,0.0,0.0,39.17970651504637,optimal
2021-02-10 23:30:00,10,81,0.0,0.0,0.0,0.071,11.508,6.0,-4,19.235075084872207,55.0,0.0,0.0,0.0,0.0,0.0,39.14052680853132,optimal
2021-02-11 00:00:00,10,81,2.0,0.0,0.0,0.056,11.2455,6.0,1,19.235075084872207,55.0,0.0,7000.0,0.0,0.0,0.0,39.10138628172279,optimal
2021-02-11 00:30:00,10,81,2.0,0.0,0.0,0.056,11.025,6.0,1,19.584622559135905,55.0,0.06698564593301436,0.0,0.0,7000.0,0.0,39.06228489544107,optimal
2021-02-11 01:00:00,10,81,0.9443752508413472,0.0,0.0,0.18506666666666663,12.0855,6.0,1,19.39847081751342,55.0,0.09861543902339441,0.0,0.0,3305.3133779447153,0.0,39.02322261054562,optimal
2021-02-11 01:30:00,10,81,2.0,0.0,0.0,0.056,11.6865,6.0,1,19.224686550699992,55.0,0.12,4765.313377944716,0.0,2234.686622055284,0.0,38.98419938793508,optimal
2021-02-11 02:00:00,10,81,2.0,0.0,0.0,0.13226666666666667,11.2245,6.0,1,19.405782314360273,55.0,0.12,7000.0,0.0,0.0,0.0,38.945215188547145,optimal
2021-02-11 02:30:00,10,81,2.0,0.0,0.0,0.1088,11.025,6.0,1,19.76140139452567,55.0,0.12,7000.0,0.0,0.0,0.0,38.9062699733586,optimal
2021-02-11 03:00:00,10,81,2.0,0.0,5.0,0.056,10.7835,6.0,1,20.11120223825173,55.0,0.12,7000.0,0.0,0.0,0.0,41.24236370338524,optimal
2021-02-11 03:30:00,10,81,2.0,0.0,0.0,0.1792,11.025,6.0,1,20.45300071969152,55.0,0.12,7000.0,0.0,0.0,0.0,41.201121339681855,optimal
2021-02-11 04:00:00,10,81,2.0,0.0,5.0,0.06186666666666667,10.584,6.0,1,20.803376740837727,55.0,0.12,7000.0,0.0,0.0,0.0,43.53492021834217,optimal
2021-02-11 04:30:00,10,81,2.0,0.0,4.689224245766498,0.056,11.025,6.0,1,21.143922633140676,55.0,0.12,7000.0,0.0,0.0,0.0,45.71876681486292,optimal
2021-02-11 05:00:00,10,81,2.0,0.0,5.0,0.056,10.4265,6.0,1,21.481009416625184,55.0,0.12,7000.0,0.0,0.0,0.0,48.048048048048045,optimal
2021-02-11 05:30:00,10,81,2.0,0.0,0.0,0.17633333333333334,12.789,6.0,1,21.815114802881926,55.0,0.11266666666666666,7000.0,0.0,0.0,0.0,48.0,optimal
2021-02-11 06:00:00,10,81,2.0,0.0,0.0,0.0846,12.684,6.0,1,22.163515706233778,55.0,0.10333333333333333,7000.0,0.0,0.0,0.0,47.47798197327871,optimal
2021-02-11 06:30:00,10,81,0.0,0.0,0.0,0.13666666666666666,16.254,6.0,1,22.50792917516851,55.0,0.09666666666666666,0.0,0.0,0.0,0.0,46.95648596458414,optimal
2021-02-11 07:00:00,10,81,0.0,0.0,0.0,0.15563333333333332,17.64,6.0,1,22.32710267442999,55.0,0.09,0.0,0.0,0.0,0.0,46.435511451898265,optimal
2021-02-11 07:30:00,10,81,0.0,0.0,0.0,0.081,19.1625,6.0,1,22.161312858461365,55.0,0.08800000000000001,0.0,0.0,0.0,0.0,45.91505791372508,optimal
2021-02-11 08:00:00,10,81,0.0,0.0,0.0,0.201,26.46,6.0,1,22.0,55.0,0.08733333333333335,0.0,0.0,0.0,0.0,45.395124829090065,optimal
2021-02-11 08:30:00,10,81,0.0,0.0,0.0,0.2723,20.79,6.0,1,21.83330062700434,55.0,0.08733333333333335,0.0,0.0,0.0,0.0,44.875711677539684,optimal
2021-02-11 09:00:00,10,81,0.0,0.0,0.0,0.064,29.106,6.0,1,21.66638821100048,55.0,0.08733333333333335,0.0,0.0,0.0,0.0,44.35681793914085,optimal
2021-02-11 09:30:00,10,81,0.0,0.0,0.0,0.10506666666666667,19.1835,6.0,1,21.47938317028692,55.0,0.08733333333333335,0.0,0.0,0.0,0.0,43.838443094480425,optimal
2021-02-11 10:00:00,10,81,0.0,0.0,0.0,0.152,19.6665,6.0,1,21.305038602375234,55.0,0.08600000000000001,0.0,0.0,0.0,0.0,43.32058662466466,optimal
2021-02-11 10:30:00,10,81,0.0,0.0,0.0,0.16086666666666669,19.404,6.0,1,21.153886975850256,55.0,0.08533333333333334,0.0,0.0,0.0,0.0,42.8032480113187,optimal
2021-02-11 11:00:00,10,81,0.0,0.0,0.0,0.18106666666666663,19.047,6.0,1,20.997161940984686,55.0,0.08533333333333334,0.0,0.0,0.0,0.0,42.286426736586094,optimal
2021-02-11 11:30:00,10,81,0.0,0.0,0.0,0.2062,18.858,6.0,1,20.837769267937038,55.0,0.08466666666666668,0.0,0.0,0.0,0.0,41.77012228312822,optimal
2021-02-11 12:00:00,10,81,0.0,0.0,0.0,0.177,19.2675,6.0,1,20.688386107214413,55.0,0.08466666666666668,0.0,0.0,0.0,0.0,41.2543341341238,optimal
2021-02-11 12:30:00,10,81,0.0,0.0,0.0,0.5317000000000001,18.963,6.0,1,20.538584349433055,55.0,0.08466666666666668,0.0,0.0,0.0,0.0,40.73906177326839,optimal
2021-02-11 13:00:00,10,81,0.0,0.0,0.0,0.14226666666666668,18.438,6.0,1,20.417231257801348,55.0,0.08466666666666668,0.0,0.0,0.0,0.0,40.224304684773834,optimal
2021-02-11 13:30:00,10,81,0.0,0.0,0.0,0.07186666666666666,18.7425,6.0,1,20.264274308105993,55.0,0.08466666666666668,0.0,0.0,0.0,0.0,39.71006235336777,optimal
2021-02-11 14:00:00,10,81,2.0,0.0,0.0,0.18919999999999998,15.2145,6.0,1,20.108189255096608,55.0,0.08466666666666668,7000.0,0.0,0.0,0.0,39.196334264293114,optimal
2021-02-11 14:30:00,10,81,0.0,0.0,0.0,0.066,17.7765,6.0,1,20.496803584089005,55.0,0.08466666666666668,0.0,0.0,0.0,0.0,38.68311990330753,optimal
2021-02-11 15:00:00,10,81,0.4088840206437183,0.0,0.0,0.066,16.758,6.0,1,20.33600363686264,55.0,0.08466666666666668,1431.094072253014,0.0,0.0,0.0,38.17041875668293,optimal
2021-02-11 15:30:00,10,81,2.0,0.0,0.0,0.066,16.422,6.0,1,20.282598476901022,55.0,0.08466666666666668,7000.0,0.0,0.0,0.0,37.65823031120495,optimal
2021-02-11 16:00:00,10,81,2.0,0.0,0.0,0.17243333333333333,16.758,6.0,1,20.643918253644358,55.0,0.08466666666666668,7000.0,0.0,0.0,0.0,37.14655405417246,optimal
2021-02-11 16:30:00,10,81,0.0,0.0,0.0,0.3745333333333334,29.358,6.0,1,21.006702086695384,55.0,0.03333333333333333,0.0,0.0,0.0,0.0,36.635389473397,optimal
2021-02-11 17:00:00,10,81,0.0,0.0,0.0,0.7582000000000001,34.9965,6.0,1,20.86027431292222,55.0,0.02666666666666667,0.0,0.0,0.0,0.0,36.12473605720231,optimal
2021-02-11 17:30:00,10,81,0.0,0.0,0.0,1.223266666666667,34.65,6.0,1,20.741157818746455,55.0,0.024,0.0,0.0,0.0,0.0,35.61459329442382,optimal
2021-02-11 18:00:00,10,81,0.0,0.0,0.0,0.3226,34.9965,6.0,1,20.61226627894366,55.0,0.020666666666666667,0.0,0.0,0.0,0.0,35.104960674408105,optimal
2021-02-11 18:30:00,10,81,0.0,0.0,0.0,0.18109999999999998,34.9965,6.0,1,20.46466352579038,55.0,0.012666666666666666,0.0,0.0,0.0,0.0,35.069855713733695,optimal
2021-02-11 19:00:00,10,81,0.0,0.0,0.0,0.4589666666666666,30.4815,6.0,1,20.30511915433744,55.0,0.012,0.0,0.0,0.0,0.0,35.03478585801996,optimal
2021-02-11 19:30:00,10,81,0.0,0.0,0.0,0.30789999999999995,21.4305,6.0,1,20.15427009864475,55.0,0.011333333333333334,0.0,0.0,0.0,0.0,34.99975107216194,optimal
2021-02-11 20:00:00,10,81,0.5247152573480627,0.0,0.0,1.6441,14.3325,6.0,1,20.0,55.0,0.011333333333333334,1836.5034007182194,0.0,0.0,0.0,34.96475132108978,optimal
2021-02-11 20:30:00,10,81,0.0,0.0,0.0,0.2064,13.692,6.0,1,20.0,55.0,0.011333333333333334,0.0,0.0,0.0,0.0,34.92978656976869,optimal
2021-02-11 21:00:00,10,81,0.0,0.0,0.0,0.3737,14.007,6.0,1,19.829580913579097,55.0,0.009333333333333334,0.0,0.0,0.0,0.0,34.89485678319892,optimal
2021-02-11 21:30:00,10,81,0.0,0.0,0.0,0.29233333333333333,12.873,6.0,1,19.664469490599974,55.0,0.002666666666666666,0.0,0.0,0.0,0.0,34.85996192641572,optimal
2021-02-11 22:00:00,10,81,0.0,0.0,0.0,0.26439999999999997,12.684,6.0,1,19.511849842834984,55.0,0.002666666666666666,0.0,0.0,0.0,0.0,34.825101964489306,optimal
2021-02-11 22:30:00,10,81,0.0,0.0,0.0,0.157,12.306,6.0,1,19.347609423334642,55.0,0.0,0.0,0.0,0.0,0.0,34.79027686252482,optimal
2021-02-11 23:00:00,10,81,0.0,0.0,0.0,0.297,10.6365,6.0,1,19.183868180623907,55.0,0.0,0.0,0.0,0.0,0.0,34.7554865856623,optimal
2021-02-11 23:30:00,10,81,0.0,0.0,0.0,0.065,11.2455,6.0,1,18.996889940118336,55.0,0.0,0.0,0.0,0.0,0.0,34.72073109907664,optimal
2021-02-12 00:00:00,10,81,2.0,0.0,0.0,0.054,11.025,6.0,-2,18.996889940118336,55.0,0.0,7000.0,0.0,0.0,0.0,34.68601036797756,optimal
2021-02-12 00:30:00,10,81,2.0,0.0,5.0,0.12,10.3635,6.0,-2,19.32014227433708,55.0,0.06698564593301436,0.0,0.0,7000.0,0.0,37.02632435760958,optimal
2021-02-12 01:00:00,10,81,2.0,0.0,0.0,0.15933333333333335,10.8045,6.0,-2,19.112073570859046,55.0,0.12066666666666667,1390.333333333333,0.0,5609.666666666667,0.0,36.98929803325197,optimal
2021-02-12 01:30:00,10,81,2.0,0.0,5.0,0.054,10.059,6.0,-2,19.014804555438584,55.0,0.12066666666666667,7000.0,0.0,0.0,0.0,39.327308735218715,optimal
2021-02-12 02:00:00,10,81,2.0,0.0,4.531592264361833,0.17033333333333334,10.584,6.0,-2,19.338782901919792,55.0,0.12066666666666667,7000.0,0.0,0.0,0.0,41.44048775205536,optimal
2021-02-12 02:30:00,10,81,2.0,0.0,5.0,0.109,9.4185,6.0,-2,19.669646379968814,55.0,0.12066666666666667,7000.0,0.0,0.0,0.0,43.7740472643033,optimal
2021-02-12 03:00:00,10,81,2.0,0.0,5.0,0.05926666666666667,10.3635,6.0,-2,19.99556247625197,55.0,0.12066666666666667,7000.0,0.0,0.0,0.0,46.10527321703899,optimal
2021-02-12 03:30:00,10,81,2.0,0.0,5.0,0.15406666666666666,9.8385,6.0,-2,20.317459020945115,55.0,0.12066666666666667,7000.0,0.0,0.0,0.0,48.434167943821954,optimal
2021-02-12 04:00:00,10,81,2.0,0.0,0.0,0.054,11.067,6.0,-2,20.64992474572939,55.0,0.12066666666666667,7000.0,0.0,0.0,0.0,48.38573377587813,optimal
2021-02-12 04:30:00,10,81,2.0,0.0,0.0,0.196,10.8465,6.0,-2,20.978014767434363,55.0,0.12066666666666667,7000.0,0.0,0.0,0.0,48.33734804210225,optimal
2021-02-12 05:00:00,10,81,0.0,0.0,0.0,0.08333333333333333,13.671,6.0,-2,21.320216451219608,55.0,0.12066666666666667,0.0,0.0,0.0,0.0,48.289010694060146,optimal
2021-02-12 05:30:00,10,81,0.4358443349144278,0.0,0.0,0.15933333333333335,12.348,6.0,-2,21.123503966861264,55.0,0.12066666666666667,1525.4551722004974,0.0,0.0,0.0,48.240721683366075,optimal
2021-02-12 06:00:00,10,81,0.0,0.0,0.0,0.29846666666666666,14.3325,6.0,-2,21.05765895168675,55.0,0.11733333333333333,0.0,0.0,0.0,0.0,48.192480961682705,optimal
2021-02-12 06:30:00,10,81,0.0,0.0,0.0,0.13646666666666668,15.393,6.0,-2,20.89829736337403,55.0,0.11266666666666666,0.0,0.0,0.0,0.0,48.144288480721016,optimal
2021-02-12 07:00:00,10,81,0.0,0.0,0.0,2.4280666666666666,13.587,6.0,-2,20.733420416441483,55.0,0.10630666666666666,0.0,0.0,0.0,0.0,48.096144192240295,optimal
2021-02-12 07:30:00,10,81,0.0,0.0,0.0,1.1670666666666667,16.1385,6.0,-2,20.665793676620453,55.0,0.10266666666666667,0.0,0.0,0.0,0.0,48.048048048048045,optimal
2021-02-12 08:00:00,10,81,0.0,0.0,0.0,0.7235333333333333,14.595,6.0,-2,20.56870133700823,55.0,0.06646666666666666,0.0,0.0,0.0,0.0,48.0,optimal
2021-02-12 08:30:00,10,81,0.0,0.0,0.0,0.4899666666666666,14.637,6.0,-2,20.419587061540312,55.0,0.04133333333333333,0.0,0.0,0.0,0.0,47.79813757911698,optimal
2021-02-12 09:00:00,10,81,0.0,0.0,0.0,0.6407999999999999,13.9125,6.0,-2,20.26409359304041,55.0,0.03666666666666667,0.0,0.0,0.0,0.0,47.59647702065485,optimal
2021-02-12 09:30:00,10,81,0.0,0.0,0.0,0.15853333333333333,13.3665,6.0,-2,20.144001518974832,55.0,0.030666666666666665,0.0,0.0,0.0,0.0,47.39501812275118,optimal
2021-02-12 10:00:00,10,81,0.7602223918696213,0.0,0.0,0.32413333333333333,13.0095,6.0,-2,20.0,55.0,0.029333333333333333,2660.7783715436744,0.0,0.0,0.0,47.19376068374542,optimal
2021-02-12 10:30:00,10,81,0.0,0.0,0.0,0.4304666666666666,13.8915,6.0,-2,20.09688552665136,55.0,0.009333333333333334,0.0,0.0,0.0,0.0,46.992704502178654,optimal
2021-02-12 11:00:00,10,81,0.24304955880587834,0.0,0.0,1.3228,13.188,6.0,-2,20.0,55.0,0.007333333333333333,850.6734558205742,0.0,0.0,0.0,46.79184937679346,optimal
2021-02-12 11:30:00,10,81,0.42335930908193303,0.0,0.0,0.23333333333333328,12.5685,6.0,-2,20.0,55.0,0.007333333333333333,1481.7575817867655,0.0,0.0,0.0,46.59119510653365,optimal
2021-02-12 12:00:00,10,81,0.47442524068117103,0.0,0.0,0.15073333333333333,12.285,6.0,-2,20.0,55.0,0.006666666666666667,1660.4883423840986,0.0,0.0,0.0,46.390741490544094,optimal
2021-02-12 12:30:00,10,81,2.0,0.0,0.0,1.6253333333333333,11.487,6.0,-2,20.0,55.0,0.005333333333333333,7000.0,0.0,0.0,0.0,46.19048832817054,optimal
2021-02-12 13:00:00,10,81,0.0,0.0,0.0,0.4393,11.802,6.0,-2,20.434685846880498,55.0,0.004,0.0,0.0,0.0,0.0,45.99043541895935,optimal
2021-02-12 13:30:00,10,81,2.0,0.0,0.0,0.2542666666666667,11.2245,6.0,-2,20.318739558274537,55.0,0.004,7000.0,0.0,0.0,0.0,45.79058256265738,optimal
2021-02-12 14:00:00,10,81,2.0,0.0,0.0,0.3710333333333334,11.025,6.0,-2,20.724411119318198,55.0,0.004,7000.0,0.0,0.0,0.0,45.5909295592117,optimal
2021-02-12 14:30:00,10,81,1.117270993234819,0.0,0.0,0.41356666666666664,11.907,6.0,-2,21.138984608690134,55.0,0.004,3910.4484763218666,0.0,0.0,0.0,45.391476208769475,optimal
2021-02-12 15:00:00,10,81,0.0,0.0,0.0,0.064,25.83,6.0,-2,21.29864530933242,55.0,0.004,0.0,0.0,0.0,0.0,45.19222231167769,optimal
2021-02-12 15:30:00,10,81,0.0,0.0,0.0,0.16913333333333333,28.035,6.0,-2,21.121367482838387,55.0,0.004,0.0,0.0,0.0,0.0,44.993167668483,optimal
2021-02-12 16:00:00,10,81,0.0,0.0,0.0,0.13019999999999998,28.119,6.0,-2,20.95234346054916,55.0,0.004,0.0,0.0,0.0,0.0,44.7943120799315,optimal
2021-02-12 16:30:00,10,81,0.0,0.0,0.0,0.11156666666666666,30.156,6.0,-2,20.780520458542654,55.0,0.004,0.0,0.0,0.0,0.0,44.595655346968556,optimal
2021-02-12 17:00:00,10,81,0.0,0.0,0.0,0.064,29.1585,6.0,-2,20.614120654032142,55.0,0.004,0.0,0.0,0.0,0.0,44.39719727073857,optimal
2021-02-12 17:30:00,10,81,0.0,0.0,0.0,0.5297999999999999,26.712,6.0,-2,20.434937020303945,55.0,0.0006666666666666665,0.0,0.0,0.0,0.0,44.19893765258482,optimal
2021-02-12 18:00:00,10,81,0.0,0.0,0.0,0.3536333333333333,15.435,6.0,-2,20.301810721608984,55.0,0.0,0.0,0.0,0.0,0.0,44.00087629404921,optimal
2021-02-12 18:30:00,10,81,0.0,0.0,0.0,0.1458,13.566,6.0,-2,20.171243479743467,55.0,0.0,0.0,0.0,0.0,0.0,43.80301299687215,optimal
2021-02-12 19:00:00,10,81,0.6357423403022578,0.0,0.0,0.15353333333333333,12.789,6.0,-2,20.0,55.0,0.0,2225.0981910579026,0.0,0.0,0.0,43.60534756299226,optimal
2021-02-12 19:30:00,10,81,1.28936022702978,0.0,0.0,0.14053333333333334,12.1275,6.0,-2,20.0,55.0,0.0,4512.76079460423,0.0,0.0,0.0,43.40787979454625,optimal
2021-02-12 20:00:00,10,81,0.0,0.0,0.0,0.15880000000000002,13.671,6.0,-2,20.172474748437285,55.0,0.0,0.0,0.0,0.0,0.0,43.21060949386869,optimal
2021-02-12 20:30:00,10,81,0.0796190476190476,0.0,0.0,0.064,10.668,6.0,-2,20.0,55.0,0.002666666666666666,0.0,0.0,278.66666666666663,0.0,43.0135364634918,optimal
2021-02-12 21:00:00,10,81,0.0,0.0,0.0,1.9063666666666663,11.7285,6.0,-2,19.820499024813753,55.0,0.001333333333333333,0.0,0.0,0.0,0.0,42.8166605061453,optimal
2021-02-12 21:30:00,10,81,0.0,0.0,0.0,1.0315666666666665,11.025,6.0,-2,19.76244550796689,55.0,0.0,0.0,0.0,0.0,0.0,42.77384384563915,optimal
2021-02-12 22:00:00,10,81,0.0,0.0,0.0,0.20483333333333328,10.689,6.0,-2,19.70067835526258,55.0,0.0,0.0,0.0,0.0,0.0,42.73107000179351,optimal
2021-02-12 22:30:00,10,81,1.4928571428571429,0.0,0.0,0.2477666666666667,8.1585,6.0,-2,19.59008174067662,55.0,0.048,0.0,0.0,5225.0,0.0,42.68833893179172,optimal
2021-02-12 23:00:00,10,81,0.0,0.0,0.0,0.2792,10.3635,6.0,-2,19.487040503807158,55.0,0.0,0.0,0.0,0.0,0.0,42.64565059285993,optimal
2021-02-12 23:30:00,10,81,0.0,0.0,0.0,0.216,10.8045,6.0,-2,19.386033499079705,55.0,0.0,0.0,0.0,0.0,0.0,42.60300494226707,optimal
2021-02-13 00:00:00,10,81,0.0,0.0,0.0,0.059,10.059,6.0,-1,19.386033499079705,55.0,0.0,0.0,0.0,0.0,0.0,42.560401937324805,optimal
2021-02-13 00:30:00,10,81,0.0,0.0,0.0,0.059,9.261,6.0,-1,19.230993041615626,55.0,0.0,0.0,0.0,0.0,0.0,42.51784153538748,optimal
2021-02-13 01:00:00,10,81,2.0,0.0,0.0,0.1976,8.1585,6.0,-1,19.077766084654726,55.0,0.054,1357.0,0.0,5643.0,0.0,42.4753236938521,optimal
2021-02-13 01:30:00,10,81,0.0,0.0,0.0,0.059,9.4815,6.0,-1,19.040320979647273,55.0,0.054,0.0,0.0,0.0,0.0,42.43284837015825,optimal
2021-02-13 02:00:00,10,81,2.0,0.0,0.0,0.059,8.379,6.0,-1,18.88966490034222,55.0,0.054,7000.0,0.0,0.0,0.0,42.390415521788086,optimal
2021-02-13 02:30:00,10,81,0.0,0.0,0.0,0.059,9.5235,6.0,-1,19.274275612169447,55.0,0.054,0.0,0.0,0.0,0.0,42.3480251062663,optimal
2021-02-13 03:00:00,10,81,2.0,0.0,3.490987995752583,0.185,8.1375,6.0,-1,19.12199252801488,55.0,0.054,7000.0,0.0,0.0,0.0,43.963896379142504,optimal
2021-02-13 03:30:00,10,81,0.0,0.0,0.0,0.0716,10.0905,6.0,-1,19.514151252513287,55.0,0.054,0.0,0.0,0.0,0.0,43.919932482763365,optimal
2021-02-13 04:00:00,10,81,2.0,0.0,5.0,0.1031,7.539,6.0,-1,19.360264620455947,55.0,0.054,7000.0,0.0,0.0,0.0,46.25101255028059,optimal
2021-02-13 04:30:00,10,81,2.0,0.0,5.0,0.1535,7.938,6.0,-1,19.74318960694117,55.0,0.054,7000.0,0.0,0.0,0.0,48.579761537730306,optimal
2021-02-13 05:00:00,10,81,2.0,0.0,0.0,0.059,8.274,6.0,-1,20.12568445875548,55.0,0.054,7000.0,0.0,0.0,0.0,48.53118177619257,optimal
2021-02-13 05:30:00,10,81,2.0,0.0,0.0,0.1031,9.261,6.0,-1,20.49670969444535,55.0,0.054,7000.0,0.0,0.0,0.0,48.48265059441637,optimal
2021-02-13 06:00:00,10,81,0.9873477316415471,0.0,0.0,0.1535,9.9225,6.0,-1,20.86692990111939,55.0,0.054,3455.7170607454145,0.0,0.0,0.0,48.434167943821954,optimal
2021-02-13 06:30:00,10,81,2.0,0.0,0.0,0.05966666666666666,9.702,6.0,-1,20.966711365041082,55.0,0.054,7000.0,0.0,0.0,0.0,48.38573377587813,optimal
2021-02-13 07:00:00,10,81,0.0,0.0,0.0,0.2039333333333333,10.584,6.0,-1,21.328086905895116,55.0,0.054,0.0,0.0,0.0,0.0,48.33734804210225,optimal
2021-02-13 07:30:00,10,81,2.0,0.0,0.0,0.059,10.143,6.0,-1,21.16289506956334,55.0,0.054,7000.0,0.0,0.0,0.0,48.289010694060146,optimal
2021-02-13 08:00:00,10,81,0.0,0.0,0.0,0.1641,13.0095,6.0,-1,21.521650984496585,55.0,0.054,0.0,0.0,0.0,0.0,48.240721683366075,optimal
2021-02-13 08:30:00,10,81,0.0,0.0,0.0,0.09043333333333334,11.025,6.0,-1,21.369346664196367,55.0,0.050666666666666665,0.0,0.0,0.0,0.0,48.192480961682705,optimal
2021-02-13 09:00:00,10,81,0.0,0.0,0.0,0.086,12.789,6.0,-1,21.205037063731577,55.0,0.050666666666666665,0.0,0.0,0.0,0.0,48.144288480721016,optimal
2021-02-13 09:30:00,10,81,0.0,0.0,0.0,0.086,12.1275,6.0,-1,21.037382025272144,55.0,0.050666666666666665,0.0,0.0,0.0,0.0,48.096144192240295,optimal
2021-02-13 10:00:00,10,81,0.0,0.0,0.0,0.2342,12.1695,6.0,-1,20.87646950400679,55.0,0.03333333333333333,0.0,0.0,0.0,0.0,48.048048048048045,optimal
2021-02-13 10:30:00,10,81,0.0,0.0,0.0,1.9628333333333332,12.306,6.0,-1,20.74567795698267,55.0,0.03333333333333333,0.0,0.0,0.0,0.0,48.0,optimal
2021-02-13 11:00:00,10,81,0.0,0.0,0.0,0.2014,13.23,6.0,-1,20.670344257403958,55.0,0.03266666666666666,0.0,0.0,0.0,0.0,47.7439676422143,optimal
2021-02-13 11:30:00,10,81,0.0,0.0,0.0,0.3973333333333333,13.671,6.0,-1,20.533256959719218,55.0,0.030666666666666665,0.0,0.0,0.0,0.0,47.48819131678639,optimal
2021-02-13 12:00:00,10,81,0.0,0.0,0.0,0.5211,13.9335,6.0,-1,20.41069931597376,55.0,0.03,0.0,0.0,0.0,0.0,47.232670767683906,optimal
2021-02-13 12:30:00,10,81,0.0,0.0,0.0,0.6051333333333333,13.293,6.0,-1,20.29910052650833,55.0,0.03,0.0,0.0,0.0,0.0,46.977405739130525,optimal
2021-02-13 13:00:00,10,81,0.0,0.0,0.0,0.2721,12.1065,6.0,-1,20.19349129404147,55.0,0.029333333333333333,0.0,0.0,0.0,0.0,46.7223959756057,optimal
2021-02-13 13:30:00,10,81,0.0,0.0,0.0,2.3899666666666666,11.571,6.0,-1,20.054995664902517,55.0,0.028666666666666667,0.0,0.0,0.0,0.0,46.467641221844396,optimal
2021-02-13 14:00:00,10,81,2.0,0.0,0.0,1.7824,11.025,6.0,-1,20.0,55.0,0.028666666666666667,7000.0,0.0,0.0,0.0,46.21314122283685,optimal
2021-02-13 14:30:00,10,81,2.0,0.0,0.0,0.297,10.8465,6.0,-1,20.417105740797105,55.0,0.028666666666666667,7000.0,0.0,0.0,0.0,45.95889572382832,optimal
2021-02-13 15:00:00,10,81,1.2247511252485395,0.0,0.0,0.5211333333333333,11.2455,6.0,-1,20.800174658700385,55.0,0.028666666666666667,4286.628938369888,0.0,0.0,0.0,45.704904470318795,optimal
2021-02-13 15:30:00,10,81,0.0,0.0,0.0,0.3256,23.8665,6.0,-1,21.00277528893602,55.0,0.027333333333333334,0.0,0.0,0.0,0.0,45.45116720806278,optimal
2021-02-13 16:00:00,10,81,0.0,0.0,0.0,0.37989999999999996,27.4575,6.0,-1,20.863384182842236,55.0,0.024,0.0,0.0,0.0,0.0,45.197683683069016,optimal
2021-02-13 16:30:00,10,81,0.0,0.0,0.0,0.45080000000000003,27.3735,6.0,-1,20.747895906428305,55.0,0.024,0.0,0.0,0.0,0.0,44.94445364160025,optimal
2021-02-13 17:00:00,10,81,0.0,0.0,0.0,0.18,30.4605,6.0,-1,20.642679321823273,55.0,0.023333333333333334,0.0,0.0,0.0,0.0,44.69147683017295,optimal
2021-02-13 17:30:00,10,81,0.0,0.0,0.0,0.1746,30.0195,6.0,-1,20.51557612873227,55.0,0.022,0.0,0.0,0.0,0.0,44.43875299555708,optimal
2021-02-13 18:00:00,10,81,0.0,0.0,0.0,0.2023,26.9325,6.0,-1,20.388948913272948,55.0,0.020666666666666667,0.0,0.0,0.0,0.0,44.18628188477582,optimal
2021-02-13 18:30:00,10,81,0.0,0.0,0.0,0.3399,14.595,6.0,-1,20.252525011374832,55.0,0.003999999999999999,0.0,0.0,0.0,0.0,43.93406324510535,optimal
2021-02-13 19:00:00,10,81,0.0,0.0,0.0,0.21380000000000002,12.4845,6.0,-1,20.13159495615443,55.0,0.003999999999999999,0.0,0.0,0.0,0.0,43.68209682407455,optimal
2021-02-13 19:30:00,10,81,0.4719342683215767,0.0,0.0,0.2921333333333333,12.1275,6.0,-1,20.0,55.0,0.003999999999999999,1651.7699391255185,0.0,0.0,0.0,43.43038236946477,optimal
2021-02-13 20:00:00,10,81,0.3231585772932752,0.0,0.0,1.718233333333333,12.1275,6.0,-1,20.0,55.0,0.001333333333333333,1131.055020526463,0.0,0.0,0.0,43.17891962930961,optimal
2021-02-13 20:30:00,10,81,0.0,0.0,0.0,0.2933,12.789,6.0,-1,20.0,55.0,0.001333333333333333,0.0,0.0,0.0,0.0,42.9277083518946,optimal
2021-02-13 21:00:00,10,81,0.0,0.0,0.0,0.44773333333333337,11.907,6.0,-1,19.87112038172185,55.0,0.0,0.0,0.0,0.0,0.0,42.67674828575701,optimal
2021-02-13 21:30:00,10,81,0.0,0.0,0.0,0.1967333333333333,11.025,6.0,-1,19.75715744947443,55.0,0.0,0.0,0.0,0.0,0.0,42.42603917968555,optimal
2021-02-13 22:00:00,10,81,0.05971428571428571,0.0,0.0,0.2628666666666667,8.2005,6.0,-1,19.633534979025637,55.0,0.0,0.0,0.0,209.0,0.0,42.17558078272017,optimal
2021-02-13 22:30:00,10,81,0.0,0.0,0.0,1.3795333333333333,9.5655,6.0,-1,19.51851270158512,55.0,0.0,0.0,0.0,0.0,0.0,41.92537284415175,optimal
2021-02-13 23:00:00,10,81,0.05971428571428571,0.0,0.0,0.31793333333333335,7.056,6.0,-1,19.429137494135727,55.0,0.0,0.0,0.0,209.0,0.0,41.6754151135219,optimal
2021-02-13 23:30:00,10,81,0.0,0.0,0.0,0.39066666666666666,9.3975,6.0,-1,19.307438353303127,55.0,0.0,0.0,0.0,0.0,0.0,41.63373969840838,optimal
