time,run,dwelling_id,hp_elec_kw,boiler_gas_kw,ev_charge_kw,appliance_kw,tariff_elec_price,tariff_gas_price,tariff_offset_steps,Tin_C,T_tank_C,Q_hp_space_w,Q_bo_space_w,Q_hp_hw_w,Q_bo_hw_w,ev_soc_kwh,solve_status
2021-02-07 00:00:00,1,47,0.0,0.0,0.0,0.1338,13.146,6.0,5,21.0,,0.0,0.0,0.0,0.0,47.952,optimal
2021-02-07 00:30:00,1,47,0.0,0.0,0.0,0.12133333333333332,10.584,6.0,5,20.804918508479272,,0.0,0.0,0.0,0.0,47.904047999999996,optimal
2021-02-07 01:00:00,1,47,0.0,0.0,0.0,0.059,6.678,6.0,5,20.61006454611938,,0.0,0.0,0.0,0.0,47.856143952,optimal
2021-02-07 01:30:00,1,47,0.0,0.0,0.0,0.059,7.938,6.0,5,20.411888336948866,,0.0,0.0,0.0,0.0,47.80828780804799,optimal
2021-02-07 02:00:00,1,47,0.0,0.0,0.0,0.19613333333333333,5.292,6.0,5,20.215448677275937,,0.0,0.0,0.0,0.0,47.76047952023995,optimal
2021-02-07 02:30:00,1,47,0.0,0.0,0.0,0.059,9.261,6.0,5,20.03047976660354,,0.0,0.0,0.0,0.0,47.712719040719705,optimal
2021-02-07 03:00:00,1,47,0.0,0.0,0.0,0.19613333333333333,10.3635,6.0,5,19.836752097194225,,0.0,0.0,0.0,0.0,47.66500632167899,optimal
2021-02-07 03:30:00,1,47,0.0,0.0,0.0,0.059,8.274,6.0,5,19.65387741917968,,0.0,0.0,0.0,0.0,47.61734131535731,optimal
2021-02-07 04:00:00,1,47,0.0,0.0,0.0,0.1338,7.7175,6.0,5,19.462805413555884,,0.0,0.0,0.0,0.0,47.56972397404195,optimal
2021-02-07 04:30:00,1,47,0.0,0.0,0.0,0.12133333333333332,6.615,6.0,5,19.27870736396108,,0.0,0.0,0.0,0.0,47.522154250067906,optimal
2021-02-07 05:00:00,1,47,0.0,0.0,0.0,0.059,6.174,6.0,5,19.095880072126796,,0.0,0.0,0.0,0.0,47.47463209581784,optimal
2021-02-07 05:30:00,1,47,2.3333333333333335,0.0,0.0,0.059,3.906,6.0,5,18.910761535975173,,7000.0,0.0,0.0,0.0,47.42715746372202,optimal
2021-02-07 06:00:00,1,47,2.3333333333333335,0.0,0.0,0.10263333333333334,2.3415,6.0,5,19.22573561193162,,7000.0,0.0,0.0,0.0,47.379730306258296,optimal
2021-02-07 06:30:00,1,47,2.3333333333333335,0.0,0.0,0.1525,2.205,6.0,5,19.54012207334092,,7000.0,0.0,0.0,0.0,47.332350575952034,optimal
2021-02-07 07:00:00,1,47,2.3333333333333335,0.0,1.8089900112525021,0.059,0.882,6.0,5,19.853785220961313,,7000.0,0.0,0.0,0.0,48.144288480721016,optimal
2021-02-07 07:30:00,1,47,2.3333333333333335,0.0,0.0,0.44630000000000003,1.5435,6.0,5,20.156535592004065,,7000.0,0.0,0.0,0.0,48.096144192240295,optimal
2021-02-07 08:00:00,1,47,2.3333333333333335,0.0,0.0,2.104833333333333,1.5435,6.0,5,20.47826770116076,,7000.0,0.0,0.0,0.0,48.048048048048045,optimal
2021-02-07 08:30:00,1,47,2.3333333333333335,0.0,0.0,0.11796666666666668,5.0715,6.0,5,20.887451142794404,,7000.0,0.0,0.0,0.0,48.0,optimal
2021-02-07 09:00:00,1,47,2.3333333333333335,0.0,0.0,0.4142,5.376,6.0,5,21.21494101781208,,7000.0,0.0,0.0,0.0,47.81386824507152,optimal
2021-02-07 09:30:00,1,47,2.3333333333333335,0.0,0.0,0.3658666666666667,5.0715,6.0,5,21.570329738084915,,7000.0,0.0,0.0,0.0,47.627922621897966,optimal
2021-02-07 10:00:00,1,47,1.4038442654099301,0.0,0.0,0.07523333333333333,5.5125,6.0,5,21.89908798924542,,4211.532796229791,0.0,0.0,0.0,47.44216294434759,optimal
2021-02-07 10:30:00,1,47,0.9004356325099593,0.0,0.0,0.1999,9.261,6.0,5,22.0,,2701.306897529878,0.0,0.0,0.0,47.25658902647476,optimal
2021-02-07 11:00:00,1,47,0.0,0.0,0.0,0.069,11.7075,6.0,5,22.0,,0.0,0.0,0.0,0.0,47.0712006825198,optimal
2021-02-07 11:30:00,1,47,0.0,0.0,0.0,0.12743333333333334,12.348,6.0,5,21.823609254944653,,0.0,0.0,0.0,0.0,46.885997726908805,optimal
2021-02-07 12:00:00,1,47,0.0,0.0,0.0,0.17303333333333334,12.348,6.0,5,21.663898577302838,,0.0,0.0,0.0,0.0,46.700979974253414,optimal
2021-02-07 12:30:00,1,47,0.0,0.0,0.0,0.092,12.1275,6.0,5,21.52750172124237,,0.0,0.0,0.0,0.0,46.51614723935068,optimal
2021-02-07 13:00:00,1,47,0.0,0.0,0.0,0.2309333333333333,12.5265,6.0,5,21.39821134478026,,0.0,0.0,0.0,0.0,46.33149933718285,optimal
2021-02-07 13:30:00,1,47,0.0,0.0,0.0,0.5114666666666666,11.7495,6.0,5,21.264332543959732,,0.0,0.0,0.0,0.0,46.14703608291718,optimal
2021-02-07 14:00:00,1,47,0.0,0.0,0.0,0.14336666666666667,13.23,6.0,5,21.15022570288381,,0.0,0.0,0.0,0.0,45.96275729190579,optimal
2021-02-07 14:30:00,1,47,0.0,0.0,0.0,0.067,14.3325,6.0,5,21.018860428839357,,0.0,0.0,0.0,0.0,45.778662779685405,optimal
2021-02-07 15:00:00,1,47,0.0,0.0,0.0,0.1193,14.994,6.0,5,20.8792946861531,,0.0,0.0,0.0,0.0,45.59475236197724,optimal
2021-02-07 15:30:00,1,47,0.0,0.0,0.0,1.7121,14.8155,6.0,5,20.7742548966778,,0.0,0.0,0.0,0.0,45.411025854686784,optimal
2021-02-07 16:00:00,1,47,0.0,0.0,0.0,0.265,14.112,6.0,5,20.71504341608933,,0.0,0.0,0.0,0.0,45.22748307390362,optimal
2021-02-07 16:30:00,1,47,0.0,0.0,0.0,0.2632,14.007,6.0,5,20.582969577628635,,0.0,0.0,0.0,0.0,45.04412383590124,optimal
2021-02-07 17:00:00,1,47,0.0,0.0,0.0,0.4677,13.23,6.0,5,20.45046263934587,,0.0,0.0,0.0,0.0,44.86094795713686,optimal
2021-02-07 17:30:00,1,47,2.3333333333333335,0.0,0.0,0.32896666666666663,11.382,6.0,5,20.30056901198269,,7000.0,0.0,0.0,0.0,44.67795525425124,optimal
2021-02-07 18:00:00,1,47,0.33091463934939086,0.0,0.0,0.45576666666666665,11.7495,6.0,5,20.63401872827038,,992.7439180481726,0.0,0.0,0.0,44.49514554406851,optimal
2021-02-07 18:30:00,1,47,0.0,0.0,0.0,0.6054333333333333,24.3285,6.0,5,20.538563455264082,,0.0,0.0,0.0,0.0,44.45065039852444,optimal
2021-02-07 19:00:00,1,47,0.0,0.0,0.0,0.335,28.917,6.0,5,20.400838366408276,,0.0,0.0,0.0,0.0,44.406199748125914,optimal
2021-02-07 19:30:00,1,47,0.0,0.0,0.0,0.47433333333333333,31.3635,6.0,5,20.26065181091838,,0.0,0.0,0.0,0.0,44.36179354837779,optimal
2021-02-07 20:00:00,1,47,0.0,0.0,0.0,0.36719999999999997,33.306,6.0,5,20.140739979106055,,0.0,0.0,0.0,0.0,44.317431754829414,optimal
2021-02-07 20:30:00,1,47,0.0,0.0,0.0,0.4288,31.3425,6.0,5,20.0,,0.0,0.0,0.0,0.0,44.27311432307459,optimal
2021-02-07 21:00:00,1,47,0.0,0.0,0.0,0.30643333333333334,28.2555,6.0,5,19.863585707021876,,0.0,0.0,0.0,0.0,44.22884120875151,optimal
2021-02-07 21:30:00,1,47,0.0,0.0,0.0,0.11333333333333331,15.6975,6.0,5,19.718227732103532,,0.0,0.0,0.0,0.0,44.18461236754276,optimal
2021-02-07 22:00:00,1,47,0.0,0.0,0.0,0.11886666666666666,12.5475,6.0,5,19.547732851326035,,0.0,0.0,0.0,0.0,44.14042775517522,optimal
2021-02-07 22:30:00,1,47,0.0,0.0,0.0,0.1562666666666667,12.0855,6.0,5,19.35500619616126,,0.0,0.0,0.0,0.0,44.09628732742004,optimal
2021-02-07 23:00:00,1,47,0.0,0.0,0.0,0.069,11.907,6.0,5,19.167198531053536,,0.0,0.0,0.0,0.0,44.05219104009262,optimal
2021-02-07 23:30:00,1,47,0.0,0.0,0.0,0.19333333333333327,12.5685,6.0,5,18.975384434336803,,0.0,0.0,0.0,0.0,44.00813884905253,optimal
2021-02-08 00:00:00,1,47,0.0,0.0,0.0,0.057,11.025,6.0,1,18.975384434336803,,0.0,0.0,0.0,0.0,43.96413071020348,optimal
2021-02-08 00:30:00,1,47,2.3333333333333335,0.0,0.0,0.057,5.9745,6.0,1,18.77509852224657,,0.0,0.0,7000.0,0.0,43.92016657949328,optimal
2021-02-08 01:00:00,1,47,2.3333333333333335,0.0,0.0,0.2088,7.938,6.0,1,18.577159858759604,,833.0,0.0,6167.0,0.0,43.87624641291378,optimal
2021-02-08 01:30:00,1,47,2.3333333333333335,0.0,0.0,0.057,8.6835,6.0,1,18.451591604752487,,7000.0,0.0,0.0,0.0,43.832370166500866,optimal
2021-02-08 02:00:00,1,47,2.3333333333333335,0.0,0.0,0.126,7.665,6.0,1,18.7547814200628,,7000.0,0.0,0.0,0.0,43.78853779633437,optimal
2021-02-08 02:30:00,1,47,2.3333333333333335,0.0,0.0,0.1398,6.7725,6.0,1,19.058740130412573,,7000.0,0.0,0.0,0.0,43.744749258538036,optimal
2021-02-08 03:00:00,1,47,2.3333333333333335,0.0,0.0,0.057,5.5755,6.0,1,19.36070419423431,,7000.0,0.0,0.0,0.0,43.7010045092795,optimal
2021-02-08 03:30:00,1,47,2.3333333333333335,0.0,4.847720336746651,0.057,5.0925,6.0,1,19.653825648746462,,7000.0,0.0,0.0,0.0,45.95997066472487,optimal
2021-02-08 04:00:00,1,47,2.3333333333333335,0.0,5.0,0.2088,4.1895,6.0,1,19.942925895044564,,7000.0,0.0,0.0,0.0,48.289010694060146,optimal
2021-02-08 04:30:00,1,47,2.3333333333333335,0.0,0.0,0.057,7.056,6.0,1,20.23884987809554,,7000.0,0.0,0.0,0.0,48.240721683366075,optimal
2021-02-08 05:00:00,1,47,2.3333333333333335,0.0,0.0,0.1605,5.271,6.0,1,20.519336015804058,,7000.0,0.0,0.0,0.0,48.192480961682705,optimal
2021-02-08 05:30:00,1,47,2.3333333333333335,0.0,0.0,0.10396666666666668,7.938,6.0,1,20.802725199243884,,7000.0,0.0,0.0,0.0,48.144288480721016,optimal
2021-02-08 06:00:00,1,47,2.3333333333333335,0.0,0.0,0.07293333333333334,7.938,6.0,1,21.081173448482105,,7000.0,0.0,0.0,0.0,48.096144192240295,optimal
2021-02-08 06:30:00,1,47,0.0,0.0,0.0,0.32939999999999997,11.907,6.0,1,21.36161237882687,,0.0,0.0,0.0,0.0,48.048048048048045,optimal
2021-02-08 07:00:00,1,47,2.3333333333333335,0.0,0.0,0.2844,11.025,6.0,1,21.168388272392413,,7000.0,0.0,0.0,0.0,48.0,optimal
2021-02-08 07:30:00,1,47,1.0247399668615271,0.0,0.0,0.235,11.2875,6.0,1,21.487223358930294,,3074.2199005845814,0.0,0.0,0.0,47.91368783351381,optimal
2021-02-08 08:00:00,1,47,0.0,0.0,0.0,0.6099,12.936,6.0,1,21.523190592167555,,0.0,0.0,0.0,0.0,47.82746197919411,optimal
2021-02-08 08:30:00,1,47,0.0,0.0,0.0,0.2464333333333333,13.0095,6.0,1,21.372412722234973,,0.0,0.0,0.0,0.0,47.74132235072873,optimal
2021-02-08 09:00:00,1,47,0.0,0.0,0.0,0.2627,13.671,6.0,1,21.202047459313498,,0.0,0.0,0.0,0.0,47.65526886189181,optimal
2021-02-08 09:30:00,1,47,0.0,0.0,0.0,0.364,13.188,6.0,1,21.0538567108243,,0.0,0.0,0.0,0.0,47.56930142654373,optimal
2021-02-08 10:00:00,1,47,0.0,0.0,0.0,0.067,13.8495,6.0,1,20.90209246841608,,0.0,0.0,0.0,0.0,47.483419958631,optimal
2021-02-08 10:30:00,1,47,0.0,0.0,0.0,0.14980000000000002,13.23,6.0,1,20.737797358938106,,0.0,0.0,0.0,0.0,47.397624372186186,optimal
2021-02-08 11:00:00,1,47,0.0,0.0,0.0,0.136,13.3665,6.0,1,20.579559500002834,,0.0,0.0,0.0,0.0,47.31191458132781,optimal
2021-02-08 11:30:00,1,47,0.0,0.0,0.0,0.067,13.0515,6.0,1,20.468288507185413,,0.0,0.0,0.0,0.0,47.2262905002603,optimal
2021-02-08 12:00:00,1,47,0.0,0.0,0.0,0.1774,13.5345,6.0,1,20.354585403207146,,0.0,0.0,0.0,0.0,47.14075204327385,optimal
2021-02-08 12:30:00,1,47,0.0,0.0,0.0,0.10840000000000001,14.154,6.0,1,20.26616132281006,,0.0,0.0,0.0,0.0,47.05529912474439,optimal
2021-02-08 13:00:00,1,47,0.0,0.0,0.0,0.067,14.112,6.0,1,20.17620932603632,,0.0,0.0,0.0,0.0,46.96993165913346,optimal
2021-02-08 13:30:00,1,47,0.0,0.0,0.0,0.21880000000000002,14.2485,6.0,1,20.081565188846664,,0.0,0.0,0.0,0.0,46.88464956098814,optimal
2021-02-08 14:00:00,1,47,0.8493556677098149,0.0,0.0,0.067,12.789,6.0,1,20.0,,2548.0670031294444,0.0,0.0,0.0,46.799452744940965,optimal
2021-02-08 14:30:00,1,47,0.0,0.0,0.0,0.067,13.0095,6.0,1,20.092042698805898,,0.0,0.0,0.0,0.0,46.714341125709836,optimal
2021-02-08 15:00:00,1,47,2.3333333333333335,0.0,0.0,0.21880000000000002,12.1275,6.0,1,20.0,,7000.0,0.0,0.0,0.0,46.62931461809794,optimal
2021-02-08 15:30:00,1,47,2.163468589870278,0.0,0.0,0.067,12.348,6.0,1,20.38358317508671,,6490.405769610834,0.0,0.0,0.0,46.54437313699366,optimal
2021-02-08 16:00:00,1,47,2.3333333333333335,0.0,0.0,0.1015,12.348,6.0,1,20.716210714718887,,7000.0,0.0,0.0,0.0,46.49782876385667,optimal
2021-02-08 16:30:00,1,47,0.0,0.0,0.0,0.5771000000000001,25.389,6.0,1,21.053604939805282,,0.0,0.0,0.0,0.0,46.45133093509281,optimal
2021-02-08 17:00:00,1,47,0.0,0.0,0.0,0.242,29.1375,6.0,1,20.935406503724284,,0.0,0.0,0.0,0.0,46.40487960415772,optimal
2021-02-08 17:30:00,1,47,0.0,0.0,0.0,0.3770333333333334,30.597,6.0,1,20.772843730764315,,0.0,0.0,0.0,0.0,46.35847472455356,optimal
2021-02-08 18:00:00,1,47,0.0,0.0,0.0,0.07966666666666668,33.684,6.0,1,20.620670854895028,,0.0,0.0,0.0,0.0,46.312116249829,optimal
2021-02-08 18:30:00,1,47,0.0,0.0,0.0,0.25156666666666666,32.445,6.0,1,20.427384760245086,,0.0,0.0,0.0,0.0,46.265804133579174,optimal
2021-02-08 19:00:00,1,47,0.0,0.0,0.0,0.4141,28.917,6.0,1,20.26870312289338,,0.0,0.0,0.0,0.0,46.2195383294456,optimal
2021-02-08 19:30:00,1,47,0.0,0.0,0.0,0.5396333333333333,15.876,6.0,1,20.134159978238895,,0.0,0.0,0.0,0.0,46.17331879111615,optimal
2021-02-08 20:00:00,1,47,0.7669168094645016,0.0,0.0,0.3591666666666667,12.348,6.0,1,20.0,,2300.750428393505,0.0,0.0,0.0,46.12714547232503,optimal
2021-02-08 20:30:00,1,47,0.0,0.0,0.0,0.34046666666666664,12.1275,6.0,1,20.0,,0.0,0.0,0.0,0.0,46.08101832685271,optimal
2021-02-08 21:00:00,1,47,0.0,0.0,0.0,1.6911666666666667,12.348,6.0,1,19.842456688214277,,0.0,0.0,0.0,0.0,46.034937308525855,optimal
2021-02-08 21:30:00,1,47,0.0,0.0,0.0,0.5640666666666667,12.1275,6.0,1,19.694438930832682,,0.0,0.0,0.0,0.0,45.98890237121733,optimal
2021-02-08 22:00:00,1,47,0.0,0.0,0.0,0.38946666666666657,12.1275,6.0,1,19.5480202588857,,0.0,0.0,0.0,0.0,45.94291346884611,optimal
2021-02-08 22:30:00,1,47,0.0,0.0,0.0,0.7013666666666667,11.2665,6.0,1,19.388273639561103,,0.0,0.0,0.0,0.0,45.89697055537726,optimal
2021-02-08 23:00:00,1,47,0.0,0.0,0.0,0.19490000000000002,10.143,6.0,1,19.239816232889584,,0.0,0.0,0.0,0.0,45.85107358482188,optimal
2021-02-08 23:30:00,1,47,0.0,0.0,0.0,0.16983333333333334,11.2455,6.0,1,19.034850354471423,,0.0,0.0,0.0,0.0,45.80522251123706,optimal
2021-02-09 00:00:00,1,47,2.3333333333333335,0.0,0.0,0.16363333333333333,11.823,6.0,-3,19.034850354471423,,7000.0,0.0,0.0,0.0,45.75941728872583,optimal
2021-02-09 00:30:00,1,47,2.3333333333333335,0.0,0.0,0.10433333333333332,11.7705,6.0,-3,19.358096533078566,,0.0,0.0,7000.0,0.0,45.7136578714371,optimal
2021-02-09 01:00:00,1,47,2.3333333333333335,0.0,0.0,0.065,11.13,6.0,-3,19.15904607187547,,3201.6666666666665,0.0,3798.3333333333335,0.0,45.66794421356566,optimal
2021-02-09 01:30:00,1,47,2.3333333333333335,0.0,0.0,0.10433333333333332,11.6865,6.0,-3,19.18143147155388,,7000.0,0.0,0.0,0.0,45.6222762693521,optimal
2021-02-09 02:00:00,1,47,2.3333333333333335,0.0,1.1078725617299843,0.229,10.7205,6.0,-3,19.479358238563105,,7000.0,0.0,0.0,0.0,46.10289345990448,optimal
2021-02-09 02:30:00,1,47,2.3333333333333335,0.0,0.0,0.065,11.424,6.0,-3,19.80056447822127,,7000.0,0.0,0.0,0.0,46.056790566444576,optimal
2021-02-09 03:00:00,1,47,2.3333333333333335,0.0,5.0,0.065,10.689,6.0,-3,20.08385625416108,,7000.0,0.0,0.0,0.0,48.38573377587813,optimal
2021-02-09 03:30:00,1,47,2.3333333333333335,0.0,0.0,0.065,11.361,6.0,-3,20.364413969629467,,7000.0,0.0,0.0,0.0,48.33734804210225,optimal
2021-02-09 04:00:00,1,47,2.3333333333333335,0.0,0.0,0.065,11.571,6.0,-3,20.64285564088376,,7000.0,0.0,0.0,0.0,48.289010694060146,optimal
2021-02-09 04:30:00,1,47,0.0,0.0,0.0,0.065,14.3745,6.0,-3,20.91920606688148,,0.0,0.0,0.0,0.0,48.240721683366075,optimal
2021-02-09 05:00:00,1,47,2.3333333333333335,0.0,0.0,0.065,13.23,6.0,-3,20.693222740684654,,7000.0,0.0,0.0,0.0,48.192480961682705,optimal
2021-02-09 05:30:00,1,47,0.0,0.0,0.0,0.065,13.9755,6.0,-3,20.966638992135703,,0.0,0.0,0.0,0.0,48.144288480721016,optimal
2021-02-09 06:00:00,1,47,0.0,0.0,0.0,0.065,14.994,6.0,-3,20.738927827349194,,0.0,0.0,0.0,0.0,48.096144192240295,optimal
2021-02-09 06:30:00,1,47,2.3333333333333335,0.0,0.0,0.065,13.671,6.0,-3,20.513885321121425,,7000.0,0.0,0.0,0.0,48.048048048048045,optimal
2021-02-09 07:00:00,1,47,0.0,0.0,0.0,0.20963333333333334,15.981,6.0,-3,20.788817341076868,,0.0,0.0,0.0,0.0,48.0,optimal
2021-02-09 07:30:00,1,47,0.0,0.0,0.0,0.17596666666666666,15.6345,6.0,-3,20.578471008733626,,0.0,0.0,0.0,0.0,47.8907282491405,optimal
2021-02-09 08:00:00,1,47,0.0,0.0,0.0,0.081,16.5375,6.0,-3,20.371599256518074,,0.0,0.0,0.0,0.0,47.78156577003186,optimal
2021-02-09 08:30:00,1,47,1.006736656481776,0.0,0.0,0.165,14.7735,6.0,-3,20.158458992984833,,3020.2099694453277,0.0,0.0,0.0,47.672512453402334,optimal
2021-02-09 09:00:00,1,47,0.0,0.0,0.0,0.073,15.2145,6.0,-3,20.174368576037594,,0.0,0.0,0.0,0.0,47.563568190089434,optimal
2021-02-09 09:30:00,1,47,0.7480400179826566,0.0,0.0,0.26639999999999997,14.553,6.0,-3,20.0,,2244.12005394797,0.0,0.0,0.0,47.454732871039845,optimal
2021-02-09 10:00:00,1,47,1.5763419483203245,0.0,0.0,0.26839999999999997,14.3325,6.0,-3,20.0,,4729.025844960974,0.0,0.0,0.0,47.34600638730931,optimal
2021-02-09 10:30:00,1,47,0.0,0.0,0.0,0.075,14.595,6.0,-3,20.218193719241036,,0.0,0.0,0.0,0.0,47.237388630062505,optimal
2021-02-09 11:00:00,1,47,0.0,0.0,0.0,0.1147,14.994,6.0,-3,20.08424775482565,,0.0,0.0,0.0,0.0,47.12887949057294,optimal
2021-02-09 11:30:00,1,47,0.35765665075511377,0.0,0.0,0.216,14.3325,6.0,-3,20.0,,1072.9699522653414,0.0,0.0,0.0,47.02047886022287,optimal
2021-02-09 12:00:00,1,47,0.23717288977842607,0.0,0.0,0.204,13.8915,6.0,-3,20.0,,711.5186693352782,0.0,0.0,0.0,46.91218663050315,optimal
2021-02-09 12:30:00,1,47,0.3244743988831038,0.0,0.0,0.075,13.8915,6.0,-3,20.0,,973.4231966493114,0.0,0.0,0.0,46.80400269301315,optimal
2021-02-09 13:00:00,1,47,2.3333333333333335,0.0,0.0,0.075,13.4715,6.0,-3,20.0,,7000.0,0.0,0.0,0.0,46.69592693946064,optimal
2021-02-09 13:30:00,1,47,2.3333333333333335,0.0,0.0,0.075,13.23,6.0,-3,20.43529924507246,,7000.0,0.0,0.0,0.0,46.58795926166168,optimal
2021-02-09 14:00:00,1,47,0.9129437010936348,0.0,0.0,0.075,13.8915,6.0,-3,20.864911030835994,,2738.8311032809042,0.0,0.0,0.0,46.48009955154052,optimal
2021-02-09 14:30:00,1,47,0.0,0.0,0.0,0.075,26.9325,6.0,-3,20.97704995344707,,0.0,0.0,0.0,0.0,46.372347701129485,optimal
2021-02-09 15:00:00,1,47,0.0,0.0,0.0,0.075,30.303,6.0,-3,20.892470501976856,,0.0,0.0,0.0,0.0,46.26470360256886,optimal
2021-02-09 15:30:00,1,47,0.0,0.0,0.0,0.075,32.886,6.0,-3,20.773822323953095,,0.0,0.0,0.0,0.0,46.157167148106794,optimal
2021-02-09 16:00:00,1,47,0.0,0.0,0.0,0.075,34.9965,6.0,-3,20.656564641981905,,0.0,0.0,0.0,0.0,46.04973823009919,optimal
2021-02-09 16:30:00,1,47,0.0,0.0,0.0,0.16886666666666666,33.327,6.0,-3,20.49334375469733,,0.0,0.0,0.0,0.0,45.942416741009595,optimal
2021-02-09 17:00:00,1,47,0.0,0.0,0.0,0.4836333333333333,31.122,6.0,-3,20.341168421392513,,0.0,0.0,0.0,0.0,45.83520257340909,optimal
2021-02-09 17:30:00,1,47,0.0,0.0,0.0,0.6398666666666667,17.9025,6.0,-3,20.184106902661163,,0.0,0.0,0.0,0.0,45.789367370835684,optimal
2021-02-09 18:00:00,1,47,0.0,0.0,0.0,1.4739666666666666,15.6555,6.0,-3,20.06596646651692,,0.0,0.0,0.0,0.0,45.74357800346485,optimal
2021-02-09 18:30:00,1,47,0.6790698941890833,0.0,0.0,0.4321666666666667,14.553,6.0,-3,20.0,,2037.2096825672497,0.0,0.0,0.0,45.69783442546138,optimal
2021-02-09 19:00:00,1,47,0.5818572739732902,0.0,0.0,0.7019,14.3325,6.0,-3,20.0,,1745.571821919871,0.0,0.0,0.0,45.65213659103592,optimal
2021-02-09 19:30:00,1,47,0.6604906073066303,0.0,0.0,0.45966666666666667,13.335,6.0,-3,20.0,,1981.471821919891,0.0,0.0,0.0,45.60648445444488,optimal
2021-02-09 20:00:00,1,47,0.7723794961955105,0.0,0.0,0.5206666666666666,12.1275,6.0,-3,20.0,,2108.1384885865314,0.0,209.0,0.0,45.560877969990436,optimal
2021-02-09 20:30:00,1,47,0.0,0.0,0.0,0.48393333333333327,12.2955,6.0,-3,20.0,,0.0,0.0,0.0,0.0,45.515317092020446,optimal
2021-02-09 21:00:00,1,47,0.0,0.0,0.0,0.2322333333333333,11.6865,6.0,-3,19.85120296430672,,0.0,0.0,0.0,0.0,45.46980177492843,optimal
2021-02-09 21:30:00,1,47,0.0,0.0,0.0,0.2877,11.466,6.0,-3,19.673846931520373,,0.0,0.0,0.0,0.0,45.4243319731535,optimal
2021-02-09 22:00:00,1,47,0.0,0.0,0.0,0.38839999999999997,10.8045,6.0,-3,19.503976526196872,,0.0,0.0,0.0,0.0,45.37890764118035,optimal
2021-02-09 22:30:00,1,47,0.0,0.0,0.0,0.2402,10.584,6.0,-3,19.33944593838667,,0.0,0.0,0.0,0.0,45.33352873353917,optimal
2021-02-09 23:00:00,1,47,0.0,0.0,0.0,0.2422,11.2455,6.0,-3,19.174415919112864,,0.0,0.0,0.0,0.0,45.28819520480563,optimal
2021-02-09 23:30:00,1,47,0.0,0.0,0.0,0.178,12.1275,6.0,-3,18.997987805185975,,0.0,0.0,0.0,0.0,45.24290700960083,optimal
2021-02-10 00:00:00,1,47,0.0,0.0,0.0,0.061,13.3665,6.0,4,18.997987805185975,,0.0,0.0,0.0,0.0,45.197664102591226,optimal
2021-02-10 00:30:00,1,47,0.0,0.0,0.0,0.10023333333333331,12.789,6.0,4,18.79071980156106,,0.0,0.0,0.0,0.0,45.15246643848864,optimal
2021-02-10 01:00:00,1,47,2.3333333333333335,0.0,0.0,0.08596666666666666,11.907,6.0,4,18.58749966467657,,0.0,0.0,7000.0,0.0,45.10731397205015,optimal
2021-02-10 01:30:00,1,47,2.3333333333333335,0.0,0.0,0.22836666666666666,11.7075,6.0,4,18.38447440034711,,0.0,0.0,7000.0,0.0,45.0622066580781,optimal
2021-02-10 02:00:00,1,47,2.3333333333333335,0.0,0.0,0.07883333333333332,10.8045,6.0,4,18.192785718345867,,6857.666666666667,0.0,142.33333333333334,0.0,45.017144451420016,optimal
2021-02-10 02:30:00,1,47,2.3333333333333335,0.0,0.0,0.1536,11.508,6.0,4,18.479333675343554,,7000.0,0.0,0.0,0.0,44.972127306968595,optimal
2021-02-10 03:00:00,1,47,2.3333333333333335,0.0,0.0,0.1536,11.508,6.0,4,18.7779661664528,,7000.0,0.0,0.0,0.0,44.927155179661625,optimal
2021-02-10 03:30:00,1,47,2.3333333333333335,0.0,0.0,0.061,11.508,6.0,4,19.073098837278472,,7000.0,0.0,0.0,0.0,44.88222802448196,optimal
2021-02-10 04:00:00,1,47,2.3333333333333335,0.0,0.0,1.0463333333333333,11.844,6.0,4,19.358185892402407,,7000.0,0.0,0.0,0.0,44.83734579645748,optimal
2021-02-10 04:30:00,1,47,2.3333333333333335,0.0,0.0,0.061,11.508,6.0,4,19.65278635087625,,7000.0,0.0,0.0,0.0,44.79250845066102,optimal
2021-02-10 05:00:00,1,47,2.3333333333333335,0.0,0.0,0.061,11.508,6.0,4,19.92990781545863,,7000.0,0.0,0.0,0.0,44.747715942210355,optimal
2021-02-10 05:30:00,1,47,2.3333333333333335,0.0,5.0,0.19626666666666667,10.4475,6.0,4,20.202609609072812,,7000.0,0.0,0.0,0.0,47.07796822626815,optimal
2021-02-10 06:00:00,1,47,2.3333333333333335,0.0,0.0,0.11093333333333334,10.8675,6.0,4,20.480565299483636,,7000.0,0.0,0.0,0.0,47.03089025804188,optimal
2021-02-10 06:30:00,1,47,2.3333333333333335,0.0,2.1392434362445556,0.13873333333333332,10.542,6.0,4,20.748021622318184,,7000.0,0.0,0.0,0.0,48.0,optimal
2021-02-10 07:00:00,1,47,2.3333333333333335,0.0,0.0,0.33426666666666666,11.025,6.0,4,21.02802461785825,,7000.0,0.0,0.0,0.0,47.80686921663378,optimal
2021-02-10 07:30:00,1,47,2.3333333333333335,0.0,0.0,0.26253333333333334,11.025,6.0,4,21.32548946386762,,7000.0,0.0,0.0,0.0,47.61393156405092,optimal
2021-02-10 08:00:00,1,47,0.0,0.0,0.0,0.2143333333333333,14.553,6.0,4,21.619529499385397,,0.0,0.0,0.0,0.0,47.42118684912065,optimal
2021-02-10 08:30:00,1,47,2.3333333333333335,0.0,0.0,0.1688,13.0935,6.0,4,21.41235424839527,,7000.0,0.0,0.0,0.0,47.22863487890531,optimal
2021-02-10 09:00:00,1,47,0.0,0.0,0.0,0.1584,15.6345,6.0,4,21.667233990176218,,0.0,0.0,0.0,0.0,47.036275460660185,optimal
2021-02-10 09:30:00,1,47,0.0,0.0,0.0,0.071,18.102,6.0,4,21.452650827439097,,0.0,0.0,0.0,0.0,46.8441084018333,optimal
2021-02-10 10:00:00,1,47,0.0,0.0,0.0,0.192,17.199,6.0,4,21.236709441860615,,0.0,0.0,0.0,0.0,46.65213351006525,optimal
2021-02-10 10:30:00,1,47,0.0,0.0,0.0,0.11023333333333332,18.2805,6.0,4,21.08261611313684,,0.0,0.0,0.0,0.0,46.46035059318896,optimal
2021-02-10 11:00:00,1,47,0.0,0.0,0.0,2.0481333333333334,17.4615,6.0,4,20.92627038670084,,0.0,0.0,0.0,0.0,46.26875945922956,optimal
2021-02-10 11:30:00,1,47,0.0,0.0,0.0,2.9126666666666665,18.3225,6.0,4,20.8525719103772,,0.0,0.0,0.0,0.0,46.077359916404106,optimal
2021-02-10 12:00:00,1,47,0.0,0.0,0.0,1.1491666666666667,17.094,6.0,4,20.800081502570457,,0.0,0.0,0.0,0.0,45.88615177312148,optimal
2021-02-10 12:30:00,1,47,0.0,0.0,0.0,0.37746666666666656,17.094,6.0,4,20.762806913943177,,0.0,0.0,0.0,0.0,45.69513483798214,optimal
2021-02-10 13:00:00,1,47,0.0,0.0,0.0,0.25989999999999996,17.094,6.0,4,20.730898603320707,,0.0,0.0,0.0,0.0,45.504308919777934,optimal
2021-02-10 13:30:00,1,47,0.0,0.0,0.0,0.5397000000000001,17.3565,6.0,4,20.682161953170578,,0.0,0.0,0.0,0.0,45.31367382749193,optimal
2021-02-10 14:00:00,1,47,0.0,0.0,0.0,0.38189999999999996,17.115,6.0,4,20.67599401817502,,0.0,0.0,0.0,0.0,45.12322937029822,optimal
2021-02-10 14:30:00,1,47,0.0,0.0,0.0,0.23263333333333333,17.241,6.0,4,20.662945149092863,,0.0,0.0,0.0,0.0,44.9329753575617,optimal
2021-02-10 15:00:00,1,47,0.0,0.0,0.0,0.2705,17.094,6.0,4,20.635936642307534,,0.0,0.0,0.0,0.0,44.74291159883792,optimal
2021-02-10 15:30:00,1,47,1.05757336168744,0.0,0.0,0.4512,16.5165,6.0,4,20.57292848105776,,3172.720085062321,0.0,0.0,0.0,44.69816868723908,optimal
2021-02-10 16:00:00,1,47,0.0,0.0,0.0,1.3698333333333332,17.8185,6.0,4,20.7503329908538,,0.0,0.0,0.0,0.0,44.65347051855184,optimal
2021-02-10 16:30:00,1,47,0.0,0.0,0.0,2.9554666666666667,17.094,6.0,4,20.6585018621256,,0.0,0.0,0.0,0.0,44.60881704803329,optimal
2021-02-10 17:00:00,1,47,2.3333333333333335,0.0,0.0,1.9978333333333333,16.8945,6.0,4,20.606816026461463,,7000.0,0.0,0.0,0.0,44.56420823098525,optimal
2021-02-10 17:30:00,1,47,0.0,0.0,0.0,0.39316666666666666,18.123,6.0,4,20.991373119036627,,0.0,0.0,0.0,0.0,44.519644022754264,optimal
2021-02-10 18:00:00,1,47,0.0,0.0,0.0,0.3516666666666667,31.647,6.0,4,20.850129040806458,,0.0,0.0,0.0,0.0,44.47512437873151,optimal
2021-02-10 18:30:00,1,47,0.0,0.0,0.0,0.239,34.9965,6.0,4,20.69331428105506,,0.0,0.0,0.0,0.0,44.43064925435278,optimal
2021-02-10 19:00:00,1,47,0.0,0.0,0.0,0.24666666666666662,34.9965,6.0,4,20.51288612048737,,0.0,0.0,0.0,0.0,44.38621860509843,optimal
2021-02-10 19:30:00,1,47,0.0,0.0,0.0,0.35136666666666666,34.9965,6.0,4,20.329272955981654,,0.0,0.0,0.0,0.0,44.34183238649333,optimal
2021-02-10 20:00:00,1,47,0.0,0.0,0.0,0.41986666666666667,34.9965,6.0,4,20.157212244904752,,0.0,0.0,0.0,0.0,44.29749055410684,optimal
2021-02-10 20:30:00,1,47,0.0,0.0,0.0,0.32563333333333333,34.9965,6.0,4,20.0,,0.0,0.0,0.0,0.0,44.25319306355273,optimal
2021-02-10 21:00:00,1,47,0.0,0.0,0.0,0.7471333333333333,27.741,6.0,4,19.839159839176524,,0.0,0.0,0.0,0.0,44.208939870489175,optimal
2021-02-10 21:30:00,1,47,0.0,0.0,0.0,0.34936666666666666,19.026,6.0,4,19.697513076846143,,0.0,0.0,0.0,0.0,44.16473093061869,optimal
2021-02-10 22:00:00,1,47,0.0,0.0,0.0,0.48786666666666667,18.7215,6.0,4,19.50551249015816,,0.0,0.0,0.0,0.0,44.12056619968807,optimal
2021-02-10 22:30:00,1,47,0.0,0.0,0.0,0.5718666666666666,17.4195,6.0,4,19.320478240727898,,0.0,0.0,0.0,0.0,44.07644563348838,optimal
2021-02-10 23:00:00,1,47,0.0,0.0,0.0,0.28996666666666665,16.758,6.0,4,19.151322742250276,,0.0,0.0,0.0,0.0,44.0323691878549,optimal
2021-02-10 23:30:00,1,47,0.0,0.0,0.0,0.1612333333333333,14.217,6.0,4,18.943906377508934,,0.0,0.0,0.0,0.0,43.988336818667044,optimal
2021-02-11 00:00:00,1,47,2.3333333333333335,0.0,0.0,0.06433333333333333,11.025,6.0,-6,18.943906377508934,,7000.0,0.0,0.0,0.0,43.94434848184838,optimal
2021-02-11 00:30:00,1,47,2.3333333333333335,0.0,5.0,0.07366666666666667,10.584,6.0,-6,19.187358787501868,,5955.0,0.0,1045.0,0.0,46.27540413336653,optimal
2021-02-11 01:00:00,1,47,2.3333333333333335,0.0,0.14854923798335867,0.064,11.025,6.0,-6,19.354797200269978,,7000.0,0.0,0.0,0.0,46.299689617275256,optimal
2021-02-11 01:30:00,1,47,2.3333333333333335,0.0,5.0,0.064,10.4265,6.0,-6,19.595778077522528,,7000.0,0.0,0.0,0.0,48.62838992765797,optimal
2021-02-11 02:00:00,1,47,2.3333333333333335,0.0,0.0,0.064,12.789,6.0,-6,19.83393478196311,,7000.0,0.0,0.0,0.0,48.579761537730306,optimal
2021-02-11 02:30:00,1,47,2.3333333333333335,0.0,0.0,0.064,12.684,6.0,-6,20.069300411454762,,7000.0,0.0,0.0,0.0,48.53118177619257,optimal
2021-02-11 03:00:00,1,47,2.3333333333333335,0.0,0.0,0.064,16.254,6.0,-6,20.300735727040692,,7000.0,0.0,0.0,0.0,48.48265059441637,optimal
2021-02-11 03:30:00,1,47,2.3333333333333335,0.0,0.0,0.064,17.64,6.0,-6,20.528286789992652,,7000.0,0.0,0.0,0.0,48.434167943821954,optimal
2021-02-11 04:00:00,1,47,0.0,0.0,0.0,0.064,19.1625,6.0,-6,20.756100943022098,,0.0,0.0,0.0,0.0,48.38573377587813,optimal
2021-02-11 04:30:00,1,47,0.0,0.0,0.0,0.064,26.46,6.0,-6,20.486251985442888,,0.0,0.0,0.0,0.0,48.33734804210225,optimal
2021-02-11 05:00:00,1,47,0.0,0.0,0.0,0.064,20.79,6.0,-6,20.219565519834088,,0.0,0.0,0.0,0.0,48.289010694060146,optimal
2021-02-11 05:30:00,1,47,0.0,0.0,0.0,0.064,29.106,6.0,-6,19.956004483404897,,0.0,0.0,0.0,0.0,48.240721683366075,optimal
2021-02-11 06:00:00,1,47,1.037626428960887,0.0,0.0,0.06433333333333333,19.1835,6.0,-6,19.698462120045978,,3112.879286882661,0.0,0.0,0.0,48.192480961682705,optimal
2021-02-11 06:30:00,1,47,0.0,0.0,0.0,0.074,19.6665,6.0,-6,19.668292830929758,,0.0,0.0,0.0,0.0,48.144288480721016,optimal
2021-02-11 07:00:00,1,47,2.3333333333333335,0.0,0.0,0.926,19.404,6.0,-6,19.41998204585188,,7000.0,0.0,0.0,0.0,48.096144192240295,optimal
2021-02-11 07:30:00,1,47,2.3333333333333335,0.0,0.0,1.8913333333333333,19.047,6.0,-6,19.70291019792246,,7000.0,0.0,0.0,0.0,48.048048048048045,optimal
2021-02-11 08:00:00,1,47,1.9319206409345921,0.0,0.0,1.888,18.858,6.0,-6,20.0,,5795.7619228037765,0.0,0.0,0.0,48.0,optimal
2021-02-11 08:30:00,1,47,0.0,0.0,0.0,0.204,19.2675,6.0,-6,20.211069039873298,,0.0,0.0,0.0,0.0,47.80114612521171,optimal
2021-02-11 09:00:00,1,47,0.7225049741854829,0.0,0.0,1.888,18.963,6.0,-6,20.0,,2167.5149225564487,0.0,0.0,0.0,47.60249110429821,optimal
2021-02-11 09:30:00,1,47,1.0199352203364196,0.0,0.0,1.896,18.438,6.0,-6,20.0,,3059.805661009259,0.0,0.0,0.0,47.40403473840562,optimal
2021-02-11 10:00:00,1,47,0.0,0.0,0.0,0.7737999999999999,18.7425,6.0,-6,20.072204078306466,,0.0,0.0,0.0,0.0,47.205776828878925,optimal
2021-02-11 10:30:00,1,47,2.3333333333333335,0.0,0.0,1.5687666666666669,15.2145,6.0,-6,20.0,,4770.666666666666,0.0,2229.3333333333335,0.0,47.00771717726175,optimal
2021-02-11 11:00:00,1,47,0.0,0.0,0.0,1.9605333333333332,17.7765,6.0,-6,20.237597649680247,,0.0,0.0,0.0,0.0,46.809855585296205,optimal
2021-02-11 11:30:00,1,47,0.0,0.0,0.0,0.3068666666666667,16.758,6.0,-6,20.17183918807488,,0.0,0.0,0.0,0.0,46.61219185492262,optimal
2021-02-11 12:00:00,1,47,0.2622244835238833,0.0,0.0,0.16733333333333333,16.422,6.0,-6,20.10809627827009,,786.6734505716499,0.0,0.0,0.0,46.41472578827941,optimal
2021-02-11 12:30:00,1,47,0.0,0.0,0.0,1.9775333333333334,16.758,6.0,-6,20.133898365960313,,0.0,0.0,0.0,0.0,46.21745718770284,optimal
2021-02-11 13:00:00,1,47,0.0,0.0,0.0,1.0834000000000001,29.358,6.0,-6,20.129429169675102,,0.0,0.0,0.0,0.0,46.02038585572685,optimal
2021-02-11 13:30:00,1,47,0.0,0.0,0.0,1.0428666666666666,34.9965,6.0,-6,20.09165079425442,,0.0,0.0,0.0,0.0,45.823511595082834,optimal
2021-02-11 14:00:00,1,47,0.0,0.0,0.0,0.5498,34.65,6.0,-6,20.083317693805448,,0.0,0.0,0.0,0.0,45.626834208699464,optimal
2021-02-11 14:30:00,1,47,0.0,0.0,0.0,3.0413,34.9965,6.0,-6,20.069448435961565,,0.0,0.0,0.0,0.0,45.43035349970248,optimal
2021-02-11 15:00:00,1,47,0.0,0.0,0.0,1.8998666666666664,34.9965,6.0,-6,20.08651775211275,,0.0,0.0,0.0,0.0,45.234069271414484,optimal
2021-02-11 15:30:00,1,47,0.0,0.0,0.0,2.190866666666667,30.4815,6.0,-6,20.08517008109369,,0.0,0.0,0.0,0.0,45.03798132735478,optimal
2021-02-11 16:00:00,1,47,0.0,0.0,0.0,0.37210000000000004,21.4305,6.0,-6,20.090069062597454,,0.0,0.0,0.0,0.0,44.842089471239134,optimal
2021-02-11 16:30:00,1,47,0.5813961492607893,0.0,0.0,0.40776666666666667,14.3325,6.0,-6,20.0,,1395.8551144490348,0.0,348.3333333333333,0.0,44.64639350697961,optimal
2021-02-11 17:00:00,1,47,1.7087758779412816,0.0,0.0,0.3375666666666667,13.692,6.0,-6,20.0,,4359.994300490512,0.0,766.3333333333334,0.0,44.45089323868434,optimal
2021-02-11 17:30:00,1,47,0.0,0.0,0.0,2.0538000000000003,14.007,6.0,-6,20.152731943641,,0.0,0.0,0.0,0.0,44.255588470657365,optimal
2021-02-11 18:00:00,1,47,0.897726260988285,0.0,0.0,0.8994333333333333,12.873,6.0,-6,20.0,,2553.8454496315217,0.0,139.33333333333331,0.0,44.06047900739842,optimal
2021-02-11 18:30:00,1,47,0.7219541379899892,0.0,0.0,1.9714333333333327,12.684,6.0,-6,20.0,,2165.8624139699677,0.0,0.0,0.0,43.86556465360273,optimal
2021-02-11 19:00:00,1,47,0.7085353483250321,0.0,0.0,1.5573666666666666,12.306,6.0,-6,20.0,,2125.606044975096,0.0,0.0,0.0,43.67084521416084,optimal
2021-02-11 19:30:00,1,47,2.3333333333333335,0.0,0.0,1.9759,10.6365,6.0,-6,20.0,,6582.0,0.0,417.99999999999994,0.0,43.476320494158394,optimal
2021-02-11 20:00:00,1,47,0.08666715367743215,0.0,0.0,0.6986,11.2455,6.0,-6,20.236582823769435,,260.00146103229645,0.0,0.0,0.0,43.28199029887595,optimal
2021-02-11 20:30:00,1,47,0.0,0.0,0.0,0.6427999999999999,11.2455,6.0,-6,20.0,,0.0,0.0,0.0,0.0,43.087854433788785,optimal
2021-02-11 21:00:00,1,47,0.046444444444444434,0.0,0.0,0.5623333333333334,11.025,6.0,-6,19.756502185021283,,0.0,0.0,139.33333333333331,0.0,42.89391270456671,optimal
2021-02-11 21:30:00,1,47,0.0,0.0,0.0,0.5291,12.0855,6.0,-6,19.51889222146817,,0.0,0.0,0.0,0.0,42.851018791862145,optimal
2021-02-11 22:00:00,1,47,0.0,0.0,0.0,1.7132,11.6865,6.0,-6,19.311748962797097,,0.0,0.0,0.0,0.0,42.80816777307028,optimal
2021-02-11 22:30:00,1,47,0.0,0.0,0.0,2.6111,11.2245,6.0,-6,19.117679270983615,,0.0,0.0,0.0,0.0,42.76535960529721,optimal
2021-02-11 23:00:00,1,47,0.0,0.0,0.0,0.074,11.025,6.0,-6,18.92329328326239,,0.0,0.0,0.0,0.0,42.722594245691916,optimal
2021-02-11 23:30:00,1,47,0.0,0.0,0.0,0.07333333333333333,10.7835,6.0,-6,18.635077631823915,,0.0,0.0,0.0,0.0,42.67987165144623,optimal
2021-02-12 00:00:00,1,47,0.0,0.0,0.0,0.062,11.025,6.0,3,18.635077631823915,,0.0,0.0,0.0,0.0,42.63719177979478,optimal
2021-02-12 00:30:00,1,47,2.3333333333333335,0.0,0.0,0.07486666666666666,10.689,6.0,3,18.34653181777902,,0.0,0.0,7000.0,0.0,42.59455458801499,optimal
2021-02-12 01:00:00,1,47,2.3333333333333335,0.0,5.0,0.19066666666666662,8.1585,6.0,3,18.06228284342483,,0.0,0.0,7000.0,0.0,44.92696003342697,optimal
2021-02-12 01:30:00,1,47,2.3333333333333335,0.0,0.0,0.062,10.3635,6.0,3,17.789602192882885,,5882.333333333333,0.0,1117.6666666666667,0.0,44.88203307339354,optimal
2021-02-12 02:00:00,1,47,2.3333333333333335,0.0,0.0,0.13276666666666667,10.8045,6.0,3,17.930558261118623,,7000.0,0.0,0.0,0.0,44.83715104032015,optimal
2021-02-12 02:30:00,1,47,2.3333333333333335,0.0,0.0,0.13276666666666667,11.025,6.0,3,18.155569835173996,,7000.0,0.0,0.0,0.0,44.79231388927983,optimal
2021-02-12 03:00:00,1,47,2.3333333333333335,0.0,0.0,0.062,10.3635,6.0,3,18.3814602352847,,7000.0,0.0,0.0,0.0,44.74752157539055,optimal
2021-02-12 03:30:00,1,47,2.3333333333333335,0.0,0.0,0.16493333333333335,10.8045,6.0,3,18.603185396447465,,7000.0,0.0,0.0,0.0,44.70277405381516,optimal
2021-02-12 04:00:00,1,47,2.3333333333333335,0.0,0.0,0.1006,10.059,6.0,3,18.837837535353774,,7000.0,0.0,0.0,0.0,44.658071279761344,optimal
2021-02-12 04:30:00,1,47,2.3333333333333335,0.0,0.0,0.062,10.584,6.0,3,19.073367162982795,,7000.0,0.0,0.0,0.0,44.61341320848158,optimal
2021-02-12 05:00:00,1,47,2.3333333333333335,0.0,5.0,0.20353333333333334,9.4185,6.0,3,19.311594455836907,,7000.0,0.0,0.0,0.0,46.9437997952731,optimal
2021-02-12 05:30:00,1,47,2.3333333333333335,0.0,0.0,0.062,10.3635,6.0,3,19.56530102021193,,7000.0,0.0,0.0,0.0,46.89685599547783,optimal
2021-02-12 06:00:00,1,47,2.3333333333333335,0.0,2.6235474794904095,0.06843333333333333,9.8385,6.0,3,19.815342333437865,,7000.0,0.0,0.0,0.0,48.096144192240295,optimal
2021-02-12 06:30:00,1,47,2.3333333333333335,0.0,0.0,0.2001,11.067,6.0,3,20.07228649666328,,7000.0,0.0,0.0,0.0,48.048048048048045,optimal
2021-02-12 07:00:00,1,47,2.3333333333333335,0.0,0.0,0.8988333333333334,10.8465,6.0,3,20.336543655557794,,7000.0,0.0,0.0,0.0,48.0,optimal
2021-02-12 07:30:00,1,47,0.0,0.0,0.0,0.6613333333333333,13.671,6.0,3,20.605936117135084,,0.0,0.0,0.0,0.0,47.712000535432686,optimal
2021-02-12 08:00:00,1,47,2.3333333333333335,0.0,0.0,0.1806333333333333,12.348,6.0,3,20.398126946100152,,7000.0,0.0,0.0,0.0,47.42428907032994,optimal
2021-02-12 08:30:00,1,47,0.0,0.0,0.0,0.099,14.3325,6.0,3,20.650656512416116,,0.0,0.0,0.0,0.0,47.1368653166923,optimal
2021-02-12 09:00:00,1,47,0.0,0.0,0.0,0.10503333333333331,15.393,6.0,3,20.404917437529722,,0.0,0.0,0.0,0.0,46.849728986808294,optimal
2021-02-12 09:30:00,1,47,1.049657092490037,0.0,0.0,0.9825333333333331,13.587,6.0,3,20.194470603585096,,3148.971277470111,0.0,0.0,0.0,46.562879793254176,optimal
2021-02-12 10:00:00,1,47,0.0,0.0,0.0,0.2374,16.1385,6.0,3,20.246699537969597,,0.0,0.0,0.0,0.0,46.27631744889361,optimal
2021-02-12 10:30:00,1,47,0.0,0.0,0.0,0.11706666666666667,14.595,6.0,3,20.15038542334982,,0.0,0.0,0.0,0.0,45.9900416668774,optimal
2021-02-12 11:00:00,1,47,0.0,0.0,0.0,0.22119999999999998,14.637,6.0,3,20.04800883374095,,0.0,0.0,0.0,0.0,45.704052160643215,optimal
2021-02-12 11:30:00,1,47,0.16190427745470237,0.0,0.0,0.39426666666666665,13.9125,6.0,3,20.0,,485.7128323641071,0.0,0.0,0.0,45.41834864391526,optimal
2021-02-12 12:00:00,1,47,0.19635585543979586,0.0,0.0,0.0872,13.3665,6.0,3,20.0,,589.0675663193877,0.0,0.0,0.0,45.132930830704034,optimal
2021-02-12 12:30:00,1,47,0.31218575695204054,0.0,0.0,0.18803333333333333,13.0095,6.0,3,20.0,,936.5572708561217,0.0,0.0,0.0,44.84779843530602,optimal
2021-02-12 13:00:00,1,47,0.0,0.0,0.0,0.18266666666666662,13.8915,6.0,3,20.041284529320983,,0.0,0.0,0.0,0.0,44.5629511723034,optimal
2021-02-12 13:30:00,1,47,0.15002267638556357,0.0,0.0,0.3521666666666667,13.188,6.0,3,20.0,,450.0680291566908,0.0,0.0,0.0,44.278388756563785,optimal
2021-02-12 14:00:00,1,47,0.21441651197270928,0.0,0.0,0.3158,12.5685,6.0,3,20.0,,643.2495359181279,0.0,0.0,0.0,43.99411090323991,optimal
2021-02-12 14:30:00,1,47,0.22161953018205943,0.0,0.0,0.33,12.285,6.0,3,20.0,,664.8585905461783,0.0,0.0,0.0,43.71011732776935,optimal
2021-02-12 15:00:00,1,47,0.49531451389702974,0.0,0.0,0.4428333333333333,11.487,6.0,3,20.0,,1485.9435416910892,0.0,0.0,0.0,43.42640774587427,optimal
2021-02-12 15:30:00,1,47,0.0,0.0,0.0,0.37960000000000005,11.802,6.0,3,20.055293191204616,,0.0,0.0,0.0,0.0,43.142981873561084,optimal
2021-02-12 16:00:00,1,47,2.3333333333333335,0.0,0.0,0.6124333333333333,11.2245,6.0,3,20.0,,7000.0,0.0,0.0,0.0,42.859839427120214,optimal
2021-02-12 16:30:00,1,47,2.3333333333333335,0.0,0.0,1.7274,11.025,6.0,3,20.402983416191496,,7000.0,0.0,0.0,0.0,42.57698012312578,optimal
2021-02-12 17:00:00,1,47,0.8703803335951538,0.0,0.0,0.3241,11.907,6.0,3,20.842614335050623,,2611.141000785461,0.0,0.0,0.0,42.534403143002656,optimal
2021-02-12 17:30:00,1,47,0.0,0.0,0.0,0.5374333333333333,25.83,6.0,3,20.86199392073826,,0.0,0.0,0.0,0.0,42.491868739859655,optimal
2021-02-12 18:00:00,1,47,0.0,0.0,0.0,0.2799,28.035,6.0,3,20.710976890351642,,0.0,0.0,0.0,0.0,42.449376871119796,optimal
2021-02-12 18:30:00,1,47,0.0,0.0,0.0,1.849,28.119,6.0,3,20.530716799737093,,0.0,0.0,0.0,0.0,42.40692749424868,optimal
2021-02-12 19:00:00,1,47,0.0,0.0,0.0,0.7241333333333333,30.156,6.0,3,20.405970486311944,,0.0,0.0,0.0,0.0,42.36452056675443,optimal
2021-02-12 19:30:00,1,47,0.0,0.0,0.0,1.5467666666666668,29.1585,6.0,3,20.27566936589263,,0.0,0.0,0.0,0.0,42.32215604618767,optimal
2021-02-12 20:00:00,1,47,0.0,0.0,0.0,0.8055333333333333,26.712,6.0,3,20.143567114925176,,0.0,0.0,0.0,0.0,42.27983389014148,optimal
2021-02-12 20:30:00,1,47,0.0,0.0,0.0,0.5574666666666667,15.435,6.0,3,20.0,,0.0,0.0,0.0,0.0,42.23755405625134,optimal
2021-02-12 21:00:00,1,47,0.0,0.0,0.0,1.1870999999999998,13.566,6.0,3,19.86234063396827,,0.0,0.0,0.0,0.0,42.19531650219509,optimal
2021-02-12 21:30:00,1,47,0.0,0.0,0.0,0.6049666666666667,12.789,6.0,3,19.71563259113839,,0.0,0.0,0.0,0.0,42.153121185692896,optimal
2021-02-12 22:00:00,1,47,0.0,0.0,0.0,0.4288333333333333,12.1275,6.0,3,19.553992953317955,,0.0,0.0,0.0,0.0,42.110968064507205,optimal
2021-02-12 22:30:00,1,47,0.0,0.0,0.0,0.13496666666666668,13.671,6.0,3,19.381344649611233,,0.0,0.0,0.0,0.0,42.0688570964427,optimal
2021-02-12 23:00:00,1,47,0.0,0.0,0.0,0.18136666666666668,10.668,6.0,3,19.173230827236456,,0.0,0.0,0.0,0.0,42.02678823934625,optimal
2021-02-12 23:30:00,1,47,0.0,0.0,0.0,0.09916666666666668,11.7285,6.0,3,18.963506217887527,,0.0,0.0,0.0,0.0,41.984761451106905,optimal
2021-02-13 00:00:00,1,47,2.3333333333333335,0.0,0.0,0.11053333333333332,8.379,6.0,-5,18.963506217887527,,7000.0,0.0,0.0,0.0,41.9427766896558,optimal
2021-02-13 00:30:00,1,47,2.3333333333333335,0.0,0.0,0.14986666666666668,9.5235,6.0,-5,19.24977849676254,,4492.0,0.0,2508.0,0.0,41.90083391296614,optimal
2021-02-13 01:00:00,1,47,2.3333333333333335,0.0,5.0,0.24386666666666668,8.1375,6.0,-5,19.35768089912246,,7000.0,0.0,0.0,0.0,44.23393307905317,optimal
2021-02-13 01:30:00,1,47,0.0,0.0,0.0,0.1376,10.0905,6.0,-5,19.649989850824348,,0.0,0.0,0.0,0.0,44.18969914597412,optimal
2021-02-13 02:00:00,1,47,2.3333333333333335,0.0,5.0,0.13193333333333335,7.539,6.0,-5,19.43397700082048,,7000.0,0.0,0.0,0.0,46.52050944682814,optimal
2021-02-13 02:30:00,1,47,2.3333333333333335,0.0,5.0,0.2347333333333333,7.938,6.0,-5,19.718601722351288,,7000.0,0.0,0.0,0.0,48.848988937381314,optimal
2021-02-13 03:00:00,1,47,2.3333333333333335,0.0,0.46112330982209104,0.1144,8.274,6.0,-5,20.007203144142647,,7000.0,0.0,0.0,0.0,49.01917352060943,optimal
2021-02-13 03:30:00,1,47,2.3333333333333335,0.0,0.0,0.19946666666666668,9.261,6.0,-5,20.283862769165516,,7000.0,0.0,0.0,0.0,48.97015434708881,optimal
2021-02-13 04:00:00,1,47,2.3333333333333335,0.0,0.0,0.2522666666666667,9.9225,6.0,-5,20.562745061616557,,7000.0,0.0,0.0,0.0,48.92118419274172,optimal
2021-02-13 04:30:00,1,47,2.3333333333333335,0.0,0.0,0.07573333333333333,9.702,6.0,-5,20.841528784503645,,7000.0,0.0,0.0,0.0,48.87226300854897,optimal
2021-02-13 05:00:00,1,47,2.3333333333333335,0.0,0.0,0.3078,10.584,6.0,-5,21.10331620879567,,7000.0,0.0,0.0,0.0,48.823390745540415,optimal
2021-02-13 05:30:00,1,47,2.3333333333333335,0.0,0.0,0.12846666666666667,10.143,6.0,-5,21.37737100611377,,7000.0,0.0,0.0,0.0,48.774567354794875,optimal
2021-02-13 06:00:00,1,47,0.0,0.0,0.0,0.18363333333333332,13.0095,6.0,-5,21.63428575618244,,0.0,0.0,0.0,0.0,48.72579278744007,optimal
2021-02-13 06:30:00,1,47,1.7537898925070559,0.0,0.0,0.19463333333333332,11.025,6.0,-5,21.393018638630252,,5261.369677521167,0.0,0.0,0.0,48.67706699465263,optimal
2021-02-13 07:00:00,1,47,0.0,0.0,0.0,0.126,12.789,6.0,-5,21.529026609149817,,0.0,0.0,0.0,0.0,48.62838992765797,optimal
2021-02-13 07:30:00,1,47,0.0,0.0,0.0,0.068,12.1275,6.0,-5,21.28372155911503,,0.0,0.0,0.0,0.0,48.579761537730306,optimal
2021-02-13 08:00:00,1,47,0.0,0.0,0.0,0.17486666666666667,12.1695,6.0,-5,21.03657973583689,,0.0,0.0,0.0,0.0,48.53118177619257,optimal
2021-02-13 08:30:00,1,47,0.0,0.0,0.0,0.26139999999999997,12.306,6.0,-5,20.80089355135357,,0.0,0.0,0.0,0.0,48.48265059441637,optimal
2021-02-13 09:00:00,1,47,0.0,0.0,0.0,0.9765666666666668,13.23,6.0,-5,20.57471074120798,,0.0,0.0,0.0,0.0,48.434167943821954,optimal
2021-02-13 09:30:00,1,47,0.0,0.0,0.0,0.2966666666666667,13.671,6.0,-5,20.38366794980193,,0.0,0.0,0.0,0.0,48.38573377587813,optimal
2021-02-13 10:00:00,1,47,0.0,0.0,0.0,0.066,13.9335,6.0,-5,20.2137016498458,,0.0,0.0,0.0,0.0,48.33734804210225,optimal
2021-02-13 10:30:00,1,47,0.0,0.0,0.0,1.1027,13.293,6.0,-5,20.08523466444898,,0.0,0.0,0.0,0.0,48.289010694060146,optimal
2021-02-13 11:00:00,1,47,0.0,0.0,0.0,2.8530666666666664,12.1065,6.0,-5,20.0,,0.0,0.0,0.0,0.0,48.240721683366075,optimal
2021-02-13 11:30:00,1,47,0.0,0.0,0.0,0.9666,11.571,6.0,-5,20.014843558253173,,0.0,0.0,0.0,0.0,48.192480961682705,optimal
2021-02-13 12:00:00,1,47,0.5501895812915488,0.0,0.0,2.3045999999999998,11.025,6.0,-5,20.00613670057717,,1650.5687438746465,0.0,0.0,0.0,48.144288480721016,optimal
2021-02-13 12:30:00,1,47,2.3333333333333335,0.0,0.0,1.518,10.8465,6.0,-5,20.114269966257577,,7000.0,0.0,0.0,0.0,48.096144192240295,optimal
2021-02-13 13:00:00,1,47,2.3333333333333335,0.0,0.0,2.3205,11.2455,6.0,-5,20.58923964120259,,7000.0,0.0,0.0,0.0,48.048048048048045,optimal
2021-02-13 13:30:00,1,47,0.0,0.0,0.0,0.4132,23.8665,6.0,-5,21.06846838474166,,0.0,0.0,0.0,0.0,48.0,optimal
2021-02-13 14:00:00,1,47,0.0,0.0,0.0,0.3252,27.4575,6.0,-5,21.02980013296144,,0.0,0.0,0.0,0.0,47.39795195517597,optimal
2021-02-13 14:30:00,1,47,0.0,0.0,0.0,0.2834333333333333,27.3735,6.0,-5,20.931709109188148,,0.0,0.0,0.0,0.0,46.796505958396764,optimal
2021-02-13 15:00:00,1,47,0.0,0.0,0.0,0.11753333333333332,30.4605,6.0,-5,20.821026102362968,,0.0,0.0,0.0,0.0,46.19566140761434,optimal
2021-02-13 15:30:00,1,47,0.0,0.0,0.0,0.3187333333333333,30.0195,6.0,-5,20.675201754828166,,0.0,0.0,0.0,0.0,45.595417701382694,optimal
2021-02-13 16:00:00,1,47,0.0,0.0,0.0,0.077,26.9325,6.0,-5,20.54422617827557,,0.0,0.0,0.0,0.0,44.99577423885728,optimal
2021-02-13 16:30:00,1,47,0.0,0.0,0.0,0.2306,14.595,6.0,-5,20.356673674599904,,0.0,0.0,0.0,0.0,44.396730419794395,optimal
2021-02-13 17:00:00,1,47,0.0,0.0,0.0,0.26676666666666665,12.4845,6.0,-5,20.189785024952197,,0.0,0.0,0.0,0.0,43.798285644550575,optimal
2021-02-13 17:30:00,1,47,0.5908067223943316,0.0,0.0,3.175866666666667,12.1275,6.0,-5,20.0,,1772.4201671829949,0.0,0.0,0.0,43.200439314082,optimal
2021-02-13 18:00:00,1,47,1.7080284139446582,0.0,0.0,1.0092,12.1275,6.0,-5,20.0,,5124.085241833975,0.0,0.0,0.0,42.603190829943884,optimal
2021-02-13 18:30:00,1,47,0.0,0.0,0.0,1.8868,12.789,6.0,-5,20.198611303264865,,0.0,0.0,0.0,0.0,42.00653959428991,optimal
2021-02-13 19:00:00,1,47,0.8648093631650486,0.0,0.0,0.5773666666666667,11.907,6.0,-5,20.0,,2594.428089495146,0.0,0.0,0.0,41.96453305469562,optimal
2021-02-13 19:30:00,1,47,0.6512979369299525,0.0,0.0,3.407633333333333,11.025,6.0,-5,20.0,,1953.8938107898575,0.0,0.0,0.0,41.922568521640926,optimal
2021-02-13 20:00:00,1,47,1.0797453995837512,0.0,0.0,4.4193999999999996,8.2005,6.0,-5,20.0,,1706.5695320845864,0.0,1532.6666666666667,0.0,41.880645953119284,optimal
2021-02-13 20:30:00,1,47,0.0,0.0,0.0,1.5815,9.5655,6.0,-5,20.0,,0.0,0.0,0.0,0.0,41.83876530716616,optimal
2021-02-13 21:00:00,1,47,0.32511111111111113,0.0,0.0,0.26466666666666666,7.056,6.0,-5,19.84270517207054,,0.0,0.0,975.3333333333334,0.0,41.796926541858994,optimal
2021-02-13 21:30:00,1,47,0.0,0.0,0.0,0.44503333333333334,9.3975,6.0,-5,19.66155073076694,,0.0,0.0,0.0,0.0,41.75512961531714,optimal
2021-02-13 22:00:00,1,47,0.0,0.0,0.0,0.4458333333333333,10.059,6.0,-5,19.487661839447195,,0.0,0.0,0.0,0.0,41.71337448570182,optimal
2021-02-13 22:30:00,1,47,0.0,0.0,0.0,0.5865666666666667,9.261,6.0,-5,19.323599455285663,,0.0,0.0,0.0,0.0,41.67166111121612,optimal
2021-02-13 23:00:00,1,47,0.0,0.0,0.0,0.47633333333333333,8.1585,6.0,-5,19.17419983913401,,0.0,0.0,0.0,0.0,41.6299894501049,optimal
2021-02-13 23:30:00,1,47,0.0,0.0,0.0,0.5074666666666666,9.4815,6.0,-5,19.021259220802015,,0.0,0.0,0.0,0.0,41.58835946065479,optimal
2021-02-07 00:00:00,2,47,0.0,0.0,0.0,0.09776666666666668,9.261,6.0,0,21.0,,0.0,0.0,0.0,0.0,47.952,optimal
2021-02-07 00:30:00,2,47,0.0,0.0,0.0,0.2282333333333333,10.3635,6.0,0,20.820517728428825,,0.0,0.0,0.0,0.0,47.904047999999996,optimal
2021-02-07 01:00:00,2,47,0.0,0.0,0.0,0.19586666666666666,8.274,6.0,0,20.66232014867824,,0.0,0.0,0.0,0.0,47.856143952,optimal
2021-02-07 01:30:00,2,47,0.0,0.0,0.0,0.09016666666666669,7.7175,6.0,0,20.473267113009275,,0.0,0.0,0.0,0.0,47.80828780804799,optimal
2021-02-07 02:00:00,2,47,0.0,0.0,0.0,0.12340000000000001,6.615,6.0,0,20.278325068830863,,0.0,0.0,0.0,0.0,47.76047952023995,optimal
2021-02-07 02:30:00,2,47,0.0,0.0,0.0,0.16163333333333332,6.174,6.0,0,20.087445620664468,,0.0,0.0,0.0,0.0,47.712719040719705,optimal
2021-02-07 03:00:00,2,47,2.3333333333333335,0.0,0.0,0.1245,3.906,6.0,0,19.89973436562368,,7000.0,0.0,0.0,0.0,47.66500632167899,optimal
2021-02-07 03:30:00,2,47,2.3333333333333335,0.0,0.0,0.1270333333333333,2.3415,6.0,0,20.208854429259773,,7000.0,0.0,0.0,0.0,47.61734131535731,optimal
2021-02-07 04:00:00,2,47,2.3333333333333335,0.0,0.0,0.15116666666666664,2.205,6.0,0,20.51404083239921,,7000.0,0.0,0.0,0.0,47.56972397404195,optimal
2021-02-07 04:30:00,2,47,2.3333333333333335,0.0,1.5127735437856342,0.10163333333333334,0.882,6.0,0,20.8161648052715,,7000.0,0.0,0.0,0.0,48.240721683366075,optimal
2021-02-07 05:00:00,2,47,2.3333333333333335,0.0,0.0,0.2022333333333333,1.5435,6.0,0,21.11174627439785,,7000.0,0.0,0.0,0.0,48.192480961682705,optimal
2021-02-07 05:30:00,2,47,2.3333333333333335,0.0,0.0,0.064,1.5435,6.0,0,21.411114388674502,,7000.0,0.0,0.0,0.0,48.144288480721016,optimal
2021-02-07 06:00:00,2,47,2.152668961046052,0.0,0.0,0.27726666666666666,5.0715,6.0,0,21.697141265502232,,6458.006883138155,0.0,0.0,0.0,48.096144192240295,optimal
2021-02-07 06:30:00,2,47,0.0,0.0,0.0,0.7706666666666666,5.376,6.0,0,21.96103298618009,,0.0,0.0,0.0,0.0,48.048048048048045,optimal
2021-02-07 07:00:00,2,47,2.3333333333333335,0.0,0.0,1.8908666666666663,5.0715,6.0,0,21.8134863672811,,7000.0,0.0,0.0,0.0,48.0,optimal
2021-02-07 07:30:00,2,47,0.0,0.0,0.0,0.24,5.5125,6.0,0,22.210897502118126,,0.0,0.0,0.0,0.0,47.7538365015498,optimal
2021-02-07 08:00:00,2,47,1.0893268258188575,0.0,0.0,0.11586666666666666,9.261,6.0,0,22.0,,3267.9804774565723,0.0,0.0,0.0,47.50791916659805,optimal
2021-02-07 08:30:00,2,47,0.0,0.0,0.0,0.11586666666666666,11.7075,6.0,0,22.0,,0.0,0.0,0.0,0.0,47.26224774898125,optimal
2021-02-07 09:00:00,2,47,0.0,0.0,0.0,0.19016666666666662,12.348,6.0,0,21.766956450256078,,0.0,0.0,0.0,0.0,47.01682200278207,optimal
2021-02-07 09:30:00,2,47,0.0,0.0,0.0,0.0905,12.348,6.0,0,21.55729382315907,,0.0,0.0,0.0,0.0,46.77164168232909,optimal
2021-02-07 10:00:00,2,47,0.0,0.0,0.0,0.15853333333333333,12.1275,6.0,0,21.343584832674544,,0.0,0.0,0.0,0.0,46.526706542196564,optimal
2021-02-07 10:30:00,2,47,0.0,0.0,0.0,0.2832,12.5265,6.0,0,21.157358121974468,,0.0,0.0,0.0,0.0,46.28201633720417,optimal
2021-02-07 11:00:00,2,47,1.8785118447678621,0.0,0.0,0.38716666666666666,11.7495,6.0,0,20.991537235241786,,5635.535534303586,0.0,0.0,0.0,46.03757082241677,optimal
2021-02-07 11:30:00,2,47,0.0,0.0,0.0,0.3133,13.23,6.0,0,21.262806904238804,,0.0,0.0,0.0,0.0,45.793369753144155,optimal
2021-02-07 12:00:00,2,47,0.0,0.0,0.0,0.24053333333333332,14.3325,6.0,0,21.125734862999273,,0.0,0.0,0.0,0.0,45.549412884940814,optimal
2021-02-07 12:30:00,2,47,0.0,0.0,0.0,0.3101333333333333,14.994,6.0,0,21.00310200227788,,0.0,0.0,0.0,0.0,45.30569997360568,optimal
2021-02-07 13:00:00,2,47,0.0,0.0,0.0,0.22826666666666667,14.8155,6.0,0,20.884960264508702,,0.0,0.0,0.0,0.0,45.062230775181874,optimal
2021-02-07 13:30:00,2,47,0.0,0.0,0.0,0.2553333333333333,14.112,6.0,0,20.74501356991488,,0.0,0.0,0.0,0.0,44.819005045956494,optimal
2021-02-07 14:00:00,2,47,0.0,0.0,0.0,0.23956666666666662,14.007,6.0,0,20.610593472525185,,0.0,0.0,0.0,0.0,44.576022542460336,optimal
2021-02-07 14:30:00,2,47,0.0,0.0,0.0,0.2414,13.23,6.0,0,20.485087684386333,,0.0,0.0,0.0,0.0,44.33328302146768,optimal
2021-02-07 15:00:00,2,47,2.3333333333333335,0.0,0.0,0.18913333333333332,11.382,6.0,0,20.360725875404725,,7000.0,0.0,0.0,0.0,44.090786239996014,optimal
2021-02-07 15:30:00,2,47,2.3333333333333335,0.0,0.0,0.1169,11.7495,6.0,0,20.73654215004007,,7000.0,0.0,0.0,0.0,43.848531955305816,optimal
2021-02-07 16:00:00,2,47,0.0,0.0,0.0,0.17423333333333332,24.3285,6.0,0,21.101058034113013,,0.0,0.0,0.0,0.0,43.60651992490031,optimal
2021-02-07 16:30:00,2,47,0.0,0.0,0.0,0.1417,28.917,6.0,0,20.92916703669339,,0.0,0.0,0.0,0.0,43.36474990652521,optimal
2021-02-07 17:00:00,2,47,0.0,0.0,0.0,0.2955,31.3635,6.0,0,20.75756233147864,,0.0,0.0,0.0,0.0,43.32138515661869,optimal
2021-02-07 17:30:00,2,47,0.0,0.0,0.0,1.7986666666666666,33.306,6.0,0,20.59694271300632,,0.0,0.0,0.0,0.0,43.27806377146207,optimal
2021-02-07 18:00:00,2,47,0.0,0.0,0.0,0.40953333333333336,31.3425,6.0,0,20.46215242675362,,0.0,0.0,0.0,0.0,43.23478570769061,optimal
2021-02-07 18:30:00,2,47,0.0,0.0,0.0,0.3758666666666667,28.2555,6.0,0,20.291918986101887,,0.0,0.0,0.0,0.0,43.19155092198292,optimal
2021-02-07 19:00:00,2,47,0.0,0.0,0.0,0.5431666666666666,15.6975,6.0,0,20.131779043211324,,0.0,0.0,0.0,0.0,43.14835937106094,optimal
2021-02-07 19:30:00,2,47,0.5413878878669028,0.0,0.0,0.6612666666666667,12.5475,6.0,0,20.0,,1624.1636636007083,0.0,0.0,0.0,43.10521101168988,optimal
2021-02-07 20:00:00,2,47,0.6922856656446797,0.0,0.0,0.257,12.0855,6.0,0,20.0,,2076.856996934039,0.0,0.0,0.0,43.06210580067819,optimal
2021-02-07 20:30:00,2,47,0.0,0.0,0.0,0.5379666666666667,11.907,6.0,0,20.0,,0.0,0.0,0.0,0.0,43.01904369487751,optimal
2021-02-07 21:00:00,2,47,0.0,0.0,0.0,0.33093333333333336,12.5685,6.0,0,19.872221116515153,,0.0,0.0,0.0,0.0,42.976024651182634,optimal
2021-02-07 21:30:00,2,47,0.0,0.0,0.0,0.8041666666666666,13.146,6.0,0,19.720613774038956,,0.0,0.0,0.0,0.0,42.93304862653145,optimal
2021-02-07 22:00:00,2,47,0.0,0.0,0.0,0.30646666666666667,10.584,6.0,0,19.599427997815955,,0.0,0.0,0.0,0.0,42.89011557790492,optimal
2021-02-07 22:30:00,2,47,0.0,0.0,0.0,0.107,6.678,6.0,0,19.425391208265804,,0.0,0.0,0.0,0.0,42.84722546232702,optimal
2021-02-07 23:00:00,2,47,0.0,0.0,0.0,0.16319999999999998,7.938,6.0,0,19.23325423644044,,0.0,0.0,0.0,0.0,42.80437823686469,optimal
2021-02-07 23:30:00,2,47,0.0,0.0,0.0,0.17186666666666667,5.292,6.0,0,19.04736662311415,,0.0,0.0,0.0,0.0,42.76157385862783,optimal
2021-02-08 00:00:00,2,47,0.0,0.0,0.0,0.065,11.2455,6.0,2,19.04736662311415,,0.0,0.0,0.0,0.0,42.7188122847692,optimal
2021-02-08 00:30:00,2,47,0.0,0.0,0.0,0.065,11.025,6.0,2,18.846614115464646,,0.0,0.0,0.0,0.0,42.67609347248443,optimal
2021-02-08 01:00:00,2,47,2.3333333333333335,0.0,0.0,0.134,5.9745,6.0,2,18.648214324680076,,0.0,0.0,7000.0,0.0,42.633417379011945,optimal
2021-02-08 01:30:00,2,47,2.3333333333333335,0.0,0.0,0.06883333333333333,7.938,6.0,2,18.457047777420453,,5013.0,0.0,1987.0,0.0,42.59078396163293,optimal
2021-02-08 02:00:00,2,47,2.3333333333333335,0.0,0.0,0.2526333333333333,8.6835,6.0,2,18.61948428681962,,7000.0,0.0,0.0,0.0,42.548193177671294,optimal
2021-02-08 02:30:00,2,47,2.3333333333333335,0.0,0.0,0.088,7.665,6.0,2,18.93384422071501,,7000.0,0.0,0.0,0.0,42.50564498449362,optimal
2021-02-08 03:00:00,2,47,2.3333333333333335,0.0,0.0,0.111,6.7725,6.0,2,19.23339531368544,,7000.0,0.0,0.0,0.0,42.46313933950913,optimal
2021-02-08 03:30:00,2,47,2.3333333333333335,0.0,0.0,0.065,5.5755,6.0,2,19.531657828392554,,7000.0,0.0,0.0,0.0,42.420676200169616,optimal
2021-02-08 04:00:00,2,47,2.3333333333333335,0.0,5.0,0.1262333333333333,5.0925,6.0,2,19.822566818085594,,7000.0,0.0,0.0,0.0,44.75325552396944,optimal
2021-02-08 04:30:00,2,47,2.3333333333333335,0.0,5.0,0.1684,4.1895,6.0,2,20.113836170268414,,7000.0,0.0,0.0,0.0,47.08350226844547,optimal
2021-02-08 05:00:00,2,47,2.3333333333333335,0.0,0.0,0.09183333333333331,7.056,6.0,2,20.403519439482466,,7000.0,0.0,0.0,0.0,47.03641876617703,optimal
2021-02-08 05:30:00,2,47,2.3333333333333335,0.0,4.687071665511852,0.2258,5.271,6.0,2,20.683189489313953,,7000.0,0.0,0.0,0.0,49.215741388528976,optimal
2021-02-08 06:00:00,2,47,2.3333333333333335,0.0,0.0,0.09566666666666669,7.938,6.0,2,20.968525274566726,,7000.0,0.0,0.0,0.0,49.16652564714044,optimal
2021-02-08 06:30:00,2,47,2.3333333333333335,0.0,0.0,0.09356666666666666,7.938,6.0,2,21.240674467814213,,7000.0,0.0,0.0,0.0,49.1173591214933,optimal
2021-02-08 07:00:00,2,47,0.0,0.0,0.0,0.2289,11.907,6.0,2,21.508898860103873,,0.0,0.0,0.0,0.0,49.0682417623718,optimal
2021-02-08 07:30:00,2,47,0.0,0.0,0.0,1.3110666666666666,11.025,6.0,2,21.288013628062632,,0.0,0.0,0.0,0.0,49.01917352060943,optimal
2021-02-08 08:00:00,2,47,0.0,0.0,0.0,1.1140333333333332,11.2875,6.0,2,21.12096821736277,,0.0,0.0,0.0,0.0,48.97015434708881,optimal
2021-02-08 08:30:00,2,47,0.0,0.0,0.0,0.3011333333333333,12.936,6.0,2,20.95711410658097,,0.0,0.0,0.0,0.0,48.92118419274172,optimal
2021-02-08 09:00:00,2,47,0.0,0.0,0.0,0.2805,13.0095,6.0,2,20.78086553413009,,0.0,0.0,0.0,0.0,48.87226300854897,optimal
2021-02-08 09:30:00,2,47,0.0,0.0,0.0,0.34996666666666665,13.671,6.0,2,20.63500976718274,,0.0,0.0,0.0,0.0,48.823390745540415,optimal
2021-02-08 10:00:00,2,47,0.0,0.0,0.0,0.22646666666666668,13.188,6.0,2,20.505292236536587,,0.0,0.0,0.0,0.0,48.774567354794875,optimal
2021-02-08 10:30:00,2,47,0.0,0.0,0.0,0.5239,13.8495,6.0,2,20.39504376743857,,0.0,0.0,0.0,0.0,48.72579278744007,optimal
2021-02-08 11:00:00,2,47,0.0,0.0,0.0,0.26476666666666665,13.23,6.0,2,20.296049592458292,,0.0,0.0,0.0,0.0,48.67706699465263,optimal
2021-02-08 11:30:00,2,47,0.0,0.0,0.0,0.36910000000000004,13.3665,6.0,2,20.224738848159337,,0.0,0.0,0.0,0.0,48.62838992765797,optimal
2021-02-08 12:00:00,2,47,0.0,0.0,0.0,0.23,13.0515,6.0,2,20.16271494005878,,0.0,0.0,0.0,0.0,48.579761537730306,optimal
2021-02-08 12:30:00,2,47,0.0,0.0,0.0,0.5818333333333334,13.5345,6.0,2,20.104558328636262,,0.0,0.0,0.0,0.0,48.53118177619257,optimal
2021-02-08 13:00:00,2,47,0.0,0.0,0.0,3.2705666666666664,14.154,6.0,2,20.05783259729279,,0.0,0.0,0.0,0.0,48.48265059441637,optimal
2021-02-08 13:30:00,2,47,0.0,0.0,0.0,2.3611666666666666,14.112,6.0,2,20.05530590272479,,0.0,0.0,0.0,0.0,48.434167943821954,optimal
2021-02-08 14:00:00,2,47,0.0,0.0,0.0,0.6843666666666667,14.2485,6.0,2,20.029422252081144,,0.0,0.0,0.0,0.0,48.38573377587813,optimal
2021-02-08 14:30:00,2,47,0.03500892472016341,0.0,0.0,0.3836333333333333,12.789,6.0,2,20.010658003545394,,105.02677416049025,0.0,0.0,0.0,48.33734804210225,optimal
2021-02-08 15:00:00,2,47,0.0,0.0,0.0,0.415,13.0095,6.0,2,20.012914983376973,,0.0,0.0,0.0,0.0,48.289010694060146,optimal
2021-02-08 15:30:00,2,47,2.3333333333333335,0.0,0.0,0.6614666666666666,12.1275,6.0,2,20.0,,7000.0,0.0,0.0,0.0,48.240721683366075,optimal
2021-02-08 16:00:00,2,47,0.14700791933833357,0.0,0.0,0.3571333333333333,12.348,6.0,2,20.503881722288035,,441.02375801500074,0.0,0.0,0.0,48.192480961682705,optimal
2021-02-08 16:30:00,2,47,2.3333333333333335,0.0,0.0,1.1069,12.348,6.0,2,20.469797310760438,,7000.0,0.0,0.0,0.0,48.144288480721016,optimal
2021-02-08 17:00:00,2,47,0.0,0.0,0.0,1.3476666666666668,25.389,6.0,2,20.93404940990988,,0.0,0.0,0.0,0.0,48.096144192240295,optimal
2021-02-08 17:30:00,2,47,0.0,0.0,0.0,0.43660000000000004,29.1375,6.0,2,20.869913488957707,,0.0,0.0,0.0,0.0,48.048048048048045,optimal
2021-02-08 18:00:00,2,47,0.0,0.0,0.0,0.42219999999999996,30.597,6.0,2,20.750357450331236,,0.0,0.0,0.0,0.0,48.0,optimal
2021-02-08 18:30:00,2,47,0.0,0.0,0.0,0.9131666666666667,33.684,6.0,2,20.592765320383844,,0.0,0.0,0.0,0.0,47.016701424714164,optimal
2021-02-08 19:00:00,2,47,0.0,0.0,0.0,0.5413,32.445,6.0,2,20.46451525208374,,0.0,0.0,0.0,0.0,46.03438614800361,optimal
2021-02-08 19:30:00,2,47,0.0,0.0,0.0,0.41303333333333336,28.917,6.0,2,20.303651313330786,,0.0,0.0,0.0,0.0,45.05305318656978,optimal
2021-02-08 20:00:00,2,47,0.0,0.0,0.0,0.8357666666666667,15.876,6.0,2,20.135355747257087,,0.0,0.0,0.0,0.0,44.07270155809737,optimal
2021-02-08 20:30:00,2,47,0.0,0.0,0.0,0.49756666666666666,12.348,6.0,2,20.0,,0.0,0.0,0.0,0.0,43.09333028125344,optimal
2021-02-08 21:00:00,2,47,0.0,0.0,0.0,0.7112666666666666,12.1275,6.0,2,19.855109625946273,,0.0,0.0,0.0,0.0,42.11493837568635,optimal
2021-02-08 21:30:00,2,47,0.0,0.0,0.0,0.3033666666666667,12.348,6.0,2,19.74802081714476,,0.0,0.0,0.0,0.0,41.137524862024826,optimal
2021-02-08 22:00:00,2,47,0.0,0.0,0.0,0.4939333333333333,12.1275,6.0,2,19.611255119697756,,0.0,0.0,0.0,0.0,40.16108876187697,optimal
2021-02-08 22:30:00,2,47,0.0,0.0,0.0,0.37573333333333336,12.1275,6.0,2,19.488536548297493,,0.0,0.0,0.0,0.0,39.185629097829256,optimal
2021-02-08 23:00:00,2,47,0.0,0.0,0.0,0.11396666666666669,11.2665,6.0,2,19.35458726710083,,0.0,0.0,0.0,0.0,39.14644346873143,optimal
2021-02-08 23:30:00,2,47,0.0,0.0,0.0,0.17,10.143,6.0,2,19.14960554839274,,0.0,0.0,0.0,0.0,39.107297025262696,optimal
2021-02-09 00:00:00,2,47,0.0,0.0,0.0,0.063,11.6865,6.0,3,19.14960554839274,,0.0,0.0,0.0,0.0,39.068189728237435,optimal
2021-02-09 00:30:00,2,47,0.0,0.0,0.0,0.1368,11.466,6.0,3,18.942940126045478,,0.0,0.0,0.0,0.0,39.029121538509195,optimal
2021-02-09 01:00:00,2,47,2.3333333333333335,0.0,5.0,0.063,10.8045,6.0,3,18.744532223663494,,33.33333333333394,0.0,6966.666666666666,0.0,41.36509241697068,optimal
2021-02-09 01:30:00,2,47,2.3333333333333335,0.0,5.0,0.1368,10.584,6.0,3,18.546157065203907,,7000.0,0.0,0.0,0.0,43.698727324553715,optimal
2021-02-09 02:00:00,2,47,2.3333333333333335,0.0,0.0,0.063,11.2455,6.0,3,18.849736400596957,,7000.0,0.0,0.0,0.0,43.65502859722916,optimal
2021-02-09 02:30:00,2,47,0.0,0.0,0.0,0.063,12.1275,6.0,3,19.14333645999307,,0.0,0.0,0.0,0.0,43.61137356863193,optimal
2021-02-09 03:00:00,2,47,0.0,0.0,0.0,0.1368,11.823,6.0,3,18.93615853369532,,0.0,0.0,0.0,0.0,43.5677621950633,optimal
2021-02-09 03:30:00,2,47,2.3333333333333335,0.0,0.0,0.063,11.7705,6.0,3,18.73724413364741,,7000.0,0.0,0.0,0.0,43.52419443286824,optimal
2021-02-09 04:00:00,2,47,2.3333333333333335,0.0,0.5004198397596994,0.1368,11.13,6.0,3,19.034506442821726,,7000.0,0.0,0.0,0.0,43.71836966232123,optimal
2021-02-09 04:30:00,2,47,2.3333333333333335,0.0,0.0,0.063,11.6865,6.0,3,19.334706470769714,,7000.0,0.0,0.0,0.0,43.67465129265891,optimal
2021-02-09 05:00:00,2,47,2.3333333333333335,0.0,5.0,0.063,10.7205,6.0,3,19.624966826478204,,7000.0,0.0,0.0,0.0,46.005976641366246,optimal
2021-02-09 05:30:00,2,47,2.3333333333333335,0.0,0.0,0.1368,11.424,6.0,3,19.910653530124556,,7000.0,0.0,0.0,0.0,45.95997066472487,optimal
2021-02-09 06:00:00,2,47,2.3333333333333335,0.0,5.0,0.063,10.689,6.0,3,20.198241663799884,,7000.0,0.0,0.0,0.0,48.289010694060146,optimal
2021-02-09 06:30:00,2,47,2.3333333333333335,0.0,0.0,0.063,11.361,6.0,3,20.477209879125464,,7000.0,0.0,0.0,0.0,48.240721683366075,optimal
2021-02-09 07:00:00,2,47,2.3333333333333335,0.0,0.0,0.1348,11.571,6.0,3,20.752322754972173,,7000.0,0.0,0.0,0.0,48.192480961682705,optimal
2021-02-09 07:30:00,2,47,0.0,0.0,0.0,1.1762000000000001,14.3745,6.0,3,21.03686548674781,,0.0,0.0,0.0,0.0,48.144288480721016,optimal
2021-02-09 08:00:00,2,47,0.0,0.0,0.0,0.5640666666666667,13.23,6.0,3,20.8362995421998,,0.0,0.0,0.0,0.0,48.096144192240295,optimal
2021-02-09 08:30:00,2,47,0.0,0.0,0.0,1.523766666666667,13.9755,6.0,3,20.629537717148892,,0.0,0.0,0.0,0.0,48.048048048048045,optimal
2021-02-09 09:00:00,2,47,0.0,0.0,0.0,0.3436666666666667,14.994,6.0,3,20.471067730353226,,0.0,0.0,0.0,0.0,48.0,optimal
2021-02-09 09:30:00,2,47,0.772270843315483,0.0,0.0,0.6397999999999999,13.671,6.0,3,20.322363772069895,,2316.812529946449,0.0,0.0,0.0,47.702465990499945,optimal
2021-02-09 10:00:00,2,47,0.0,0.0,0.0,0.3857,15.981,6.0,3,20.361191393721846,,0.0,0.0,0.0,0.0,47.405229515009395,optimal
2021-02-09 10:30:00,2,47,0.0,0.0,0.0,1.0372999999999999,15.6345,6.0,3,20.274603902223614,,0.0,0.0,0.0,0.0,47.108290275994335,optimal
2021-02-09 11:00:00,2,47,0.0,0.0,0.0,1.1300999999999999,16.5375,6.0,3,20.188326679685254,,0.0,0.0,0.0,0.0,46.81164797621829,optimal
2021-02-09 11:30:00,2,47,0.0,0.0,0.0,0.231,14.7735,6.0,3,20.150277102802765,,0.0,0.0,0.0,0.0,46.515302318742016,optimal
2021-02-09 12:00:00,2,47,0.0,0.0,0.0,0.1686,15.2145,6.0,3,20.06834533416685,,0.0,0.0,0.0,0.0,46.21925300692322,optimal
2021-02-09 12:30:00,2,47,0.2891677322164284,0.0,0.0,0.32489999999999997,14.553,6.0,3,20.0,,867.5031966492851,0.0,0.0,0.0,45.92349974441624,optimal
2021-02-09 13:00:00,2,47,0.5202775870658922,0.0,0.0,0.4764,14.3325,6.0,3,20.0,,1560.8327611976767,0.0,0.0,0.0,45.62804223517177,optimal
2021-02-09 13:30:00,2,47,0.0,0.0,0.0,0.34703333333333336,14.595,6.0,3,20.097759494149134,,0.0,0.0,0.0,0.0,45.332880183436544,optimal
2021-02-09 14:00:00,2,47,0.0,0.0,0.0,0.073,14.994,6.0,3,20.073655112392466,,0.0,0.0,0.0,0.0,45.03801329375305,optimal
2021-02-09 14:30:00,2,47,0.3192584444982488,0.0,0.0,0.1468,14.3325,6.0,3,20.0,,957.7753334947465,0.0,0.0,0.0,44.743441270959245,optimal
2021-02-09 15:00:00,2,47,0.5081540108420511,0.0,0.0,0.073,13.8915,6.0,3,20.0,,1524.4620325261535,0.0,0.0,0.0,44.44916382018823,optimal
2021-02-09 15:30:00,2,47,1.6548290577122786,0.0,0.0,0.073,13.8915,6.0,3,20.0,,4964.487173136836,0.0,0.0,0.0,44.15518064686799,optimal
2021-02-09 16:00:00,2,47,2.3333333333333335,0.0,0.0,0.08940000000000001,13.4715,6.0,3,20.244695434566246,,7000.0,0.0,0.0,0.0,43.86149145672107,optimal
2021-02-09 16:30:00,2,47,2.3333333333333335,0.0,0.0,0.13040000000000002,13.23,6.0,3,20.58514216262843,,7000.0,0.0,0.0,0.0,43.56809595576429,optimal
2021-02-09 17:00:00,2,47,2.3333333333333335,0.0,0.0,0.09759999999999999,13.8915,6.0,3,20.923343486805283,,7000.0,0.0,0.0,0.0,43.274993850308476,optimal
2021-02-09 17:30:00,2,47,0.0,0.0,0.0,0.1222,26.9325,6.0,3,21.20622424731045,,0.0,0.0,0.0,0.0,42.98218484695811,optimal
2021-02-09 18:00:00,2,47,0.0,0.0,0.0,0.073,30.303,6.0,3,20.988444567534003,,0.0,0.0,0.0,0.0,42.689668652611104,optimal
2021-02-09 18:30:00,2,47,0.0,0.0,0.0,0.33786666666666665,32.886,6.0,3,20.754138480812532,,0.0,0.0,0.0,0.0,42.39744497445844,optimal
2021-02-09 19:00:00,2,47,0.0,0.0,0.0,0.6874666666666667,34.9965,6.0,3,20.54762419660863,,0.0,0.0,0.0,0.0,42.10551351998392,optimal
2021-02-09 19:30:00,2,47,0.0,0.0,0.0,0.26696666666666663,33.327,6.0,3,20.38553195108148,,0.0,0.0,0.0,0.0,41.813873996963885,optimal
2021-02-09 20:00:00,2,47,0.0,0.0,0.0,0.3481,31.122,6.0,3,20.18818242402034,,0.0,0.0,0.0,0.0,41.52252611346687,optimal
2021-02-09 20:30:00,2,47,0.0,0.0,0.0,0.1305,17.9025,6.0,3,20.0,,0.0,0.0,0.0,0.0,41.231469577853346,optimal
2021-02-09 21:00:00,2,47,0.0,0.0,0.0,0.073,15.6555,6.0,3,19.80097674813536,,0.0,0.0,0.0,0.0,40.94070409877544,optimal
2021-02-09 21:30:00,2,47,0.0,0.0,0.0,0.1468,14.553,6.0,3,19.57941522888519,,0.0,0.0,0.0,0.0,40.650229385176615,optimal
2021-02-09 22:00:00,2,47,0.0,0.0,0.0,0.073,14.3325,6.0,3,19.363355931924044,,0.0,0.0,0.0,0.0,40.360045146291384,optimal
2021-02-09 22:30:00,2,47,0.0,0.0,0.0,0.1468,13.335,6.0,3,19.14223530942684,,0.0,0.0,0.0,0.0,40.07015109164504,optimal
2021-02-09 23:00:00,2,47,0.0,0.0,0.0,0.073,12.1275,6.0,3,18.929541614458373,,0.0,0.0,0.0,0.0,39.78054693105334,optimal
2021-02-09 23:30:00,2,47,0.0,0.0,0.0,0.1811333333333333,12.2955,6.0,3,18.7146770231418,,0.0,0.0,0.0,0.0,39.74076638412228,optimal
2021-02-10 00:00:00,2,47,0.0,0.0,0.0,0.05633333333333333,14.217,6.0,5,18.7146770231418,,0.0,0.0,0.0,0.0,39.70102561773816,optimal
2021-02-10 00:30:00,2,47,0.023222222222222217,0.0,0.0,0.09166666666666669,13.3665,6.0,5,18.51705764291101,,0.0,0.0,69.66666666666666,0.0,39.66132459212042,optimal
2021-02-10 01:00:00,2,47,0.0,0.0,0.0,0.1988,12.789,6.0,5,18.319346988418452,,0.0,0.0,0.0,0.0,39.621663267528305,optimal
2021-02-10 01:30:00,2,47,1.7447564962243893,0.0,0.0,0.058,11.907,6.0,5,18.127440590636947,,0.0,0.0,5234.269488673168,0.0,39.58204160426078,optimal
2021-02-10 02:00:00,2,47,2.3333333333333335,0.0,0.0,0.14759999999999998,11.7075,6.0,5,17.926595921053426,,1714.6028220065004,0.0,5285.397177993499,0.0,39.54245956265652,optimal
2021-02-10 02:30:00,2,47,2.3333333333333335,0.0,4.296033537909538,0.1092,10.8045,6.0,5,17.855269427147842,,7000.0,0.0,0.0,0.0,41.543533033600895,optimal
2021-02-10 03:00:00,2,47,2.3333333333333335,0.0,0.0,0.1028,11.508,6.0,5,18.158007585021483,,7000.0,0.0,0.0,0.0,41.501989500567284,optimal
2021-02-10 03:30:00,2,47,2.3333333333333335,0.0,0.0,0.154,11.508,6.0,5,18.45674256230079,,7000.0,0.0,0.0,0.0,41.46048751106672,optimal
2021-02-10 04:00:00,2,47,2.3333333333333335,0.0,0.0,0.058,11.508,6.0,5,18.75561847015539,,7000.0,0.0,0.0,0.0,41.41902702355565,optimal
2021-02-10 04:30:00,2,47,2.3333333333333335,0.0,0.0,0.1988,11.844,6.0,5,19.044163045110643,,7000.0,0.0,0.0,0.0,41.377607996532085,optimal
2021-02-10 05:00:00,2,47,2.3333333333333335,0.0,0.0,0.058,11.508,6.0,5,19.33816944392516,,7000.0,0.0,0.0,0.0,41.336230388535554,optimal
2021-02-10 05:30:00,2,47,2.3333333333333335,0.0,0.0,0.058,11.508,6.0,5,19.61754292111822,,7000.0,0.0,0.0,0.0,41.29489415814702,optimal
2021-02-10 06:00:00,2,47,2.3333333333333335,0.0,5.0,1.2181333333333335,10.4475,6.0,5,19.89247033490539,,7000.0,0.0,0.0,0.0,43.62859926398887,optimal
2021-02-10 06:30:00,2,47,2.3333333333333335,0.0,5.0,0.193,10.8675,6.0,5,20.193071708195532,,7000.0,0.0,0.0,0.0,45.95997066472487,optimal
2021-02-10 07:00:00,2,47,2.3333333333333335,0.0,5.0,0.16013333333333332,10.542,6.0,5,20.49581784012984,,7000.0,0.0,0.0,0.0,48.289010694060146,optimal
2021-02-10 07:30:00,2,47,2.3333333333333335,0.0,0.0,0.4219,11.025,6.0,5,20.798002397798236,,7000.0,0.0,0.0,0.0,48.240721683366075,optimal
2021-02-10 08:00:00,2,47,2.3333333333333335,0.0,0.0,0.08686666666666666,11.025,6.0,5,21.096042934874887,,7000.0,0.0,0.0,0.0,48.192480961682705,optimal
2021-02-10 08:30:00,2,47,0.0,0.0,0.0,0.7235,14.553,6.0,5,21.35838178744438,,0.0,0.0,0.0,0.0,48.144288480721016,optimal
2021-02-10 09:00:00,2,47,2.3333333333333335,0.0,0.0,1.3214000000000001,13.0935,6.0,5,21.149199010867175,,7000.0,0.0,0.0,0.0,48.096144192240295,optimal
2021-02-10 09:30:00,2,47,0.0,0.0,0.0,0.8131,15.6345,6.0,5,21.48841898010854,,0.0,0.0,0.0,0.0,48.048048048048045,optimal
2021-02-10 10:00:00,2,47,0.0,0.0,0.0,0.244,18.102,6.0,5,21.318237222593236,,0.0,0.0,0.0,0.0,48.0,optimal
2021-02-10 10:30:00,2,47,0.0,0.0,0.0,0.2088,17.199,6.0,5,21.19400987088304,,0.0,0.0,0.0,0.0,47.42561769759861,optimal
2021-02-10 11:00:00,2,47,0.0,0.0,0.0,0.068,18.2805,6.0,5,21.043320105889084,,0.0,0.0,0.0,0.0,46.851809777499625,optimal
2021-02-10 11:30:00,2,47,0.0,0.0,0.0,0.068,17.4615,6.0,5,20.91958380956393,,0.0,0.0,0.0,0.0,46.27857566532074,optimal
2021-02-10 12:00:00,2,47,0.0,0.0,0.0,0.13040000000000002,18.3225,6.0,5,20.798469588369127,,0.0,0.0,0.0,0.0,45.70591478725403,optimal
2021-02-10 12:30:00,2,47,0.0,0.0,0.0,1.5910333333333333,17.094,6.0,5,20.73109191301255,,0.0,0.0,0.0,0.0,45.13382657006539,optimal
2021-02-10 13:00:00,2,47,0.0,0.0,0.0,0.7414666666666667,17.094,6.0,5,20.74751049854757,,0.0,0.0,0.0,0.0,44.562310441093935,optimal
2021-02-10 13:30:00,2,47,0.0,0.0,0.0,0.2942666666666667,17.094,6.0,5,20.71975370169612,,0.0,0.0,0.0,0.0,43.99136582825145,optimal
2021-02-10 14:00:00,2,47,0.0,0.0,0.0,0.3689333333333333,17.3565,6.0,5,20.678933150315395,,0.0,0.0,0.0,0.0,43.42099216002181,optimal
2021-02-10 14:30:00,2,47,0.0,0.0,0.0,0.20363333333333333,17.115,6.0,5,20.636970295296088,,0.0,0.0,0.0,0.0,42.8511888654604,optimal
2021-02-10 15:00:00,2,47,0.0,0.0,0.0,0.08946666666666667,17.241,6.0,5,20.58259115945399,,0.0,0.0,0.0,0.0,42.28195537419355,optimal
2021-02-10 15:30:00,2,47,0.0,0.0,0.0,0.2754,17.094,6.0,5,20.49241458581857,,0.0,0.0,0.0,0.0,41.71329111641797,optimal
2021-02-10 16:00:00,2,47,2.3333333333333335,0.0,0.0,1.4705,16.5165,6.0,5,20.421375269776657,,7000.0,0.0,0.0,0.0,41.14519552290017,optimal
2021-02-10 16:30:00,2,47,0.0,0.0,0.0,0.8680666666666668,17.8185,6.0,5,20.844688628266006,,0.0,0.0,0.0,0.0,40.57766802497588,optimal
2021-02-10 17:00:00,2,47,0.0,0.0,0.0,0.41256666666666664,17.094,6.0,5,20.745909062023735,,0.0,0.0,0.0,0.0,40.537090356950905,optimal
2021-02-10 17:30:00,2,47,2.3333333333333335,0.0,0.0,1.5563333333333333,16.8945,6.0,5,20.575664811382662,,7000.0,0.0,0.0,0.0,40.496553266593956,optimal
2021-02-10 18:00:00,2,47,0.0,0.0,0.0,0.2931333333333333,18.123,6.0,5,20.933023701183846,,0.0,0.0,0.0,0.0,40.456056713327364,optimal
2021-02-10 18:30:00,2,47,0.0,0.0,0.0,0.3048,31.647,6.0,5,20.74872898000165,,0.0,0.0,0.0,0.0,40.41560065661404,optimal
2021-02-10 19:00:00,2,47,0.0,0.0,0.0,0.24913333333333332,34.9965,6.0,5,20.559321845027267,,0.0,0.0,0.0,0.0,40.375185055957424,optimal
2021-02-10 19:30:00,2,47,0.0,0.0,0.0,0.4614333333333333,34.9965,6.0,5,20.368340559773856,,0.0,0.0,0.0,0.0,40.334809870901466,optimal
2021-02-10 20:00:00,2,47,0.0,0.0,0.0,0.33986666666666665,34.9965,6.0,5,20.189853083685964,,0.0,0.0,0.0,0.0,40.29447506103057,optimal
2021-02-10 20:30:00,2,47,0.0,0.0,0.0,0.45156666666666667,34.9965,6.0,5,20.0,,0.0,0.0,0.0,0.0,40.254180585969536,optimal
2021-02-10 21:00:00,2,47,0.0,0.0,0.0,0.17496666666666666,34.9965,6.0,5,19.82043081677471,,0.0,0.0,0.0,0.0,40.21392640538357,optimal
2021-02-10 21:30:00,2,47,0.0,0.0,0.0,0.2554666666666667,27.741,6.0,5,19.615734118237025,,0.0,0.0,0.0,0.0,40.17371247897818,optimal
2021-02-10 22:00:00,2,47,0.0,0.0,0.0,0.2079333333333333,19.026,6.0,5,19.404967070542636,,0.0,0.0,0.0,0.0,40.13353876649921,optimal
2021-02-10 22:30:00,2,47,0.0,0.0,0.0,0.3388,18.7215,6.0,5,19.174837507037363,,0.0,0.0,0.0,0.0,40.09340522773271,optimal
2021-02-10 23:00:00,2,47,0.0,0.0,0.0,0.0872,17.4195,6.0,5,18.954646930134086,,0.0,0.0,0.0,0.0,40.05331182250498,optimal
2021-02-10 23:30:00,2,47,0.0,0.0,0.0,0.068,16.758,6.0,5,18.69859559949503,,0.0,0.0,0.0,0.0,40.013258510682476,optimal
2021-02-11 00:00:00,2,47,2.3333333333333335,0.0,5.0,0.064,10.6365,6.0,3,18.69859559949503,,7000.0,0.0,0.0,0.0,42.34824525217179,optimal
2021-02-11 00:30:00,2,47,2.3333333333333335,0.0,0.0,0.1288,11.2455,6.0,3,18.94495137927513,,2262.666666666667,0.0,4737.333333333333,0.0,42.30589700691962,optimal
2021-02-11 01:00:00,2,47,2.3333333333333335,0.0,0.0,0.28876666666666667,11.2455,6.0,3,18.85722589213024,,7000.0,0.0,0.0,0.0,42.2635911099127,optimal
2021-02-11 01:30:00,2,47,2.3333333333333335,0.0,0.0,0.1437,11.025,6.0,3,19.120054577946686,,7000.0,0.0,0.0,0.0,42.22132751880279,optimal
2021-02-11 02:00:00,2,47,0.0,0.0,0.0,0.13353333333333334,12.0855,6.0,3,19.36948418194991,,0.0,0.0,0.0,0.0,42.179106191283985,optimal
2021-02-11 02:30:00,2,47,2.3333333333333335,0.0,0.0,0.23413333333333333,11.6865,6.0,3,19.117344306922174,,7000.0,0.0,0.0,0.0,42.1369270850927,optimal
2021-02-11 03:00:00,2,47,2.3333333333333335,0.0,0.0,0.064,11.2245,6.0,3,19.372066417452253,,7000.0,0.0,0.0,0.0,42.094790158007605,optimal
2021-02-11 03:30:00,2,47,2.3333333333333335,0.0,0.0,0.5823333333333334,11.025,6.0,3,19.610529463188826,,7000.0,0.0,0.0,0.0,42.052695367849594,optimal
2021-02-11 04:00:00,2,47,2.3333333333333335,0.0,3.7996588066387686,0.09709999999999999,10.7835,6.0,3,19.893644413895874,,7000.0,0.0,0.0,0.0,43.81548060563516,optimal
2021-02-11 04:30:00,2,47,2.3333333333333335,0.0,0.0,0.08363333333333334,11.025,6.0,3,20.149739500698743,,7000.0,0.0,0.0,0.0,43.771665125029514,optimal
2021-02-11 05:00:00,2,47,2.3333333333333335,0.0,5.0,0.34726666666666667,10.584,6.0,3,20.408798877031572,,7000.0,0.0,0.0,0.0,46.10289345990448,optimal
2021-02-11 05:30:00,2,47,2.3333333333333335,0.0,0.0,0.064,11.025,6.0,3,20.661120981269892,,7000.0,0.0,0.0,0.0,46.056790566444576,optimal
2021-02-11 06:00:00,2,47,2.3333333333333335,0.0,5.0,0.1884333333333333,10.4265,6.0,3,20.8932665828148,,7000.0,0.0,0.0,0.0,48.38573377587813,optimal
2021-02-11 06:30:00,2,47,2.3333333333333335,0.0,0.0,0.24403333333333332,12.789,6.0,3,21.134472604968806,,7000.0,0.0,0.0,0.0,48.33734804210225,optimal
2021-02-11 07:00:00,2,47,2.3333333333333335,0.0,0.0,0.07033333333333333,12.684,6.0,3,21.379736620241736,,7000.0,0.0,0.0,0.0,48.289010694060146,optimal
2021-02-11 07:30:00,2,47,0.0,0.0,0.0,0.21680000000000002,16.254,6.0,3,21.612250030469834,,0.0,0.0,0.0,0.0,48.240721683366075,optimal
2021-02-11 08:00:00,2,47,0.0,0.0,0.0,0.1635,17.64,6.0,3,21.3548589909303,,0.0,0.0,0.0,0.0,48.192480961682705,optimal
2021-02-11 08:30:00,2,47,0.0,0.0,0.0,0.25676666666666664,19.1625,6.0,3,21.101857659510653,,0.0,0.0,0.0,0.0,48.144288480721016,optimal
2021-02-11 09:00:00,2,47,0.0,0.0,0.0,0.1378,26.46,6.0,3,20.869951923038883,,0.0,0.0,0.0,0.0,48.096144192240295,optimal
2021-02-11 09:30:00,2,47,0.0,0.0,0.0,0.3244666666666666,20.79,6.0,3,20.66468578935575,,0.0,0.0,0.0,0.0,48.048048048048045,optimal
2021-02-11 10:00:00,2,47,0.0,0.0,0.0,0.4065,29.106,6.0,3,20.502810227565945,,0.0,0.0,0.0,0.0,48.0,optimal
2021-02-11 10:30:00,2,47,0.0,0.0,0.0,1.7271666666666667,19.1835,6.0,3,20.43331920412074,,0.0,0.0,0.0,0.0,47.66924956659122,optimal
2021-02-11 11:00:00,2,47,0.0,0.0,0.0,0.8954333333333333,19.6665,6.0,3,20.41707713299525,,0.0,0.0,0.0,0.0,47.33882988361585,optimal
2021-02-11 11:30:00,2,47,0.0,0.0,0.0,0.9174333333333332,19.404,6.0,3,20.406561780256222,,0.0,0.0,0.0,0.0,47.00874062032346,optimal
2021-02-11 12:00:00,2,47,0.0,0.0,0.0,0.36556666666666665,19.047,6.0,3,20.408056360844796,,0.0,0.0,0.0,0.0,46.67898144629436,optimal
2021-02-11 12:30:00,2,47,0.0,0.0,0.0,0.3436,18.858,6.0,3,20.42604622182114,,0.0,0.0,0.0,0.0,46.34955203143929,optimal
2021-02-11 13:00:00,2,47,0.0,0.0,0.0,0.6372333333333333,19.2675,6.0,3,20.453510485326422,,0.0,0.0,0.0,0.0,46.02045204599907,optimal
2021-02-11 13:30:00,2,47,0.0,0.0,0.0,0.307,18.963,6.0,3,20.492642163389196,,0.0,0.0,0.0,0.0,45.69168116054429,optimal
2021-02-11 14:00:00,2,47,0.0,0.0,0.0,0.365,18.438,6.0,3,20.485964570496645,,0.0,0.0,0.0,0.0,45.36323904597497,optimal
2021-02-11 14:30:00,2,47,0.0,0.0,0.0,0.1752,18.7425,6.0,3,20.465545088243466,,0.0,0.0,0.0,0.0,45.035125373520216,optimal
2021-02-11 15:00:00,2,47,2.3333333333333335,0.0,0.0,0.2526,15.2145,6.0,3,20.41584055890253,,7000.0,0.0,0.0,0.0,44.707339814737914,optimal
2021-02-11 15:30:00,2,47,0.0,0.0,0.0,0.1842666666666667,17.7765,6.0,3,20.830542390356033,,0.0,0.0,0.0,0.0,44.3798820415144,optimal
2021-02-11 16:00:00,2,47,0.6583992215427794,0.0,0.0,0.15719999999999998,16.758,6.0,3,20.724122919985696,,1975.1976646283383,0.0,0.0,0.0,44.05275172606411,optimal
2021-02-11 16:30:00,2,47,2.3333333333333335,0.0,0.0,0.26726666666666665,16.422,6.0,3,20.698768169884904,,7000.0,0.0,0.0,0.0,43.72594854092927,optimal
2021-02-11 17:00:00,2,47,2.3333333333333335,0.0,0.0,0.18519999999999998,16.758,6.0,3,21.0284158785613,,7000.0,0.0,0.0,0.0,43.399472158979556,optimal
2021-02-11 17:30:00,2,47,0.0,0.0,0.0,0.18130000000000002,29.358,6.0,3,21.282245190573,,0.0,0.0,0.0,0.0,43.073322253411796,optimal
2021-02-11 18:00:00,2,47,0.0,0.0,0.0,0.7077,34.9965,6.0,3,21.035351566632098,,0.0,0.0,0.0,0.0,42.7474984977496,optimal
2021-02-11 18:30:00,2,47,0.0,0.0,0.0,1.761,34.65,6.0,3,20.822472806521958,,0.0,0.0,0.0,0.0,42.42200056584308,optimal
2021-02-11 19:00:00,2,47,0.0,0.0,0.0,0.5754,34.9965,6.0,3,20.63022013314341,,0.0,0.0,0.0,0.0,42.379578565277235,optimal
2021-02-11 19:30:00,2,47,0.0,0.0,0.0,1.7102666666666668,34.9965,6.0,3,20.39520710639445,,0.0,0.0,0.0,0.0,42.33719898671196,optimal
2021-02-11 20:00:00,2,47,0.0,0.0,0.0,1.7580333333333333,30.4815,6.0,3,20.215236468143388,,0.0,0.0,0.0,0.0,42.294861787725246,optimal
2021-02-11 20:30:00,2,47,0.0,0.0,0.0,1.0433,21.4305,6.0,3,20.0,,0.0,0.0,0.0,0.0,42.25256692593752,optimal
2021-02-11 21:00:00,2,47,0.0,0.0,0.0,0.4665,14.3325,6.0,3,19.77302754196921,,0.0,0.0,0.0,0.0,42.21031435901158,optimal
2021-02-11 21:30:00,2,47,0.0,0.0,0.0,0.6512,13.692,6.0,3,19.54742776817355,,0.0,0.0,0.0,0.0,42.16810404465257,optimal
2021-02-11 22:00:00,2,47,0.0,0.0,0.0,0.6116,14.007,6.0,3,19.3498919523791,,0.0,0.0,0.0,0.0,42.12593594060792,optimal
2021-02-11 22:30:00,2,47,0.0,0.0,0.0,0.9912666666666667,12.873,6.0,3,19.151308872081948,,0.0,0.0,0.0,0.0,42.083810004667306,optimal
2021-02-11 23:00:00,2,47,0.0,0.0,0.0,0.7057666666666667,12.684,6.0,3,18.976177757248337,,0.0,0.0,0.0,0.0,42.04172619466264,optimal
2021-02-11 23:30:00,2,47,0.0,0.0,0.0,0.4497333333333334,12.306,6.0,3,18.77894358294819,,0.0,0.0,0.0,0.0,41.999684468467976,optimal
2021-02-12 00:00:00,2,47,2.3333333333333335,0.0,0.0,0.045,10.3635,6.0,-3,18.77894358294819,,7000.0,0.0,0.0,0.0,41.95768478399951,optimal
2021-02-12 00:30:00,2,47,2.3333333333333335,0.0,0.0,0.045,10.8045,6.0,-3,18.98536870347786,,2123.333333333333,0.0,4876.666666666667,0.0,41.91572709921551,optimal
2021-02-12 01:00:00,2,47,2.3333333333333335,0.0,4.6006282975346835,0.045,10.059,6.0,-3,18.842488188557983,,7000.0,0.0,0.0,0.0,44.05910981344527,optimal
2021-02-12 01:30:00,2,47,2.3333333333333335,0.0,0.0,0.045,10.584,6.0,-3,19.048168598762267,,7000.0,0.0,0.0,0.0,44.01505070363182,optimal
2021-02-12 02:00:00,2,47,2.3333333333333335,0.0,5.0,0.045,9.4185,6.0,-3,19.25261048853016,,7000.0,0.0,0.0,0.0,46.34603565292819,optimal
2021-02-12 02:30:00,2,47,2.3333333333333335,0.0,0.0,0.045,10.3635,6.0,-3,19.45582837268866,,7000.0,0.0,0.0,0.0,46.299689617275256,optimal
2021-02-12 03:00:00,2,47,2.3333333333333335,0.0,5.0,0.045,9.8385,6.0,-3,19.660180493818,,7000.0,0.0,0.0,0.0,48.62838992765797,optimal
2021-02-12 03:30:00,2,47,2.3333333333333335,0.0,0.0,0.045,11.067,6.0,-3,19.865653559240133,,7000.0,0.0,0.0,0.0,48.579761537730306,optimal
2021-02-12 04:00:00,2,47,2.3333333333333335,0.0,0.0,0.045,10.8465,6.0,-3,20.076922227779594,,7000.0,0.0,0.0,0.0,48.53118177619257,optimal
2021-02-12 04:30:00,2,47,0.0,0.0,0.0,0.045,13.671,6.0,-3,20.29391857792768,,0.0,0.0,0.0,0.0,48.48265059441637,optimal
2021-02-12 05:00:00,2,47,2.3333333333333335,0.0,0.0,0.045,12.348,6.0,-3,20.018652366776283,,7000.0,0.0,0.0,0.0,48.434167943821954,optimal
2021-02-12 05:30:00,2,47,0.0,0.0,0.0,0.045,14.3325,6.0,-3,20.25273889495391,,0.0,0.0,0.0,0.0,48.38573377587813,optimal
2021-02-12 06:00:00,2,47,0.0,0.0,0.0,0.045,15.393,6.0,-3,19.995534522603332,,0.0,0.0,0.0,0.0,48.33734804210225,optimal
2021-02-12 06:30:00,2,47,2.3333333333333335,0.0,0.0,0.045,13.587,6.0,-3,19.750720045580252,,7000.0,0.0,0.0,0.0,48.289010694060146,optimal
2021-02-12 07:00:00,2,47,0.0,0.0,0.0,0.045,16.1385,6.0,-3,20.007869735535213,,0.0,0.0,0.0,0.0,48.240721683366075,optimal
2021-02-12 07:30:00,2,47,2.2730773875793036,0.0,0.0,0.045,14.595,6.0,-3,19.76525459397578,,6819.232162737911,0.0,0.0,0.0,48.192480961682705,optimal
2021-02-12 08:00:00,2,47,1.2281150841976622,0.0,0.0,0.045,14.637,6.0,-3,20.0,,3684.345252592987,0.0,0.0,0.0,48.144288480721016,optimal
2021-02-12 08:30:00,2,47,1.0830766761719248,0.0,0.0,0.2626,13.9125,6.0,-3,20.0,,3249.2300285157744,0.0,0.0,0.0,48.096144192240295,optimal
2021-02-12 09:00:00,2,47,0.9021183467932795,0.0,0.0,1.0411,13.3665,6.0,-3,20.0,,2706.3550403798386,0.0,0.0,0.0,48.048048048048045,optimal
2021-02-12 09:30:00,2,47,1.4636500903516647,0.0,0.0,0.404,13.0095,6.0,-3,20.0,,4390.950271054994,0.0,0.0,0.0,48.0,optimal
2021-02-12 10:00:00,2,47,0.0,0.0,0.0,0.055,13.8915,6.0,-3,20.139769705409478,,0.0,0.0,0.0,0.0,47.68804109144178,optimal
2021-02-12 10:30:00,2,47,0.6253356045096947,0.0,0.0,0.055,13.188,6.0,-3,20.0,,1876.006813529084,0.0,0.0,0.0,47.376394141792126,optimal
2021-02-12 11:00:00,2,47,0.3960057865593783,0.0,0.0,0.055,12.5685,6.0,-3,20.0,,1188.0173596781349,0.0,0.0,0.0,47.06505883909212,optimal
2021-02-12 11:30:00,2,47,0.3932598330102575,0.0,0.0,0.055,12.285,6.0,-3,20.0,,1179.7794990307725,0.0,0.0,0.0,46.754034871694806,optimal
2021-02-12 12:00:00,2,47,1.8950308026362837,0.0,0.0,0.055,11.487,6.0,-3,20.0,,1505.0924079088506,0.0,4180.0,0.0,46.44332192826489,optimal
2021-02-12 12:30:00,2,47,0.0,0.0,0.0,0.9628666666666668,11.802,6.0,-3,20.040191275790765,,0.0,0.0,0.0,0.0,46.13291969777841,optimal
2021-02-12 13:00:00,2,47,2.3333333333333335,0.0,0.0,0.2726,11.2245,6.0,-3,20.0,,7000.0,0.0,0.0,0.0,45.82282786952242,optimal
2021-02-12 13:30:00,2,47,2.3333333333333335,0.0,0.0,0.05433333333333334,11.025,6.0,-3,20.46869083544439,,7000.0,0.0,0.0,0.0,45.51304613309468,optimal
2021-02-12 14:00:00,2,47,2.1075037154922316,0.0,0.0,0.053,11.907,6.0,-3,20.90534890742841,,6322.511146476695,0.0,0.0,0.0,45.20357417840337,optimal
2021-02-12 14:30:00,2,47,0.0,0.0,0.0,0.055,25.83,6.0,-3,21.280533894436616,,0.0,0.0,0.0,0.0,44.894411695666754,optimal
2021-02-12 15:00:00,2,47,0.0,0.0,0.0,0.055,28.035,6.0,-3,21.182421526277373,,0.0,0.0,0.0,0.0,44.58555837541287,optimal
2021-02-12 15:30:00,2,47,0.0,0.0,0.0,0.055,28.119,6.0,-3,21.064220092417063,,0.0,0.0,0.0,0.0,44.27701390847925,optimal
2021-02-12 16:00:00,2,47,0.0,0.0,0.0,0.055,30.156,6.0,-3,20.945645995601193,,0.0,0.0,0.0,0.0,43.968777986012554,optimal
2021-02-12 16:30:00,2,47,0.0,0.0,0.0,0.09333333333333331,29.1585,6.0,-3,20.776278975691557,,0.0,0.0,0.0,0.0,43.66085029946833,optimal
2021-02-12 17:00:00,2,47,0.0,0.0,0.0,0.055,26.712,6.0,-3,20.611593187625033,,0.0,0.0,0.0,0.0,43.353230540610646,optimal
2021-02-12 17:30:00,2,47,0.0,0.0,0.0,0.2927666666666667,15.435,6.0,-3,20.392801071014095,,0.0,0.0,0.0,0.0,43.04591840151182,optimal
2021-02-12 18:00:00,2,47,0.0,0.0,0.0,0.055666666666666656,13.566,6.0,-3,20.20269917948856,,0.0,0.0,0.0,0.0,42.73891357455209,optimal
2021-02-12 18:30:00,2,47,0.8787000762825904,0.0,0.0,0.0747,12.789,6.0,-3,20.0,,2636.100228847771,0.0,0.0,0.0,42.432215752419324,optimal
2021-02-12 19:00:00,2,47,1.578473853195416,0.0,0.0,0.17733333333333334,12.1275,6.0,-3,20.0,,4735.421559586248,0.0,0.0,0.0,42.389783536666904,optimal
2021-02-12 19:30:00,2,47,0.0,0.0,0.0,0.053,13.671,6.0,-3,20.181295002306154,,0.0,0.0,0.0,0.0,42.347393753130234,optimal
2021-02-12 20:00:00,2,47,0.8520076218059734,0.0,0.0,0.0858,10.668,6.0,-3,20.0,,2556.0228654179205,0.0,0.0,0.0,42.3050463593771,optimal
2021-02-12 20:30:00,2,47,0.0,0.0,0.0,0.08713333333333334,11.7285,6.0,-3,20.0,,0.0,0.0,0.0,0.0,42.26274131301773,optimal
2021-02-12 21:00:00,2,47,0.0,0.0,0.0,0.0823,11.025,6.0,-3,19.8257575112138,,0.0,0.0,0.0,0.0,42.22047857170471,optimal
2021-02-12 21:30:00,2,47,0.0,0.0,0.0,0.055,10.689,6.0,-3,19.626054135783196,,0.0,0.0,0.0,0.0,42.178258093133,optimal
2021-02-12 22:00:00,2,47,0.0,0.0,0.0,0.055,8.1585,6.0,-3,19.401391090751478,,0.0,0.0,0.0,0.0,42.13607983503987,optimal
2021-02-12 22:30:00,2,47,0.0,0.0,0.0,0.055,10.3635,6.0,-3,19.17994695633655,,0.0,0.0,0.0,0.0,42.09394375520483,optimal
2021-02-12 23:00:00,2,47,0.0,0.0,0.0,0.055,10.8045,6.0,-3,18.96109803408499,,0.0,0.0,0.0,0.0,42.05184981144963,optimal
2021-02-12 23:30:00,2,47,0.0,0.0,0.0,0.05166666666666666,11.025,6.0,-3,18.744813909435624,,0.0,0.0,0.0,0.0,42.00979796163818,optimal
2021-02-13 00:00:00,2,47,2.3333333333333335,0.0,0.0,0.066,9.5235,6.0,-6,18.744813909435624,,7000.0,0.0,0.0,0.0,41.96778816367654,optimal
2021-02-13 00:30:00,2,47,2.3333333333333335,0.0,0.0,0.066,8.1375,6.0,-6,19.03058810883828,,0.0,0.0,7000.0,0.0,41.92582037551286,optimal
2021-02-13 01:00:00,2,47,2.3333333333333335,0.0,0.0,0.1374,10.0905,6.0,-6,18.815676037629512,,3271.3333333333335,0.0,3728.6666666666665,0.0,41.88389455513735,optimal
2021-02-13 01:30:00,2,47,2.3333333333333335,0.0,5.0,0.066,7.539,6.0,-6,18.841643486602205,,7000.0,0.0,0.0,0.0,44.21701066058222,optimal
2021-02-13 02:00:00,2,47,2.3333333333333335,0.0,1.5014463486676428,0.066,7.938,6.0,-6,19.128040816206223,,7000.0,0.0,0.0,0.0,44.88598066553877,optimal
2021-02-13 02:30:00,2,47,2.3333333333333335,0.0,0.0,0.066,8.274,6.0,-6,19.411667689835884,,7000.0,0.0,0.0,0.0,44.84109468487323,optimal
2021-02-13 03:00:00,2,47,2.3333333333333335,0.0,0.0,0.066,9.261,6.0,-6,19.691970601355433,,7000.0,0.0,0.0,0.0,44.79625359018834,optimal
2021-02-13 03:30:00,2,47,2.3333333333333335,0.0,0.0,0.09773333333333332,9.9225,6.0,-6,19.968988505903248,,7000.0,0.0,0.0,0.0,44.75145733659815,optimal
2021-02-13 04:00:00,2,47,2.3333333333333335,0.0,0.0,0.10566666666666669,9.702,6.0,-6,20.244431179084046,,7000.0,0.0,0.0,0.0,44.706705879261555,optimal
2021-02-13 04:30:00,2,47,2.3333333333333335,0.0,0.0,0.066,10.584,6.0,-6,20.5166241432058,,7000.0,0.0,0.0,0.0,44.66199917338229,optimal
2021-02-13 05:00:00,2,47,2.3333333333333335,0.0,0.0,0.1418,10.143,6.0,-6,20.781633631535797,,7000.0,0.0,0.0,0.0,44.6173371742089,optimal
2021-02-13 05:30:00,2,47,0.0,0.0,0.0,0.066,13.0095,6.0,-6,21.054647498636317,,0.0,0.0,0.0,0.0,44.57271983703468,optimal
2021-02-13 06:00:00,2,47,2.3333333333333335,0.0,0.0,0.13443333333333335,11.025,6.0,-6,20.813084612745925,,7000.0,0.0,0.0,0.0,44.52814711719765,optimal
2021-02-13 06:30:00,2,47,0.0,0.0,0.0,0.07996666666666667,12.789,6.0,-6,21.075900548350834,,0.0,0.0,0.0,0.0,44.48361897008045,optimal
2021-02-13 07:00:00,2,47,0.0,0.0,0.0,0.1474,12.1275,6.0,-6,20.83261282061027,,0.0,0.0,0.0,0.0,44.439135351110366,optimal
2021-02-13 07:30:00,2,47,0.28493946379456064,0.0,0.0,0.076,12.1695,6.0,-6,20.596386985690717,,854.818391383682,0.0,0.0,0.0,44.394696215759254,optimal
2021-02-13 08:00:00,2,47,2.3333333333333335,0.0,0.0,0.086,12.306,6.0,-6,20.418069640689072,,7000.0,0.0,0.0,0.0,44.350301519543486,optimal
2021-02-13 08:30:00,2,47,0.0,0.0,0.0,0.09943333333333333,13.23,6.0,-6,20.68788477373377,,0.0,0.0,0.0,0.0,44.305951218023935,optimal
2021-02-13 09:00:00,2,47,0.0,0.0,0.0,1.3787333333333331,13.671,6.0,-6,20.46916979159186,,0.0,0.0,0.0,0.0,44.261645266805914,optimal
2021-02-13 09:30:00,2,47,0.0,0.0,0.0,0.37726666666666664,13.9335,6.0,-6,20.301711861255693,,0.0,0.0,0.0,0.0,44.2173836215391,optimal
2021-02-13 10:00:00,2,47,0.0,0.0,0.0,0.2947333333333333,13.293,6.0,-6,20.117526028696233,,0.0,0.0,0.0,0.0,44.17316623791756,optimal
2021-02-13 10:30:00,2,47,0.5554576371168285,0.0,0.0,0.3172,12.1065,6.0,-6,20.0,,1666.3729113504855,0.0,0.0,0.0,44.128993071679645,optimal
2021-02-13 11:00:00,2,47,0.3050500191623318,0.0,0.0,0.4242666666666666,11.571,6.0,-6,20.0,,915.1500574869955,0.0,0.0,0.0,44.08486407860796,optimal
2021-02-13 11:30:00,2,47,0.3134485100576542,0.0,0.0,0.2906333333333333,11.025,6.0,-6,20.0,,940.3455301729625,0.0,0.0,0.0,44.040779214529344,optimal
2021-02-13 12:00:00,2,47,2.014499586863552,0.0,0.0,2.5890666666666666,10.8465,6.0,-6,20.0,,6043.498760590655,0.0,0.0,0.0,43.99673843531482,optimal
2021-02-13 12:30:00,2,47,0.0,0.0,0.0,1.4727999999999999,11.2455,6.0,-6,20.472161614320722,,0.0,0.0,0.0,0.0,43.95274169687949,optimal
2021-02-13 13:00:00,2,47,0.0,0.0,0.0,0.8964333333333333,23.8665,6.0,-6,20.455796982394666,,0.0,0.0,0.0,0.0,43.908788955182615,optimal
2021-02-13 13:30:00,2,47,0.0,0.0,0.0,0.2537,27.4575,6.0,-6,20.442453786414212,,0.0,0.0,0.0,0.0,43.86488016622742,optimal
2021-02-13 14:00:00,2,47,0.0,0.0,0.0,0.338,27.3735,6.0,-6,20.41682427413872,,0.0,0.0,0.0,0.0,43.8210152860612,optimal
2021-02-13 14:30:00,2,47,0.0,0.0,0.0,0.3324,30.4605,6.0,-6,20.35573407329047,,0.0,0.0,0.0,0.0,43.77719427077513,optimal
2021-02-13 15:00:00,2,47,0.0,0.0,0.0,0.2833,30.0195,6.0,-6,20.295609424028637,,0.0,0.0,0.0,0.0,43.733417076504345,optimal
2021-02-13 15:30:00,2,47,0.0,0.0,0.0,0.46286666666666665,26.9325,6.0,-6,20.20916830182064,,0.0,0.0,0.0,0.0,43.68968365942784,optimal
2021-02-13 16:00:00,2,47,0.0,0.0,0.0,2.9620333333333333,14.595,6.0,-6,20.13842357118512,,0.0,0.0,0.0,0.0,43.645993975768405,optimal
2021-02-13 16:30:00,2,47,0.0,0.0,0.0,2.6861666666666664,12.4845,6.0,-6,20.099153442518507,,0.0,0.0,0.0,0.0,43.60234798179264,optimal
2021-02-13 17:00:00,2,47,0.6842903708516502,0.0,0.0,0.6272666666666666,12.1275,6.0,-6,20.0,,2052.8711125549507,0.0,0.0,0.0,43.55874563381084,optimal
2021-02-13 17:30:00,2,47,1.4864112256494426,0.0,0.0,0.5441666666666666,12.1275,6.0,-6,20.0,,4459.233676948328,0.0,0.0,0.0,43.51518688817703,optimal
2021-02-13 18:00:00,2,47,0.0,0.0,0.0,0.5902333333333334,12.789,6.0,-6,20.16977187866027,,0.0,0.0,0.0,0.0,43.47167170128885,optimal
2021-02-13 18:30:00,2,47,0.8535200762825913,0.0,0.0,0.47126666666666667,11.907,6.0,-6,20.0,,2560.560228847774,0.0,0.0,0.0,43.42820002958756,optimal
2021-02-13 19:00:00,2,47,0.8199126964983752,0.0,0.0,0.4123,11.025,6.0,-6,20.0,,2459.7380894951257,0.0,0.0,0.0,43.38477182955796,optimal
2021-02-13 19:30:00,2,47,1.4331989213379892,0.0,5.0,0.3915,8.2005,6.0,-6,20.0,,4229.930097347301,0.0,69.66666666666666,0.0,45.716387057728404,optimal
2021-02-13 20:00:00,2,47,0.0,0.0,0.0,1.9255,9.5655,6.0,-6,20.117870941482888,,0.0,0.0,0.0,0.0,45.670670670670674,optimal
2021-02-13 20:30:00,2,47,0.2786666666666667,0.0,5.0,0.3741666666666667,7.056,6.0,-6,20.0,,0.0,0.0,836.0,0.0,48.0,optimal
2021-02-13 21:00:00,2,47,0.0,0.0,0.0,0.4265,9.3975,6.0,-6,19.821585407386447,,0.0,0.0,0.0,0.0,46.638716134476255,optimal
2021-02-13 21:30:00,2,47,0.0,0.0,0.0,0.5541333333333334,10.059,6.0,-6,19.6405694100657,,0.0,0.0,0.0,0.0,45.27879355281804,optimal
2021-02-13 22:00:00,2,47,0.0,0.0,0.0,0.4845,9.261,6.0,-6,19.465449237194406,,0.0,0.0,0.0,0.0,43.920230893741476,optimal
2021-02-13 22:30:00,2,47,0.0,0.0,0.0,0.5189666666666667,8.1585,6.0,-6,19.288829209707778,,0.0,0.0,0.0,0.0,42.56302679732399,optimal
2021-02-13 23:00:00,2,47,0.0,0.0,0.0,0.33763333333333334,9.4815,6.0,-6,19.1148176319587,,0.0,0.0,0.0,0.0,42.52046377052667,optimal
2021-02-13 23:30:00,2,47,0.0,0.0,0.0,0.1444,8.379,6.0,-6,18.946765069321817,,0.0,0.0,0.0,0.0,42.47794330675614,optimal
2021-02-07 00:00:00,3,47,0.0,0.0,0.0,0.08426666666666667,10.3635,6.0,-1,21.0,,0.0,0.0,0.0,0.0,47.952,optimal
2021-02-07 00:30:00,3,47,0.0,0.0,0.0,0.1832,8.274,6.0,-1,20.80145201515715,,0.0,0.0,0.0,0.0,47.904047999999996,optimal
2021-02-07 01:00:00,3,47,0.0,0.0,0.0,0.056,7.7175,6.0,-1,20.61109627576065,,0.0,0.0,0.0,0.0,47.856143952,optimal
2021-02-07 01:30:00,3,47,0.0,0.0,0.0,0.05666666666666666,6.615,6.0,-1,20.412751485123035,,0.0,0.0,0.0,0.0,47.80828780804799,optimal
2021-02-07 02:00:00,3,47,0.0,0.0,0.0,0.10133333333333332,6.174,6.0,-1,20.216145219671702,,0.0,0.0,0.0,0.0,47.76047952023995,optimal
2021-02-07 02:30:00,3,47,2.3333333333333335,0.0,0.0,0.17746666666666666,3.906,6.0,-1,20.023770430991,,7000.0,0.0,0.0,0.0,47.712719040719705,optimal
2021-02-07 03:00:00,3,47,2.3333333333333335,0.0,0.0,0.056,2.3415,6.0,-1,20.336433327970422,,7000.0,0.0,0.0,0.0,47.66500632167899,optimal
2021-02-07 03:30:00,3,47,2.3333333333333335,0.0,0.0,0.1832,2.205,6.0,-1,20.635714717425383,,7000.0,0.0,0.0,0.0,47.61734131535731,optimal
2021-02-07 04:00:00,3,47,2.3333333333333335,0.0,1.8198820416421164,0.08426666666666667,0.882,6.0,-1,20.93995068173664,,7000.0,0.0,0.0,0.0,48.434167943821954,optimal
2021-02-07 04:30:00,3,47,2.3333333333333335,0.0,0.0,0.0984,1.5435,6.0,-1,21.23299786806255,,7000.0,0.0,0.0,0.0,48.38573377587813,optimal
2021-02-07 05:00:00,3,47,2.3333333333333335,0.0,0.0,0.16906666666666667,1.5435,6.0,-1,21.523616021509184,,7000.0,0.0,0.0,0.0,48.33734804210225,optimal
2021-02-07 05:30:00,3,47,2.3333333333333335,0.0,0.0,0.056,5.0715,6.0,-1,21.815854931040036,,7000.0,0.0,0.0,0.0,48.289010694060146,optimal
2021-02-07 06:00:00,3,47,1.2846571993615352,0.0,0.0,0.1768,5.376,6.0,-1,22.096626305920882,,3853.971598084606,0.0,0.0,0.0,48.240721683366075,optimal
2021-02-07 06:30:00,3,47,2.3333333333333335,0.0,0.0,0.10133333333333332,5.0715,6.0,-1,22.158869597180335,,7000.0,0.0,0.0,0.0,48.192480961682705,optimal
2021-02-07 07:00:00,3,47,0.0,0.0,0.0,0.06366666666666666,5.5125,6.0,-1,22.437548367099076,,0.0,0.0,0.0,0.0,48.144288480721016,optimal
2021-02-07 07:30:00,3,47,0.0,0.0,0.0,0.08186666666666666,9.261,6.0,-1,22.211938746074836,,0.0,0.0,0.0,0.0,48.096144192240295,optimal
2021-02-07 08:00:00,3,47,0.0,0.0,0.0,0.7492000000000001,11.7075,6.0,-1,22.0,,0.0,0.0,0.0,0.0,48.048048048048045,optimal
2021-02-07 08:30:00,3,47,0.0,0.0,0.0,1.3724666666666667,12.348,6.0,-1,21.84313853504285,,0.0,0.0,0.0,0.0,48.0,optimal
2021-02-07 09:00:00,3,47,0.0,0.0,0.0,0.066,12.348,6.0,-1,21.711080246908892,,0.0,0.0,0.0,0.0,47.636705659428465,optimal
2021-02-07 09:30:00,3,47,0.0,0.0,0.0,0.19319999999999998,12.1275,6.0,-1,21.49329715820038,,0.0,0.0,0.0,0.0,47.2737746131975,optimal
2021-02-07 10:00:00,3,47,0.0,0.0,0.0,0.09426666666666668,12.5265,6.0,-1,21.287700324896143,,0.0,0.0,0.0,0.0,46.911206498012774,optimal
2021-02-07 10:30:00,3,47,2.3333333333333335,0.0,0.0,0.10133333333333332,11.7495,6.0,-1,21.097614049155762,,7000.0,0.0,0.0,0.0,46.54900095094323,optimal
2021-02-07 11:00:00,3,47,0.0,0.0,0.0,0.18613333333333332,13.23,6.0,-1,21.40700932120693,,0.0,0.0,0.0,0.0,46.18715760942075,optimal
2021-02-07 11:30:00,3,47,0.0,0.0,0.0,0.066,14.3325,6.0,-1,21.24595694306252,,0.0,0.0,0.0,0.0,45.825676111239794,optimal
2021-02-07 12:00:00,3,47,0.0,0.0,0.0,0.066,14.994,6.0,-1,21.07824670742053,,0.0,0.0,0.0,0.0,45.46455609455702,optimal
2021-02-07 12:30:00,3,47,0.0,0.0,0.0,0.066,14.8155,6.0,-1,20.930510745646625,,0.0,0.0,0.0,0.0,45.10379719789093,optimal
2021-02-07 13:00:00,3,47,0.0,0.0,0.0,0.22146666666666667,14.112,6.0,-1,20.784506173895654,,0.0,0.0,0.0,0.0,44.743399060121504,optimal
2021-02-07 13:30:00,3,47,0.0,0.0,0.0,0.066,14.007,6.0,-1,20.63480615198344,,0.0,0.0,0.0,0.0,44.38336132048985,optimal
2021-02-07 14:00:00,3,47,0.582567318910427,0.0,0.0,0.15080000000000002,13.23,6.0,-1,20.47638787700951,,1747.7019567312811,0.0,0.0,0.0,44.02368361859782,optimal
2021-02-07 14:30:00,3,47,2.3333333333333335,0.0,0.0,0.13666666666666666,11.382,6.0,-1,20.457450437120418,,7000.0,0.0,0.0,0.0,43.66436559440769,optimal
2021-02-07 15:00:00,3,47,2.3333333333333335,0.0,0.0,0.066,11.7495,6.0,-1,20.811921380513297,,7000.0,0.0,0.0,0.0,43.30540688824175,optimal
2021-02-07 15:30:00,3,47,0.0,0.0,0.0,0.20026666666666668,24.3285,6.0,-1,21.173748075012973,,0.0,0.0,0.0,0.0,42.94680714078197,optimal
2021-02-07 16:00:00,3,47,0.0,0.0,0.0,0.0872,28.917,6.0,-1,21.041203944243588,,0.0,0.0,0.0,0.0,42.58856599306966,optimal
2021-02-07 16:30:00,3,47,0.0,0.0,0.0,0.066,31.3635,6.0,-1,20.863880467595695,,0.0,0.0,0.0,0.0,42.23068308650505,optimal
2021-02-07 17:00:00,3,47,0.0,0.0,0.0,0.13666666666666666,33.306,6.0,-1,20.68771311027255,,0.0,0.0,0.0,0.0,41.87315806284701,optimal
2021-02-07 17:30:00,3,47,0.0,0.0,0.0,0.15080000000000002,31.3425,6.0,-1,20.478574547040715,,0.0,0.0,0.0,0.0,41.51599056421263,optimal
2021-02-07 18:00:00,3,47,0.0,0.0,0.0,0.06466666666666668,28.2555,6.0,-1,20.274064260376917,,0.0,0.0,0.0,0.0,41.15918023307688,optimal
2021-02-07 18:30:00,3,47,0.0,0.0,0.0,1.4919666666666667,15.6975,6.0,-1,20.07418226383898,,0.0,0.0,0.0,0.0,40.80272671227227,optimal
2021-02-07 19:00:00,3,47,0.659085665644675,0.0,0.0,0.48319999999999996,12.5475,6.0,-1,20.0,,1977.2569969340248,0.0,0.0,0.0,40.44662964498846,optimal
2021-02-07 19:30:00,3,47,0.5162412212002311,0.0,0.0,0.324,12.0855,6.0,-1,20.0,,1548.7236636006933,0.0,0.0,0.0,40.09088867477194,optimal
2021-02-07 20:00:00,3,47,0.7259412212002357,0.0,0.0,0.2677,11.907,6.0,-1,20.0,,2177.8236636007073,0.0,0.0,0.0,39.73550344552564,optimal
2021-02-07 20:30:00,3,47,0.0,0.0,0.0,0.23716666666666664,12.5685,6.0,-1,20.0,,0.0,0.0,0.0,0.0,39.38047360150858,optimal
2021-02-07 21:00:00,3,47,0.0,0.0,0.0,0.30739999999999995,13.146,6.0,-1,19.83698475724014,,0.0,0.0,0.0,0.0,39.02579878733553,optimal
2021-02-07 21:30:00,3,47,0.0,0.0,0.0,0.1874333333333333,10.584,6.0,-1,19.68400732792656,,0.0,0.0,0.0,0.0,38.67147864797666,optimal
2021-02-07 22:00:00,3,47,0.0,0.0,0.0,0.2829333333333333,6.678,6.0,-1,19.533152293641123,,0.0,0.0,0.0,0.0,38.31751282875715,optimal
2021-02-07 22:30:00,3,47,0.0,0.0,0.0,0.3037333333333333,7.938,6.0,-1,19.404913955560012,,0.0,0.0,0.0,0.0,37.963900975356864,optimal
2021-02-07 23:00:00,3,47,0.0,0.0,0.0,0.2484,5.292,6.0,-1,19.28952641026153,,0.0,0.0,0.0,0.0,37.610642733809975,optimal
2021-02-07 23:30:00,3,47,0.0,0.0,0.0,0.47373333333333334,9.261,6.0,-1,19.164176437987884,,0.0,0.0,0.0,0.0,37.573032091076165,optimal
2021-02-08 00:00:00,3,47,0.0,0.0,0.0,0.055,10.143,6.0,3,19.164176437987884,,0.0,0.0,0.0,0.0,37.53545905898509,optimal
2021-02-08 00:30:00,3,47,0.0,0.0,0.0,0.1958,11.2455,6.0,3,18.96745388819322,,0.0,0.0,0.0,0.0,37.497923599926104,optimal
2021-02-08 01:00:00,3,47,0.0,0.0,0.0,0.055,11.025,6.0,3,18.783052194062765,,0.0,0.0,0.0,0.0,37.460425676326174,optimal
2021-02-08 01:30:00,3,47,2.3333333333333335,0.0,3.454821036554084,0.1766,5.9745,6.0,3,18.59079622576597,,2680.666666666666,0.0,4319.333333333334,0.0,39.06400524301303,optimal
2021-02-08 02:00:00,3,47,2.3333333333333335,0.0,0.0,0.0742,7.938,6.0,3,18.599537903976653,,7000.0,0.0,0.0,0.0,39.02494123777001,optimal
2021-02-08 02:30:00,3,47,2.3333333333333335,0.0,0.0,0.055,8.6835,6.0,3,18.907549529892705,,7000.0,0.0,0.0,0.0,38.98591629653224,optimal
2021-02-08 03:00:00,3,47,2.3333333333333335,0.0,0.0,0.1958,7.665,6.0,3,19.21117165934092,,7000.0,0.0,0.0,0.0,38.9469303802357,optimal
2021-02-08 03:30:00,3,47,2.3333333333333335,0.0,0.0,0.055,6.7725,6.0,3,19.52183683480457,,7000.0,0.0,0.0,0.0,38.90798344985546,optimal
2021-02-08 04:00:00,3,47,2.3333333333333335,0.0,5.0,0.055,5.5755,6.0,3,19.818259830757007,,7000.0,0.0,0.0,0.0,41.244075466405604,optimal
2021-02-08 04:30:00,3,47,2.3333333333333335,0.0,5.0,0.1958,5.0925,6.0,3,20.110622926115816,,7000.0,0.0,0.0,0.0,43.577831390939195,optimal
2021-02-08 05:00:00,3,47,2.3333333333333335,0.0,5.0,0.055,4.1895,6.0,3,20.40840309422489,,7000.0,0.0,0.0,0.0,45.909253559548254,optimal
2021-02-08 05:30:00,3,47,2.3333333333333335,0.0,0.0,0.1894,7.056,6.0,3,20.69150611406365,,7000.0,0.0,0.0,0.0,45.8633443059887,optimal
2021-02-08 06:00:00,3,47,2.3333333333333335,0.0,5.0,0.061399999999999996,5.271,6.0,3,20.980265460480467,,7000.0,0.0,0.0,0.0,48.192480961682705,optimal
2021-02-08 06:30:00,3,47,2.3333333333333335,0.0,0.0,0.05766666666666666,7.938,6.0,3,21.25594984050126,,7000.0,0.0,0.0,0.0,48.144288480721016,optimal
2021-02-08 07:00:00,3,47,2.3333333333333335,0.0,0.0,0.5447666666666666,7.938,6.0,3,21.527362121922835,,7000.0,0.0,0.0,0.0,48.096144192240295,optimal
2021-02-08 07:30:00,3,47,0.0,0.0,0.0,0.7984,11.907,6.0,3,21.826585662551626,,0.0,0.0,0.0,0.0,48.048048048048045,optimal
2021-02-08 08:00:00,3,47,0.0,0.0,0.0,0.2878,11.025,6.0,3,21.633468502296314,,0.0,0.0,0.0,0.0,48.0,optimal
2021-02-08 08:30:00,3,47,0.0,0.0,0.0,1.1551,11.2875,6.0,3,21.45232663470713,,0.0,0.0,0.0,0.0,47.339548675949665,optimal
2021-02-08 09:00:00,3,47,0.0,0.0,0.0,0.2546,12.936,6.0,3,21.266166084401583,,0.0,0.0,0.0,0.0,46.67975780322338,optimal
2021-02-08 09:30:00,3,47,0.0,0.0,0.0,0.53,13.0095,6.0,3,21.10753336608218,,0.0,0.0,0.0,0.0,46.02062672136982,optimal
2021-02-08 10:00:00,3,47,0.0,0.0,0.0,0.2153333333333333,13.671,6.0,3,20.97428876114503,,0.0,0.0,0.0,0.0,45.36215477059812,optimal
2021-02-08 10:30:00,3,47,0.0,0.0,0.0,1.8671333333333329,13.188,6.0,3,20.859404587970463,,0.0,0.0,0.0,0.0,44.70434129177718,optimal
2021-02-08 11:00:00,3,47,0.0,0.0,0.0,3.054,13.8495,6.0,3,20.765870486532283,,0.0,0.0,0.0,0.0,44.04718562643507,optimal
2021-02-08 11:30:00,3,47,0.0,0.0,0.0,1.626266666666667,13.23,6.0,3,20.725696080609342,,0.0,0.0,0.0,0.0,43.39068711675831,optimal
2021-02-08 12:00:00,3,47,0.0,0.0,0.0,0.16419999999999998,13.3665,6.0,3,20.670386809142382,,0.0,0.0,0.0,0.0,42.73484510559122,optimal
2021-02-08 12:30:00,3,47,0.0,0.0,0.0,0.0714,13.0515,6.0,3,20.58359658809179,,0.0,0.0,0.0,0.0,42.079658936435294,optimal
2021-02-08 13:00:00,3,47,0.0,0.0,0.0,0.1994,13.5345,6.0,3,20.487235627289813,,0.0,0.0,0.0,0.0,41.42512795344852,optimal
2021-02-08 13:30:00,3,47,0.0,0.0,0.0,0.065,14.154,6.0,3,20.398307375298447,,0.0,0.0,0.0,0.0,40.771251501444745,optimal
2021-02-08 14:00:00,3,47,0.0,0.0,0.0,0.1802,14.112,6.0,3,20.3020331420802,,0.0,0.0,0.0,0.0,40.118028925892965,optimal
2021-02-08 14:30:00,3,47,0.0,0.0,0.0,0.0906,14.2485,6.0,3,20.217282608544412,,0.0,0.0,0.0,0.0,39.465459572916735,optimal
2021-02-08 15:00:00,3,47,1.0676911083806,0.0,0.0,0.065,12.789,6.0,3,20.12539396868192,,3203.0733251418,0.0,0.0,0.0,38.813542789293486,optimal
2021-02-08 15:30:00,3,47,0.0,0.0,0.0,0.2058,13.0095,6.0,3,20.22642809328698,,0.0,0.0,0.0,0.0,38.16227792245386,optimal
2021-02-08 16:00:00,3,47,2.3333333333333335,0.0,0.0,0.065,12.1275,6.0,3,20.109038883957737,,7000.0,0.0,0.0,0.0,37.511664320481074,optimal
2021-02-08 16:30:00,3,47,2.3333333333333335,0.0,0.0,0.1418,12.348,6.0,3,20.442928864041253,,7000.0,0.0,0.0,0.0,36.86170133211026,optimal
2021-02-08 17:00:00,3,47,2.3333333333333335,0.0,0.0,0.651,12.348,6.0,3,20.776610828598464,,7000.0,0.0,0.0,0.0,36.82483963077815,optimal
2021-02-08 17:30:00,3,47,0.0,0.0,0.0,1.2196666666666667,25.389,6.0,3,21.096512988597667,,0.0,0.0,0.0,0.0,36.788014791147376,optimal
2021-02-08 18:00:00,3,47,0.0,0.0,0.0,0.8544666666666667,29.1375,6.0,3,20.93394820748829,,0.0,0.0,0.0,0.0,36.751226776356226,optimal
2021-02-08 18:30:00,3,47,0.0,0.0,0.0,0.2113333333333333,30.597,6.0,3,20.757276050060415,,0.0,0.0,0.0,0.0,36.71447554957987,optimal
2021-02-08 19:00:00,3,47,0.0,0.0,0.0,0.1182,33.684,6.0,3,20.55876872194175,,0.0,0.0,0.0,0.0,36.67776107403029,optimal
2021-02-08 19:30:00,3,47,0.0,0.0,0.0,0.3366,32.445,6.0,3,20.35874937023792,,0.0,0.0,0.0,0.0,36.64108331295626,optimal
2021-02-08 20:00:00,3,47,0.0,0.0,0.0,0.29893333333333333,28.917,6.0,3,20.180143632473378,,0.0,0.0,0.0,0.0,36.604442229643304,optimal
2021-02-08 20:30:00,3,47,0.0,0.0,0.0,0.251,15.876,6.0,3,20.0,,0.0,0.0,0.0,0.0,36.56783778741366,optimal
2021-02-08 21:00:00,3,47,0.0,0.0,0.0,0.5756,12.348,6.0,3,19.82008903335547,,0.0,0.0,0.0,0.0,36.53126994962624,optimal
2021-02-08 21:30:00,3,47,0.0,0.0,0.0,0.3994666666666666,12.1275,6.0,3,19.671032648597954,,0.0,0.0,0.0,0.0,36.494738679676615,optimal
2021-02-08 22:00:00,3,47,0.0,0.0,0.0,0.4040666666666667,12.348,6.0,3,19.51077098041547,,0.0,0.0,0.0,0.0,36.45824394099694,optimal
2021-02-08 22:30:00,3,47,0.0,0.0,0.0,0.22513333333333332,12.1275,6.0,3,19.356231955500984,,0.0,0.0,0.0,0.0,36.42178569705594,optimal
2021-02-08 23:00:00,3,47,0.0,0.0,0.0,0.065,12.1275,6.0,3,19.167968613853315,,0.0,0.0,0.0,0.0,36.38536391135888,optimal
2021-02-08 23:30:00,3,47,0.0,0.0,0.0,0.20313333333333333,11.2665,6.0,3,18.961826030255825,,0.0,0.0,0.0,0.0,36.34897854744752,optimal
2021-02-09 00:00:00,3,47,0.0,0.0,0.0,0.06,11.6865,6.0,3,18.961826030255825,,0.0,0.0,0.0,0.0,36.31262956890008,optimal
2021-02-09 00:30:00,3,47,0.0,0.0,0.0,0.06,11.466,6.0,3,18.757176345089565,,0.0,0.0,0.0,0.0,36.27631693933118,optimal
2021-02-09 01:00:00,3,47,2.3333333333333335,0.0,5.0,0.06,10.8045,6.0,3,18.555511024183335,,0.0,0.0,7000.0,0.0,38.61504062239185,optimal
2021-02-09 01:30:00,3,47,2.3333333333333335,0.0,5.0,0.1662,10.584,6.0,3,18.35679509231213,,6615.333333333333,0.0,384.6666666666667,0.0,40.95142558176946,optimal
2021-02-09 02:00:00,3,47,2.3333333333333335,0.0,1.1579077469505856,0.0836,11.2455,6.0,3,18.63735132232996,,7000.0,0.0,0.0,0.0,41.460480335989224,optimal
2021-02-09 02:30:00,3,47,0.0,0.0,0.0,0.1013,12.1275,6.0,3,18.93493419573008,,0.0,0.0,0.0,0.0,41.419019855653225,optimal
2021-02-09 03:00:00,3,47,0.0,0.0,0.0,0.1485,11.823,6.0,3,18.73295144105854,,0.0,0.0,0.0,0.0,41.377600835797566,optimal
2021-02-09 03:30:00,3,47,2.3333333333333335,0.0,0.0,0.06,11.7705,6.0,3,18.537279220032424,,7000.0,0.0,0.0,0.0,41.33622323496177,optimal
2021-02-09 04:00:00,3,47,2.3333333333333335,0.0,5.0,0.06,11.13,6.0,3,18.83670007299964,,7000.0,0.0,0.0,0.0,43.6698870117268,optimal
2021-02-09 04:30:00,3,47,2.3333333333333335,0.0,0.0,0.7133333333333334,11.6865,6.0,3,19.133783815414716,,7000.0,0.0,0.0,0.0,43.626217124715076,optimal
2021-02-09 05:00:00,3,47,2.3333333333333335,0.0,5.0,0.062,10.7205,6.0,3,19.475484617158607,,7000.0,0.0,0.0,0.0,45.95759090759036,optimal
2021-02-09 05:30:00,3,47,2.3333333333333335,0.0,0.0,0.1072,11.424,6.0,3,19.762738233085134,,7000.0,0.0,0.0,0.0,45.91163331668277,optimal
2021-02-09 06:00:00,3,47,2.3333333333333335,0.0,5.0,0.1426,10.689,6.0,3,20.0499828077828,,7000.0,0.0,0.0,0.0,48.240721683366075,optimal
2021-02-09 06:30:00,3,47,2.3333333333333335,0.0,0.0,0.068,11.361,6.0,3,20.336379091097996,,7000.0,0.0,0.0,0.0,48.192480961682705,optimal
2021-02-09 07:00:00,3,47,2.3333333333333335,0.0,0.0,1.4871666666666667,11.571,6.0,3,20.612957488985636,,7000.0,0.0,0.0,0.0,48.144288480721016,optimal
2021-02-09 07:30:00,3,47,0.0,0.0,0.0,0.4134666666666666,14.3745,6.0,3,20.971402308870886,,0.0,0.0,0.0,0.0,48.096144192240295,optimal
2021-02-09 08:00:00,3,47,0.04426492840914447,0.0,0.0,0.4898333333333333,13.23,6.0,3,20.784541972988055,,132.7947852274334,0.0,0.0,0.0,48.048048048048045,optimal
2021-02-09 08:30:00,3,47,0.0,0.0,0.0,2.0484,13.9755,6.0,3,20.592956291013067,,0.0,0.0,0.0,0.0,48.0,optimal
2021-02-09 09:00:00,3,47,0.0,0.0,0.0,0.6875,14.994,6.0,3,20.43207282727411,,0.0,0.0,0.0,0.0,47.89974534975736,optimal
2021-02-09 09:30:00,3,47,2.3333333333333335,0.0,0.0,0.201,13.671,6.0,3,20.258871622439482,,7000.0,0.0,0.0,0.0,47.79959095416496,optimal
2021-02-09 10:00:00,3,47,0.0,0.0,0.0,0.24819999999999998,15.981,6.0,3,20.56100157610094,,0.0,0.0,0.0,0.0,47.69953671296816,optimal
2021-02-09 10:30:00,3,47,0.0,0.0,0.0,0.2051,15.6345,6.0,3,20.412320214582643,,0.0,0.0,0.0,0.0,47.599582526012554,optimal
2021-02-09 11:00:00,3,47,0.0,0.0,0.0,0.188,16.5375,6.0,3,20.263669128922256,,0.0,0.0,0.0,0.0,47.499728293243905,optimal
2021-02-09 11:30:00,3,47,0.0,0.0,0.0,0.0818,14.7735,6.0,3,20.16886818060196,,0.0,0.0,0.0,0.0,47.39997391470802,optimal
2021-02-09 12:00:00,3,47,0.0,0.0,0.0,0.09359999999999999,15.2145,6.0,3,20.06821002043607,,0.0,0.0,0.0,0.0,47.300319290550675,optimal
2021-02-09 12:30:00,3,47,0.291107732216429,0.0,0.0,0.1762,14.553,6.0,3,20.0,,873.323196649287,0.0,0.0,0.0,47.20076432101749,optimal
2021-02-09 13:00:00,3,47,0.9036349583983823,0.0,0.0,0.07,14.3325,6.0,3,20.0,,2710.904875195147,0.0,0.0,0.0,47.10130890645383,optimal
2021-02-09 13:30:00,3,47,0.0,0.0,0.0,0.1998,14.595,6.0,3,20.129773967014646,,0.0,0.0,0.0,0.0,47.00195294730474,optimal
2021-02-09 14:00:00,3,47,0.0,0.0,0.0,0.07,14.994,6.0,3,20.073842248403118,,0.0,0.0,0.0,0.0,46.902696344114794,optimal
2021-02-09 14:30:00,3,47,0.3447251111649129,0.0,0.0,0.07,14.3325,6.0,3,20.0,,1034.1753334947387,0.0,0.0,0.0,46.803538997528044,optimal
2021-02-09 15:00:00,3,47,0.46575401084205303,0.0,0.0,0.1998,13.8915,6.0,3,20.0,,1397.2620325261591,0.0,0.0,0.0,46.704480808287876,optimal
2021-02-09 15:30:00,3,47,0.5090206775087284,0.0,0.0,0.07,13.8915,6.0,3,20.0,,1527.0620325261852,0.0,0.0,0.0,46.60552167723695,optimal
2021-02-09 16:00:00,3,47,2.3333333333333335,0.0,0.0,1.0661666666666667,13.4715,6.0,3,20.0,,7000.0,0.0,0.0,0.0,46.506661505317076,optimal
2021-02-09 16:30:00,3,47,2.3333333333333335,0.0,0.0,4.211566666666666,13.23,6.0,3,20.389396980998402,,7000.0,0.0,0.0,0.0,46.40790019356912,optimal
2021-02-09 17:00:00,3,47,1.1558026499957679,0.0,0.0,3.3927666666666667,13.8915,6.0,3,20.83138566750084,,3467.4079499873037,0.0,0.0,0.0,46.30923764313291,optimal
2021-02-09 17:30:00,3,47,0.0,0.0,0.0,2.4034333333333335,26.9325,6.0,3,20.946330617635805,,0.0,0.0,0.0,0.0,46.210673755247136,optimal
2021-02-09 18:00:00,3,47,0.0,0.0,0.0,1.2772666666666668,30.303,6.0,3,20.82289570417203,,0.0,0.0,0.0,0.0,46.11220843124925,optimal
2021-02-09 18:30:00,3,47,0.0,0.0,0.0,1.071766666666667,32.886,6.0,3,20.658362543185806,,0.0,0.0,0.0,0.0,46.013841572575366,optimal
2021-02-09 19:00:00,3,47,0.0,0.0,0.0,2.6515999999999997,34.9965,6.0,3,20.50023783427442,,0.0,0.0,0.0,0.0,45.915573080760154,optimal
2021-02-09 19:30:00,3,47,0.0,0.0,0.0,2.6225,33.327,6.0,3,20.31406749056426,,0.0,0.0,0.0,0.0,45.817402857436754,optimal
2021-02-09 20:00:00,3,47,0.0,0.0,0.0,1.1428333333333334,31.122,6.0,3,20.160173441420753,,0.0,0.0,0.0,0.0,45.71933080433668,optimal
2021-02-09 20:30:00,3,47,0.0,0.0,0.0,1.3502333333333332,17.9025,6.0,3,20.0,,0.0,0.0,0.0,0.0,45.6213568232897,optimal
2021-02-09 21:00:00,3,47,0.0,0.0,0.0,1.5351,15.6555,6.0,3,19.840471535595416,,0.0,0.0,0.0,0.0,45.57573546646641,optimal
2021-02-09 21:30:00,3,47,0.0,0.0,0.0,0.8434333333333333,14.553,6.0,3,19.675005296087306,,0.0,0.0,0.0,0.0,45.53015973099995,optimal
2021-02-09 22:00:00,3,47,0.0,0.0,0.0,1.1157000000000001,14.3325,6.0,3,19.516043614562303,,0.0,0.0,0.0,0.0,45.48462957126895,optimal
2021-02-09 22:30:00,3,47,0.0,0.0,0.0,1.0851333333333335,13.335,6.0,3,19.3666232288315,,0.0,0.0,0.0,0.0,45.43914494169768,optimal
2021-02-09 23:00:00,3,47,0.0,0.0,0.0,0.8822666666666666,12.1275,6.0,3,19.20197962246367,,0.0,0.0,0.0,0.0,45.39370579675598,optimal
2021-02-09 23:30:00,3,47,0.0,0.0,0.0,0.1998,12.2955,6.0,3,19.032547471623708,,0.0,0.0,0.0,0.0,45.348312090959226,optimal
2021-02-10 00:00:00,3,47,0.0,0.0,0.0,0.062,14.217,6.0,5,19.032547471623708,,0.0,0.0,0.0,0.0,45.30296377886827,optimal
2021-02-10 00:30:00,3,47,0.0,0.0,0.0,0.062,13.3665,6.0,5,18.824981144168706,,0.0,0.0,0.0,0.0,45.2576608150894,optimal
2021-02-10 01:00:00,3,47,0.0,0.0,0.0,0.122,12.789,6.0,5,18.61867543913713,,0.0,0.0,0.0,0.0,45.21240315427431,optimal
2021-02-10 01:30:00,3,47,0.0,0.0,0.0,0.18380000000000002,11.907,6.0,5,18.417883495112882,,0.0,0.0,0.0,0.0,45.16719075112004,optimal
2021-02-10 02:00:00,3,47,2.3333333333333335,0.0,0.0,0.14906666666666665,11.7075,6.0,5,18.222668731005893,,3586.3333333333335,0.0,3413.6666666666665,0.0,45.122023560368916,optimal
2021-02-10 02:30:00,3,47,2.3333333333333335,0.0,0.0,0.062,10.8045,6.0,5,18.281201798704267,,7000.0,0.0,0.0,0.0,45.07690153680855,optimal
2021-02-10 03:00:00,3,47,2.3333333333333335,0.0,0.0,0.062,11.508,6.0,5,18.575676180507713,,7000.0,0.0,0.0,0.0,45.03182463527174,optimal
2021-02-10 03:30:00,3,47,2.3333333333333335,0.0,0.0,0.116,11.508,6.0,5,18.866699472945097,,7000.0,0.0,0.0,0.0,44.986792810636466,optimal
2021-02-10 04:00:00,3,47,2.3333333333333335,0.0,0.0,0.20006666666666664,11.508,6.0,5,19.16106964904323,,7000.0,0.0,0.0,0.0,44.941806017825826,optimal
2021-02-10 04:30:00,3,47,2.3333333333333335,0.0,0.0,0.08966666666666667,11.844,6.0,5,19.454816263469837,,7000.0,0.0,0.0,0.0,44.896864211808,optimal
2021-02-10 05:00:00,3,47,2.3333333333333335,0.0,0.0,0.07866666666666668,11.508,6.0,5,19.735787171662057,,7000.0,0.0,0.0,0.0,44.851967347596194,optimal
2021-02-10 05:30:00,3,47,2.3333333333333335,0.0,0.0,0.2542,11.508,6.0,5,20.012056189126508,,7000.0,0.0,0.0,0.0,44.8071153802486,optimal
2021-02-10 06:00:00,3,47,2.3333333333333335,0.0,5.0,0.062,10.4475,6.0,5,20.296401540802176,,7000.0,0.0,0.0,0.0,47.137308264868345,optimal
2021-02-10 06:30:00,3,47,2.3333333333333335,0.0,0.0,0.19246666666666667,10.8675,6.0,5,20.56257101507571,,7000.0,0.0,0.0,0.0,47.09017095660348,optimal
2021-02-10 07:00:00,3,47,2.3333333333333335,0.0,2.318331989629778,2.780466666666667,10.542,6.0,5,20.83662887914649,,7000.0,0.0,0.0,0.0,48.144288480721016,optimal
2021-02-10 07:30:00,3,47,2.3333333333333335,0.0,0.0,0.2892333333333333,11.025,6.0,5,21.13175589278724,,7000.0,0.0,0.0,0.0,48.096144192240295,optimal
2021-02-10 08:00:00,3,47,2.3333333333333335,0.0,0.0,0.4487,11.025,6.0,5,21.42765382194924,,7000.0,0.0,0.0,0.0,48.048048048048045,optimal
2021-02-10 08:30:00,3,47,0.0,0.0,0.0,0.3330666666666667,14.553,6.0,5,21.73516364665327,,0.0,0.0,0.0,0.0,48.0,optimal
2021-02-10 09:00:00,3,47,2.3333333333333335,0.0,0.0,0.4000666666666667,13.0935,6.0,5,21.554935512225388,,7000.0,0.0,0.0,0.0,47.86216229952769,optimal
2021-02-10 09:30:00,3,47,0.0,0.0,0.0,0.3041333333333333,15.6345,6.0,5,21.87903417178943,,0.0,0.0,0.0,0.0,47.72446243675585,optimal
2021-02-10 10:00:00,3,47,0.0,0.0,0.0,0.07533333333333334,18.102,6.0,5,21.685716297811197,,0.0,0.0,0.0,0.0,47.58690027384679,optimal
2021-02-10 10:30:00,3,47,0.0,0.0,0.0,0.2236,17.199,6.0,5,21.518334791604335,,0.0,0.0,0.0,0.0,47.44947567310063,optimal
2021-02-10 11:00:00,3,47,0.0,0.0,0.0,0.10593333333333334,18.2805,6.0,5,21.365693532894724,,0.0,0.0,0.0,0.0,47.31218849695522,optimal
2021-02-10 11:30:00,3,47,0.0,0.0,0.0,0.06533333333333333,17.4615,6.0,5,21.241437024467146,,0.0,0.0,0.0,0.0,47.17503860798596,optimal
2021-02-10 12:00:00,3,47,0.0,0.0,0.0,0.062,18.3225,6.0,5,21.11692073370913,,0.0,0.0,0.0,0.0,47.03802586890566,optimal
2021-02-10 12:30:00,3,47,0.0,0.0,0.0,0.2708666666666667,17.094,6.0,5,21.038256768553055,,0.0,0.0,0.0,0.0,46.90115014256445,optimal
2021-02-10 13:00:00,3,47,0.0,0.0,0.0,0.063,17.094,6.0,5,20.975371782293134,,0.0,0.0,0.0,0.0,46.76441129194957,optimal
2021-02-10 13:30:00,3,47,0.0,0.0,0.0,0.19036666666666668,17.094,6.0,5,20.891163180335784,,0.0,0.0,0.0,0.0,46.62780918018531,optimal
2021-02-10 14:00:00,3,47,0.0,0.0,0.0,0.14916666666666667,17.3565,6.0,5,20.81894210710291,,0.0,0.0,0.0,0.0,46.491343670532814,optimal
2021-02-10 14:30:00,3,47,0.0,0.0,0.0,0.062,17.115,6.0,5,20.741794997937085,,0.0,0.0,0.0,0.0,46.35501462638997,optimal
2021-02-10 15:00:00,3,47,0.0,0.0,0.0,0.2142,17.241,6.0,5,20.659351685148575,,0.0,0.0,0.0,0.0,46.21882191129127,optimal
2021-02-10 15:30:00,3,47,0.0,0.0,0.0,0.072,17.094,6.0,5,20.557591509891747,,0.0,0.0,0.0,0.0,46.082765388907674,optimal
2021-02-10 16:00:00,3,47,1.9185331131207357,0.0,0.0,0.19176666666666667,16.5165,6.0,5,20.44409084909673,,5755.599339362207,0.0,0.0,0.0,45.946844923046456,optimal
2021-02-10 16:30:00,3,47,0.0,0.0,0.0,0.14643333333333333,17.8185,6.0,5,20.70152587148115,,0.0,0.0,0.0,0.0,45.8110603776511,optimal
2021-02-10 17:00:00,3,47,0.0,0.0,0.0,2.5248000000000004,17.094,6.0,5,20.54134814754703,,0.0,0.0,0.0,0.0,45.67541161680114,optimal
2021-02-10 17:30:00,3,47,2.3333333333333335,0.0,0.0,1.0872,16.8945,6.0,5,20.39868572341979,,7000.0,0.0,0.0,0.0,45.539898504712035,optimal
2021-02-10 18:00:00,3,47,0.0,0.0,0.0,0.5598,18.123,6.0,5,20.764815546571157,,0.0,0.0,0.0,0.0,45.40452090573501,optimal
2021-02-10 18:30:00,3,47,0.0,0.0,0.0,2.0656333333333334,31.647,6.0,5,20.628222820796704,,0.0,0.0,0.0,0.0,45.26927868435697,optimal
2021-02-10 19:00:00,3,47,0.0,0.0,0.0,1.3420999999999998,34.9965,6.0,5,20.52099487980846,,0.0,0.0,0.0,0.0,45.1341717052003,optimal
2021-02-10 19:30:00,3,47,0.0,0.0,0.0,1.844733333333333,34.9965,6.0,5,20.342990986860144,,0.0,0.0,0.0,0.0,44.99919983302279,optimal
2021-02-10 20:00:00,3,47,0.0,0.0,0.0,2.9728000000000003,34.9965,6.0,5,20.16186569370299,,0.0,0.0,0.0,0.0,44.95420063318977,optimal
2021-02-10 20:30:00,3,47,0.0,0.0,0.0,1.4064666666666668,34.9965,6.0,5,20.0,,0.0,0.0,0.0,0.0,44.90924643255658,optimal
2021-02-10 21:00:00,3,47,0.0,0.0,0.0,3.067466666666667,34.9965,6.0,5,19.824389068451833,,0.0,0.0,0.0,0.0,44.864337186124025,optimal
2021-02-10 21:30:00,3,47,0.0,0.0,0.0,0.14916666666666667,27.741,6.0,5,19.66505894059576,,0.0,0.0,0.0,0.0,44.8194728489379,optimal
2021-02-10 22:00:00,3,47,0.0,0.0,0.0,0.13946666666666666,19.026,6.0,5,19.45878079165883,,0.0,0.0,0.0,0.0,44.77465337608896,optimal
2021-02-10 22:30:00,3,47,0.0,0.0,0.0,0.10373333333333332,18.7215,6.0,5,19.24114913168709,,0.0,0.0,0.0,0.0,44.729878722712876,optimal
2021-02-10 23:00:00,3,47,0.0,0.0,0.0,0.24046666666666666,17.4195,6.0,5,18.997905284560698,,0.0,0.0,0.0,0.0,44.68514884399016,optimal
2021-02-10 23:30:00,3,47,0.0,0.0,0.0,0.08533333333333333,16.758,6.0,5,18.752334491557292,,0.0,0.0,0.0,0.0,44.640463695146174,optimal
2021-02-11 00:00:00,3,47,2.3333333333333335,0.0,0.0,0.06520000000000001,10.7835,6.0,-5,18.752334491557292,,7000.0,0.0,0.0,0.0,44.59582323145103,optimal
2021-02-11 00:30:00,3,47,2.3333333333333335,0.0,0.0,0.2618333333333333,11.025,6.0,-5,19.0023141650271,,0.0,0.0,7000.0,0.0,44.551227408219574,optimal
2021-02-11 01:00:00,3,47,2.3333333333333335,0.0,3.25838869157623,0.127,10.584,6.0,-5,18.776937765730437,,1770.7133333333331,0.0,5229.286666666667,0.0,46.05441080931006,optimal
2021-02-11 01:30:00,3,47,2.3333333333333335,0.0,0.0,0.06,11.025,6.0,-5,18.65670528554246,,7000.0,0.0,0.0,0.0,46.00835639850075,optimal
2021-02-11 02:00:00,3,47,2.3333333333333335,0.0,5.0,0.057,10.4265,6.0,-5,18.905369520401234,,7000.0,0.0,0.0,0.0,48.33734804210225,optimal
2021-02-11 02:30:00,3,47,2.3333333333333335,0.0,0.0,0.12,12.789,6.0,-5,19.151119537420797,,7000.0,0.0,0.0,0.0,48.289010694060146,optimal
2021-02-11 03:00:00,3,47,2.3333333333333335,0.0,0.0,0.057,12.684,6.0,-5,19.39729884887278,,7000.0,0.0,0.0,0.0,48.240721683366075,optimal
2021-02-11 03:30:00,3,47,2.3333333333333335,0.0,0.0,0.106,16.254,6.0,-5,19.63493980753239,,7000.0,0.0,0.0,0.0,48.192480961682705,optimal
2021-02-11 04:00:00,3,47,2.3333333333333335,0.0,0.0,0.071,17.64,6.0,-5,19.876211069666557,,7000.0,0.0,0.0,0.0,48.144288480721016,optimal
2021-02-11 04:30:00,3,47,0.012549848859096878,0.0,0.0,0.071,19.1625,6.0,-5,20.115095012563703,,37.649546577290636,0.0,0.0,0.0,48.096144192240295,optimal
2021-02-11 05:00:00,3,47,0.0,0.0,0.0,0.2201,26.46,6.0,-5,19.855934323043915,,0.0,0.0,0.0,0.0,48.048048048048045,optimal
2021-02-11 05:30:00,3,47,0.0,0.0,0.0,0.2445,20.79,6.0,-5,19.609232313404245,,0.0,0.0,0.0,0.0,48.0,optimal
2021-02-11 06:00:00,3,47,0.0,0.0,0.0,0.24553333333333333,29.106,6.0,-5,19.380993902707964,,0.0,0.0,0.0,0.0,47.74536786516834,optimal
2021-02-11 06:30:00,3,47,2.3333333333333335,0.0,0.0,0.237,19.1835,6.0,-5,19.156323459291272,,7000.0,0.0,0.0,0.0,47.490990362471514,optimal
2021-02-11 07:00:00,3,47,2.3333333333333335,0.0,0.0,0.22733333333333328,19.6665,6.0,-5,19.4373773114269,,7000.0,0.0,0.0,0.0,47.23686723727739,optimal
2021-02-11 07:30:00,3,47,2.3333333333333335,0.0,0.0,0.067,19.404,6.0,-5,19.72729066125908,,7000.0,0.0,0.0,0.0,46.98299823520845,optimal
2021-02-11 08:00:00,3,47,1.0358233101298895,0.0,0.0,0.13,19.047,6.0,-5,20.0,,3107.469930389668,0.0,0.0,0.0,46.72938310214158,optimal
2021-02-11 08:30:00,3,47,1.9235801473477538,0.0,0.0,0.19633333333333328,18.858,6.0,-5,20.0,,5770.740442043261,0.0,0.0,0.0,46.476021584207786,optimal
2021-02-11 09:00:00,3,47,0.0,0.0,0.0,0.18416666666666662,19.2675,6.0,-5,20.194075512181737,,0.0,0.0,0.0,0.0,46.22291342779192,optimal
2021-02-11 09:30:00,3,47,0.8244107292867444,0.0,0.0,0.0775,18.963,6.0,-5,20.0,,2473.2321878602334,0.0,0.0,0.0,45.970058379532475,optimal
2021-02-11 10:00:00,3,47,0.9272199562882356,0.0,0.0,0.2099333333333333,18.438,6.0,-5,20.0,,2781.659868864707,0.0,0.0,0.0,45.717456186321286,optimal
2021-02-11 10:30:00,3,47,0.0,0.0,0.0,0.194,18.7425,6.0,-5,20.101872405108693,,0.0,0.0,0.0,0.0,45.465106595303304,optimal
2021-02-11 11:00:00,3,47,2.3333333333333335,0.0,0.0,0.39866666666666667,15.2145,6.0,-5,20.0,,5365.62,0.0,1634.38,0.0,45.213009353876345,optimal
2021-02-11 11:30:00,3,47,0.0,0.0,0.0,0.13363333333333333,17.7765,6.0,-5,20.330244483146707,,0.0,0.0,0.0,0.0,44.96116420969081,optimal
2021-02-11 12:00:00,3,47,0.0,0.0,0.0,0.24096666666666666,16.758,6.0,-5,20.256353538745564,,0.0,0.0,0.0,0.0,44.70957091064946,optimal
2021-02-11 12:30:00,3,47,1.3573959572683776,0.0,0.0,0.2236,16.422,6.0,-5,20.23327855166298,,4072.1878718051325,0.0,0.0,0.0,44.458229204907155,optimal
2021-02-11 13:00:00,3,47,0.0,0.0,0.0,0.22619999999999998,16.758,6.0,-5,20.506518690399883,,0.0,0.0,0.0,0.0,44.20713884087059,optimal
2021-02-11 13:30:00,3,47,0.0,0.0,0.0,0.2415,29.358,6.0,-5,20.4751444443116,,0.0,0.0,0.0,0.0,43.956299567198066,optimal
2021-02-11 14:00:00,3,47,0.0,0.0,0.0,0.13319999999999999,34.9965,6.0,-5,20.447050197142826,,0.0,0.0,0.0,0.0,43.70571113279921,optimal
2021-02-11 14:30:00,3,47,0.0,0.0,0.0,0.1881,34.65,6.0,-5,20.41922907046656,,0.0,0.0,0.0,0.0,43.45537328683475,optimal
2021-02-11 15:00:00,3,47,0.0,0.0,0.0,0.2145,34.9965,6.0,-5,20.38681889750726,,0.0,0.0,0.0,0.0,43.20528577871626,optimal
2021-02-11 15:30:00,3,47,0.0,0.0,0.0,0.2285,34.9965,6.0,-5,20.32066557628844,,0.0,0.0,0.0,0.0,42.95544835810588,optimal
2021-02-11 16:00:00,3,47,0.0,0.0,0.0,0.40426666666666666,30.4815,6.0,-5,20.23986585429669,,0.0,0.0,0.0,0.0,42.70586077491612,optimal
2021-02-11 16:30:00,3,47,0.0,0.0,0.0,0.278,21.4305,6.0,-5,20.112573474830562,,0.0,0.0,0.0,0.0,42.456522779309545,optimal
2021-02-11 17:00:00,3,47,1.026787199772554,0.0,0.0,0.30019999999999997,14.3325,6.0,-5,20.0,,2383.6949326509953,0.0,696.6666666666666,0.0,42.207434121698576,optimal
2021-02-11 17:30:00,3,47,1.7341149916622283,0.0,0.0,1.1571,13.692,6.0,-5,20.0,,4784.344974986685,0.0,418.0,0.0,41.95859455274522,optimal
2021-02-11 18:00:00,3,47,0.0,0.0,0.0,0.40493333333333326,14.007,6.0,-5,20.216827210408216,,0.0,0.0,0.0,0.0,41.710003823360815,optimal
2021-02-11 18:30:00,3,47,1.0635330268788874,0.0,0.0,1.0939666666666668,12.873,6.0,-5,20.0,,3190.599080636662,0.0,0.0,0.0,41.461661684705795,optimal
2021-02-11 19:00:00,3,47,1.068790903880592,0.0,0.0,0.3228333333333333,12.684,6.0,-5,20.0,,3206.3727116417763,0.0,0.0,0.0,41.42020002302109,optimal
2021-02-11 19:30:00,3,47,1.1028394939998551,0.0,0.0,0.36373333333333335,12.306,6.0,-5,20.0,,3308.5184819995657,0.0,0.0,0.0,41.37877982299807,optimal
2021-02-11 20:00:00,3,47,1.2929947507857733,0.0,0.0,0.19516666666666663,10.6365,6.0,-5,20.0,,3600.3175856906532,0.0,278.6666666666667,0.0,41.33740104317507,optimal
2021-02-11 20:30:00,3,47,0.0,0.0,0.0,0.10723333333333332,11.2455,6.0,-5,20.0,,0.0,0.0,0.0,0.0,41.2960636421319,optimal
2021-02-11 21:00:00,3,47,0.0,0.0,0.0,0.2528,11.2455,6.0,-5,19.7428979770288,,0.0,0.0,0.0,0.0,41.25476757848977,optimal
2021-02-11 21:30:00,3,47,0.0,0.0,0.0,0.15833333333333335,11.025,6.0,-5,19.49096025619165,,0.0,0.0,0.0,0.0,41.21351281091128,optimal
2021-02-11 22:00:00,3,47,0.0,0.0,0.0,0.4156,12.0855,6.0,-5,19.241974999969443,,0.0,0.0,0.0,0.0,41.17229929810037,optimal
2021-02-11 22:30:00,3,47,0.0,0.0,0.0,1.7538,11.6865,6.0,-5,19.022364396168665,,0.0,0.0,0.0,0.0,41.13112699880227,optimal
2021-02-11 23:00:00,3,47,0.0,0.0,0.0,0.3521,11.2245,6.0,-5,18.813564990964668,,0.0,0.0,0.0,0.0,41.089995871803474,optimal
2021-02-11 23:30:00,3,47,0.0,0.0,0.0,0.20696666666666666,11.025,6.0,-5,18.572396804625424,,0.0,0.0,0.0,0.0,41.04890587593167,optimal
2021-02-12 00:00:00,3,47,2.3333333333333335,0.0,5.0,0.057,10.059,6.0,-5,18.572396804625424,,7000.0,0.0,0.0,0.0,43.38285697005574,optimal
2021-02-12 00:30:00,3,47,2.3333333333333335,0.0,0.0,0.057,10.584,6.0,-5,18.770202881081566,,0.0,0.0,7000.0,0.0,43.339474113085686,optimal
2021-02-12 01:00:00,3,47,2.3333333333333335,0.0,5.0,0.057,9.4185,6.0,-5,18.467767653936825,,2992.6666666666665,0.0,4007.3333333333335,0.0,45.6711346389726,optimal
2021-02-12 01:30:00,3,47,2.3333333333333335,0.0,1.3169453598883545,0.07740000000000001,10.3635,6.0,-5,18.381750801202795,,7000.0,0.0,0.0,0.0,46.25101255028059,optimal
2021-02-12 02:00:00,3,47,2.3333333333333335,0.0,5.0,0.1386,9.8385,6.0,-5,18.588397575552644,,7000.0,0.0,0.0,0.0,48.579761537730306,optimal
2021-02-12 02:30:00,3,47,2.3333333333333335,0.0,0.0,0.057,11.067,6.0,-5,18.800139467325053,,7000.0,0.0,0.0,0.0,48.53118177619257,optimal
2021-02-12 03:00:00,3,47,2.3333333333333335,0.0,0.0,0.12329999999999999,10.8465,6.0,-5,19.00711133814083,,7000.0,0.0,0.0,0.0,48.48265059441637,optimal
2021-02-12 03:30:00,3,47,2.1634512951825022,0.0,0.0,0.0927,13.671,6.0,-5,19.219889494361556,,6490.353885547506,0.0,0.0,0.0,48.434167943821954,optimal
2021-02-12 04:00:00,3,47,2.3333333333333335,0.0,0.0,0.06666666666666667,12.348,6.0,-5,19.39994892326989,,7000.0,0.0,0.0,0.0,48.38573377587813,optimal
2021-02-12 04:30:00,3,47,0.0,0.0,0.0,0.067,14.3325,6.0,-5,19.619814465392416,,0.0,0.0,0.0,0.0,48.33734804210225,optimal
2021-02-12 05:00:00,3,47,0.0,0.0,0.0,0.14859999999999998,15.393,6.0,-5,19.347383820750828,,0.0,0.0,0.0,0.0,48.289010694060146,optimal
2021-02-12 05:30:00,3,47,2.3333333333333335,0.0,0.0,0.2867333333333333,13.587,6.0,-5,19.092153927553568,,7000.0,0.0,0.0,0.0,48.240721683366075,optimal
2021-02-12 06:00:00,3,47,0.0,0.0,0.0,0.064,16.1385,6.0,-5,19.36073844749499,,0.0,0.0,0.0,0.0,48.192480961682705,optimal
2021-02-12 06:30:00,3,47,2.3333333333333335,0.0,0.0,0.167,14.595,6.0,-5,19.13417313005313,,7000.0,0.0,0.0,0.0,48.144288480721016,optimal
2021-02-12 07:00:00,3,47,2.3333333333333335,0.0,0.0,0.065,14.637,6.0,-5,19.423857155725237,,7000.0,0.0,0.0,0.0,48.096144192240295,optimal
2021-02-12 07:30:00,3,47,2.3333333333333335,0.0,0.0,0.15680000000000002,13.9125,6.0,-5,19.71634483391181,,7000.0,0.0,0.0,0.0,48.048048048048045,optimal
2021-02-12 08:00:00,3,47,1.1187928619754486,0.0,0.0,0.9494666666666668,13.3665,6.0,-5,20.0,,3356.378585926346,0.0,0.0,0.0,48.0,optimal
2021-02-12 08:30:00,3,47,2.3069553097884485,0.0,0.0,0.14633333333333334,13.0095,6.0,-5,20.0,,6920.865929365346,0.0,0.0,0.0,47.79984049283168,optimal
2021-02-12 09:00:00,3,47,0.0,0.0,0.0,0.10666666666666669,13.8915,6.0,-5,20.237748986943174,,0.0,0.0,0.0,0.0,47.59988114517053,optimal
2021-02-12 09:30:00,3,47,0.7116219461875358,0.0,0.0,1.34,13.188,6.0,-5,20.0,,2134.8658385626077,0.0,0.0,0.0,47.40012175685704,optimal
2021-02-12 10:00:00,3,47,0.5502365662359984,0.0,0.0,0.08506666666666667,12.5685,6.0,-5,20.0,,1511.3763653746619,0.0,139.33333333333331,0.0,47.20056212793186,optimal
2021-02-12 10:30:00,3,47,0.5139911600652617,0.0,0.0,0.17256666666666667,12.285,6.0,-5,20.0,,1541.9734801957852,0.0,0.0,0.0,47.001202058635606,optimal
2021-02-12 11:00:00,3,47,1.196213023803268,0.0,0.0,0.0721,11.487,6.0,-5,20.0,,2350.9354436063163,0.0,1237.7036278034875,0.0,46.80204134940865,optimal
2021-02-12 11:30:00,3,47,0.0,0.0,0.0,0.067,11.802,6.0,-5,20.083993803062498,,0.0,0.0,0.0,0.0,46.60307980089092,optimal
2021-02-12 12:00:00,3,47,2.3333333333333335,0.0,0.0,0.1463,11.2245,6.0,-5,20.0,,6356.7036278034875,0.0,643.2963721965125,0.0,46.40431721392171,optimal
2021-02-12 12:30:00,3,47,2.3333333333333335,0.0,0.0,0.1157,11.025,6.0,-5,20.403251529407367,,7000.0,0.0,0.0,0.0,46.20575338953947,optimal
2021-02-12 13:00:00,3,47,0.0,0.0,0.0,0.0845,11.907,6.0,-5,20.844996947406077,,0.0,0.0,0.0,0.0,46.00738812898161,optimal
2021-02-12 13:30:00,3,47,0.0,0.0,0.0,0.201,25.83,6.0,-5,20.780979803268302,,0.0,0.0,0.0,0.0,45.809221233684305,optimal
2021-02-12 14:00:00,3,47,0.0,0.0,0.0,0.10573333333333332,28.035,6.0,-5,20.729925606044674,,0.0,0.0,0.0,0.0,45.6112525052823,optimal
2021-02-12 14:30:00,3,47,0.0,0.0,0.0,0.131,28.119,6.0,-5,20.6603176108149,,0.0,0.0,0.0,0.0,45.4134817456087,optimal
2021-02-12 15:00:00,3,47,0.0,0.0,0.0,0.22126666666666667,30.156,6.0,-5,20.60011747203654,,0.0,0.0,0.0,0.0,45.215908756694766,optimal
2021-02-12 15:30:00,3,47,0.0,0.0,0.0,0.2319,29.1585,6.0,-5,20.532420057016775,,0.0,0.0,0.0,0.0,45.01853334076975,optimal
2021-02-12 16:00:00,3,47,0.0,0.0,0.0,0.24209999999999998,26.712,6.0,-5,20.464467045409826,,0.0,0.0,0.0,0.0,44.821355300260656,optimal
2021-02-12 16:30:00,3,47,0.0,0.0,0.0,0.1181,15.435,6.0,-5,20.35347636837791,,0.0,0.0,0.0,0.0,44.62437443779208,optimal
2021-02-12 17:00:00,3,47,0.0,0.0,0.0,0.1129,13.566,6.0,-5,20.209909143758882,,0.0,0.0,0.0,0.0,44.42759055618596,optimal
2021-02-12 17:30:00,3,47,0.8772257967196593,0.0,0.0,0.1651,12.789,6.0,-5,20.0,,2631.6773901589777,0.0,0.0,0.0,44.38316296562977,optimal
2021-02-12 18:00:00,3,47,1.7900546887007538,0.0,0.0,0.19433333333333327,12.1275,6.0,-5,20.0,,5370.164066102261,0.0,0.0,0.0,44.33877980266414,optimal
2021-02-12 18:30:00,3,47,0.0,0.0,0.0,0.6119333333333333,13.671,6.0,-5,20.192049067157967,,0.0,0.0,0.0,0.0,44.29444102286148,optimal
2021-02-12 19:00:00,3,47,2.3333333333333335,0.0,0.0,3.1991,10.668,6.0,-5,20.0,,7000.0,0.0,0.0,0.0,44.250146581838614,optimal
2021-02-12 19:30:00,3,47,0.0,0.0,0.0,0.8108,11.7285,6.0,-5,20.380417191294992,,0.0,0.0,0.0,0.0,44.205896435256776,optimal
2021-02-12 20:00:00,3,47,0.04238437611470905,0.0,0.0,0.1648,11.025,6.0,-5,20.216006039895365,,127.15312834412714,0.0,0.0,0.0,44.16169053882152,optimal
2021-02-12 20:30:00,3,47,0.0,0.0,0.0,0.247,10.689,6.0,-5,20.0,,0.0,0.0,0.0,0.0,44.117528848282696,optimal
2021-02-12 21:00:00,3,47,0.0,0.0,0.0,0.1885,8.1585,6.0,-5,19.766839928475015,,0.0,0.0,0.0,0.0,44.07341131943441,optimal
2021-02-12 21:30:00,3,47,0.0,0.0,0.0,0.0925,10.3635,6.0,-5,19.533241771502333,,0.0,0.0,0.0,0.0,44.02933790811498,optimal
2021-02-12 22:00:00,3,47,0.0,0.0,0.0,0.1435,10.8045,6.0,-5,19.30044063593375,,0.0,0.0,0.0,0.0,43.98530857020687,optimal
2021-02-12 22:30:00,3,47,0.0,0.0,0.0,0.067,11.025,6.0,-5,19.074581510816575,,0.0,0.0,0.0,0.0,43.94132326163666,optimal
2021-02-12 23:00:00,3,47,0.0,0.0,0.0,0.067,10.3635,6.0,-5,18.845927750944554,,0.0,0.0,0.0,0.0,43.89738193837503,optimal
2021-02-12 23:30:00,3,47,0.0,0.0,0.0,0.065,10.8045,6.0,-5,18.619953696364288,,0.0,0.0,0.0,0.0,43.853484556436655,optimal
2021-02-13 00:00:00,3,47,0.023222222222222217,0.0,0.0,0.1376,10.059,6.0,-1,18.619953696364288,,0.0,0.0,69.66666666666666,0.0,43.80963107188022,optimal
2021-02-13 00:30:00,3,47,0.509035034679416,0.0,0.0,0.061,9.261,6.0,-1,18.417241959358847,,0.0,0.0,1527.105104038248,0.0,43.76582144080834,optimal
2021-02-13 01:00:00,3,47,2.3333333333333335,0.0,0.0,0.1422,8.1585,6.0,-1,18.209055634604393,,3371.771770704915,0.0,3628.228229295085,0.0,43.72205561936753,optimal
2021-02-13 01:30:00,3,47,0.0,0.0,0.0,0.0958,9.4815,6.0,-1,18.249511474345507,,0.0,0.0,0.0,0.0,43.67833356374816,optimal
2021-02-13 02:00:00,3,47,2.3333333333333335,0.0,0.0,0.0842,8.379,6.0,-1,18.04693820335714,,7000.0,0.0,0.0,0.0,43.634655230184414,optimal
2021-02-13 02:30:00,3,47,2.3333333333333335,0.0,0.0,0.15380000000000002,9.5235,6.0,-1,18.34442294978244,,7000.0,0.0,0.0,0.0,43.59102057495423,optimal
2021-02-13 03:00:00,3,47,2.3333333333333335,0.0,0.6717136104865961,0.3685333333333334,8.1375,6.0,-1,18.64337210533019,,7000.0,0.0,0.0,0.0,43.866493519360404,optimal
2021-02-13 03:30:00,3,47,0.0,0.0,0.0,0.061,10.0905,6.0,-1,18.95788581378301,,0.0,0.0,0.0,0.0,43.82262702584104,optimal
2021-02-13 04:00:00,3,47,2.3333333333333335,0.0,5.0,0.06866666666666667,7.539,6.0,-1,18.74453536809243,,7000.0,0.0,0.0,0.0,46.15380439881519,optimal
2021-02-13 04:30:00,3,47,2.3333333333333335,0.0,5.0,0.10393333333333334,7.938,6.0,-1,19.031022423606718,,7000.0,0.0,0.0,0.0,48.48265059441637,optimal
2021-02-13 05:00:00,3,47,2.3333333333333335,0.0,0.0,0.1364,8.274,6.0,-1,19.31586800229106,,7000.0,0.0,0.0,0.0,48.434167943821954,optimal
2021-02-13 05:30:00,3,47,2.3333333333333335,0.0,0.0,0.06866666666666667,9.261,6.0,-1,19.598678776546897,,7000.0,0.0,0.0,0.0,48.38573377587813,optimal
2021-02-13 06:00:00,3,47,2.3333333333333335,0.0,0.0,0.14453333333333332,9.9225,6.0,-1,19.87163986073751,,7000.0,0.0,0.0,0.0,48.33734804210225,optimal
2021-02-13 06:30:00,3,47,2.3333333333333335,0.0,0.0,0.0958,9.702,6.0,-1,20.1460059396553,,7000.0,0.0,0.0,0.0,48.289010694060146,optimal
2021-02-13 07:00:00,3,47,2.3333333333333335,0.0,0.0,0.11506666666666666,10.584,6.0,-1,20.413270094832946,,7000.0,0.0,0.0,0.0,48.240721683366075,optimal
2021-02-13 07:30:00,3,47,2.3333333333333335,0.0,0.0,0.13293333333333335,10.143,6.0,-1,20.67764120587678,,7000.0,0.0,0.0,0.0,48.192480961682705,optimal
2021-02-13 08:00:00,3,47,0.0,0.0,0.0,1.5171,13.0095,6.0,-1,20.939978307523972,,0.0,0.0,0.0,0.0,48.144288480721016,optimal
2021-02-13 08:30:00,3,47,2.3333333333333335,0.0,0.0,1.5674666666666668,11.025,6.0,-1,20.74482418740743,,7000.0,0.0,0.0,0.0,48.096144192240295,optimal
2021-02-13 09:00:00,3,47,0.0,0.0,0.0,0.0858,12.789,6.0,-1,21.051417061830733,,0.0,0.0,0.0,0.0,48.048048048048045,optimal
2021-02-13 09:30:00,3,47,0.0,0.0,0.0,0.207,12.1275,6.0,-1,20.862552982477183,,0.0,0.0,0.0,0.0,48.0,optimal
2021-02-13 10:00:00,3,47,0.0,0.0,0.0,0.08333333333333333,12.1695,6.0,-1,20.678822681755015,,0.0,0.0,0.0,0.0,47.93100021073429,optimal
2021-02-13 10:30:00,3,47,0.0,0.0,0.0,0.1696,12.306,6.0,-1,20.53001444312962,,0.0,0.0,0.0,0.0,47.86206942125785,optimal
2021-02-13 11:00:00,3,47,0.0,0.0,0.0,0.0884,13.23,6.0,-1,20.369968916111088,,0.0,0.0,0.0,0.0,47.793207562570885,optimal
2021-02-13 11:30:00,3,47,0.0,0.0,0.0,0.071,13.671,6.0,-1,20.262179104953308,,0.0,0.0,0.0,0.0,47.724414565742606,optimal
2021-02-13 12:00:00,3,47,0.0,0.0,0.0,0.071,13.9335,6.0,-1,20.155000815192597,,0.0,0.0,0.0,0.0,47.655690361911155,optimal
2021-02-13 12:30:00,3,47,0.0,0.0,0.0,0.187,13.293,6.0,-1,20.072304203415985,,0.0,0.0,0.0,0.0,47.58703488228353,optimal
2021-02-13 13:00:00,3,47,0.31980713871382477,0.0,0.0,0.071,12.1065,6.0,-1,20.0,,959.4214161414743,0.0,0.0,0.0,47.51844805813554,optimal
2021-02-13 13:30:00,3,47,1.6264391850405238,0.0,0.0,0.08259999999999999,11.571,6.0,-1,20.0,,4879.317555121572,0.0,0.0,0.0,47.4499298208117,optimal
2021-02-13 14:00:00,3,47,2.3333333333333335,0.0,0.0,0.1754,11.025,6.0,-1,20.28082663658492,,7000.0,0.0,0.0,0.0,47.381480101725174,optimal
2021-02-13 14:30:00,3,47,2.3333333333333335,0.0,0.0,0.071,10.8465,6.0,-1,20.675305733232186,,7000.0,0.0,0.0,0.0,47.31309883235774,optimal
2021-02-13 15:00:00,3,47,2.3333333333333335,0.0,0.0,0.1696,11.2455,6.0,-1,21.0589075176211,,7000.0,0.0,0.0,0.0,47.244785944259675,optimal
2021-02-13 15:30:00,3,47,0.0,0.0,0.0,0.0884,23.8665,6.0,-1,21.411210719620144,,0.0,0.0,0.0,0.0,47.17654136904971,optimal
2021-02-13 16:00:00,3,47,0.0,0.0,0.0,0.071,27.4575,6.0,-1,21.254514133517247,,0.0,0.0,0.0,0.0,47.10836503841495,optimal
2021-02-13 16:30:00,3,47,0.0,0.0,0.0,0.071,27.3735,6.0,-1,21.05813949463427,,0.0,0.0,0.0,0.0,47.04025688411083,optimal
2021-02-13 17:00:00,3,47,0.0,0.0,0.0,0.1754,30.4605,6.0,-1,20.86406626623006,,0.0,0.0,0.0,0.0,46.972216837961014,optimal
2021-02-13 17:30:00,3,47,0.0,0.0,0.0,0.08259999999999999,30.0195,6.0,-1,20.644705127505013,,0.0,0.0,0.0,0.0,46.90424483185735,optimal
2021-02-13 18:00:00,3,47,0.0,0.0,0.0,0.08326666666666667,26.9325,6.0,-1,20.42014180246854,,0.0,0.0,0.0,0.0,46.83634079775978,optimal
2021-02-13 18:30:00,3,47,0.0,0.0,0.0,0.1956,14.595,6.0,-1,20.197071029946414,,0.0,0.0,0.0,0.0,46.76850466769631,optimal
2021-02-13 19:00:00,3,47,0.7608126964983843,0.0,0.0,0.8453999999999999,12.4845,6.0,-1,20.0,,2282.438089495153,0.0,0.0,0.0,46.70073637376291,optimal
2021-02-13 19:30:00,3,47,0.6188912702632883,0.0,0.0,1.5175666666666665,12.1275,6.0,-1,20.0,,1856.6738107898645,0.0,0.0,0.0,46.633035848123434,optimal
2021-02-13 20:00:00,3,47,0.8736409551393112,0.0,0.0,0.38406666666666667,12.1275,6.0,-1,20.0,,2620.9228654179333,0.0,0.0,0.0,46.5654030230096,optimal
2021-02-13 20:30:00,3,47,0.0,0.0,0.0,0.09906666666666666,12.789,6.0,-1,20.0,,0.0,0.0,0.0,0.0,46.49783783072088,optimal
2021-02-13 21:00:00,3,47,0.0,0.0,0.0,0.1118,11.907,6.0,-1,19.786479456546946,,0.0,0.0,0.0,0.0,46.43034020362445,optimal
2021-02-13 21:30:00,3,47,0.0,0.0,0.0,0.1257333333333333,11.025,6.0,-1,19.582745168706676,,0.0,0.0,0.0,0.0,46.36291007415512,optimal
2021-02-13 22:00:00,3,47,0.209,0.0,0.0,0.31510000000000005,8.2005,6.0,-1,19.37905323985931,,0.0,0.0,627.0,0.0,46.29554737481525,optimal
2021-02-13 22:30:00,3,47,0.0,0.0,0.0,0.14709999999999998,9.5655,6.0,-1,19.189494397801646,,0.0,0.0,0.0,0.0,46.22825203817472,optimal
2021-02-13 23:00:00,3,47,0.09288888888888887,0.0,0.0,0.111,7.056,6.0,-1,18.989583666355436,,0.0,0.0,278.66666666666663,0.0,46.18202378613655,optimal
2021-02-13 23:30:00,3,47,0.0,0.0,0.0,0.4911666666666667,9.3975,6.0,-1,18.798024380906636,,0.0,0.0,0.0,0.0,46.13584176235041,optimal
2021-02-07 00:00:00,4,47,0.0,0.0,0.0,0.058,8.274,6.0,-2,21.0,,0.0,0.0,0.0,0.0,47.952,optimal
2021-02-07 00:30:00,4,47,0.0,0.0,0.0,0.058,7.7175,6.0,-2,20.79958361793565,,0.0,0.0,0.0,0.0,47.904047999999996,optimal
2021-02-07 01:00:00,4,47,0.0,0.0,0.0,0.058,6.615,6.0,-2,20.60034406458624,,0.0,0.0,0.0,0.0,47.856143952,optimal
2021-02-07 01:30:00,4,47,0.0,0.0,0.0,0.058,6.174,6.0,-2,20.40226754812024,,0.0,0.0,0.0,0.0,47.80828780804799,optimal
2021-02-07 02:00:00,4,47,2.3333333333333335,0.0,0.0,0.058,3.906,6.0,-2,20.20592641280424,,7000.0,0.0,0.0,0.0,47.76047952023995,optimal
2021-02-07 02:30:00,4,47,2.3333333333333335,0.0,0.0,0.058,2.3415,6.0,-2,20.509223438262215,,7000.0,0.0,0.0,0.0,47.712719040719705,optimal
2021-02-07 03:00:00,4,47,2.3333333333333335,0.0,0.0,0.058,2.205,6.0,-2,20.807794028546443,,7000.0,0.0,0.0,0.0,47.66500632167899,optimal
2021-02-07 03:30:00,4,47,2.3333333333333335,0.0,2.539051431964451,0.058,0.882,6.0,-2,21.10169357506336,,7000.0,0.0,0.0,0.0,48.823390745540415,optimal
2021-02-07 04:00:00,4,47,2.3333333333333335,0.0,0.0,0.058,1.5435,6.0,-2,21.391562794525306,,7000.0,0.0,0.0,0.0,48.774567354794875,optimal
2021-02-07 04:30:00,4,47,2.3333333333333335,0.0,0.0,0.058,1.5435,6.0,-2,21.677448920307068,,7000.0,0.0,0.0,0.0,48.72579278744007,optimal
2021-02-07 05:00:00,4,47,2.3333333333333335,0.0,0.0,0.058,5.0715,6.0,-2,21.9599846066973,,7000.0,0.0,0.0,0.0,48.67706699465263,optimal
2021-02-07 05:30:00,4,47,1.8125477990448526,0.0,0.0,0.058,5.376,6.0,-2,22.239209119134596,,5437.643397134558,0.0,0.0,0.0,48.62838992765797,optimal
2021-02-07 06:00:00,4,47,2.3333333333333335,0.0,0.0,0.058,5.0715,6.0,-2,22.404027910001407,,7000.0,0.0,0.0,0.0,48.579761537730306,optimal
2021-02-07 06:30:00,4,47,0.0,0.0,0.0,0.058,5.5125,6.0,-2,22.678048461697802,,0.0,0.0,0.0,0.0,48.53118177619257,optimal
2021-02-07 07:00:00,4,47,0.0,0.0,0.0,0.058,9.261,6.0,-2,22.45034854060149,,0.0,0.0,0.0,0.0,48.48265059441637,optimal
2021-02-07 07:30:00,4,47,0.0,0.0,0.0,0.05866666666666666,11.7075,6.0,-2,22.224731171828704,,0.0,0.0,0.0,0.0,48.434167943821954,optimal
2021-02-07 08:00:00,4,47,0.0,0.0,0.0,0.068,12.348,6.0,-2,22.0,,0.0,0.0,0.0,0.0,48.38573377587813,optimal
2021-02-07 08:30:00,4,47,0.0,0.0,0.0,0.068,12.348,6.0,-2,21.776144639339762,,0.0,0.0,0.0,0.0,48.33734804210225,optimal
2021-02-07 09:00:00,4,47,0.0,0.0,0.0,0.068,12.1275,6.0,-2,21.554326774718174,,0.0,0.0,0.0,0.0,48.289010694060146,optimal
2021-02-07 09:30:00,4,47,0.0,0.0,0.0,0.066,12.5265,6.0,-2,21.35047317521496,,0.0,0.0,0.0,0.0,48.240721683366075,optimal
2021-02-07 10:00:00,4,47,0.0,0.0,0.0,0.06533333333333333,11.7495,6.0,-2,21.161746305381513,,0.0,0.0,0.0,0.0,48.192480961682705,optimal
2021-02-07 10:30:00,4,47,0.0,0.0,0.0,0.057466666666666666,13.23,6.0,-2,20.993603157612668,,0.0,0.0,0.0,0.0,48.144288480721016,optimal
2021-02-07 11:00:00,4,47,0.0,0.0,0.0,0.0761,14.3325,6.0,-2,20.829279346313747,,0.0,0.0,0.0,0.0,48.096144192240295,optimal
2021-02-07 11:30:00,4,47,0.0,0.0,0.0,0.1484,14.994,6.0,-2,20.69484109018701,,0.0,0.0,0.0,0.0,48.048048048048045,optimal
2021-02-07 12:00:00,4,47,0.0,0.0,0.0,0.18380000000000002,14.8155,6.0,-2,20.5718040646143,,0.0,0.0,0.0,0.0,48.0,optimal
2021-02-07 12:30:00,4,47,0.0,0.0,0.0,0.09426666666666668,14.112,6.0,-2,20.465057139438088,,0.0,0.0,0.0,0.0,46.748372994150714,optimal
2021-02-07 13:00:00,4,47,0.0,0.0,0.0,0.07516666666666667,14.007,6.0,-2,20.34764427376584,,0.0,0.0,0.0,0.0,45.49799761530728,optimal
2021-02-07 13:30:00,4,47,0.0,0.0,0.0,0.12883333333333336,13.23,6.0,-2,20.209634264304157,,0.0,0.0,0.0,0.0,44.248872611842685,optimal
2021-02-07 14:00:00,4,47,2.3333333333333335,0.0,0.0,0.3312,11.382,6.0,-2,20.0770048598378,,7000.0,0.0,0.0,0.0,43.000996733381555,optimal
2021-02-07 14:30:00,4,47,1.8527042598818217,0.0,0.0,0.2355,11.7495,6.0,-2,20.478373756105903,,5558.112779645466,0.0,0.0,0.0,42.95799573664817,optimal
2021-02-07 15:00:00,4,47,0.0,0.0,0.0,0.21603333333333333,24.3285,6.0,-2,20.771457810171142,,0.0,0.0,0.0,0.0,42.91503774091152,optimal
2021-02-07 15:30:00,4,47,0.0,0.0,0.0,0.23266666666666663,28.917,6.0,-2,20.698872666309054,,0.0,0.0,0.0,0.0,42.87212270317061,optimal
2021-02-07 16:00:00,4,47,0.0,0.0,0.0,0.22346666666666667,31.3635,6.0,-2,20.627926780955118,,0.0,0.0,0.0,0.0,42.82925058046744,optimal
2021-02-07 16:30:00,4,47,0.0,0.0,0.0,0.26780000000000004,33.306,6.0,-2,20.51558395886965,,0.0,0.0,0.0,0.0,42.78642132988697,optimal
2021-02-07 17:00:00,4,47,0.0,0.0,0.0,0.1803333333333333,31.3425,6.0,-2,20.396750150628247,,0.0,0.0,0.0,0.0,42.743634908557084,optimal
2021-02-07 17:30:00,4,47,0.0,0.0,0.0,1.37,28.2555,6.0,-2,20.24531885510982,,0.0,0.0,0.0,0.0,42.70089127364853,optimal
2021-02-07 18:00:00,4,47,0.0,0.0,0.0,0.6543666666666667,15.6975,6.0,-2,20.11925117892644,,0.0,0.0,0.0,0.0,42.65819038237488,optimal
2021-02-07 18:30:00,4,47,0.6503871747493566,0.0,0.0,0.5578,12.5475,6.0,-2,20.0,,1951.1615242480698,0.0,0.0,0.0,42.61553219199251,optimal
2021-02-07 19:00:00,4,47,0.7522856656446751,0.0,0.0,0.21619999999999998,12.0855,6.0,-2,20.0,,2256.8569969340256,0.0,0.0,0.0,42.57291665980051,optimal
2021-02-07 19:30:00,4,47,1.585824481189318,0.0,0.0,0.066,11.907,6.0,-2,20.0,,4757.473443567954,0.0,0.0,0.0,42.53034374314071,optimal
2021-02-07 20:00:00,4,47,0.0,0.0,0.0,0.15733333333333335,12.5685,6.0,-2,20.164036013252733,,0.0,0.0,0.0,0.0,42.487813399397574,optimal
2021-02-07 20:30:00,4,47,0.0,0.0,0.0,0.36219999999999997,13.146,6.0,-2,20.0,,0.0,0.0,0.0,0.0,42.44532558599818,optimal
2021-02-07 21:00:00,4,47,0.0,0.0,0.0,0.41156666666666664,10.584,6.0,-2,19.8673865201514,,0.0,0.0,0.0,0.0,42.402880260412175,optimal
2021-02-07 21:30:00,4,47,0.0,0.0,0.0,0.17933333333333334,6.678,6.0,-2,19.745732563282008,,0.0,0.0,0.0,0.0,42.360477380151764,optimal
2021-02-07 22:00:00,4,47,0.0,0.0,0.0,0.068,7.938,6.0,-2,19.587408468051805,,0.0,0.0,0.0,0.0,42.318116902771614,optimal
2021-02-07 22:30:00,4,47,0.0,0.0,0.0,0.068,5.292,6.0,-2,19.39065549910075,,0.0,0.0,0.0,0.0,42.275798785868844,optimal
2021-02-07 23:00:00,4,47,0.0,0.0,0.0,0.068,9.261,6.0,-2,19.196208374463655,,0.0,0.0,0.0,0.0,42.23352298708298,optimal
2021-02-07 23:30:00,4,47,0.0,0.0,0.0,0.068,10.3635,6.0,-2,19.00404007082276,,0.0,0.0,0.0,0.0,42.191289464095895,optimal
2021-02-08 00:00:00,4,47,2.3333333333333335,0.0,0.6747126829307903,0.1145,5.5755,6.0,-5,19.00404007082276,,7000.0,0.0,0.0,0.0,42.46958669902392,optimal
2021-02-08 00:30:00,4,47,2.3333333333333335,0.0,5.0,0.0709,5.0925,6.0,-5,19.31126434312333,,7000.0,0.0,0.0,0.0,44.8021171123249,optimal
2021-02-08 01:00:00,4,47,2.3333333333333335,0.0,5.0,0.1254,4.1895,6.0,-5,19.611786754149914,,7000.0,0.0,0.0,0.0,47.13231499521257,optimal
2021-02-08 01:30:00,4,47,2.3333333333333335,0.0,0.0,0.06,7.056,6.0,-5,19.91266388312505,,7000.0,0.0,0.0,0.0,47.08518268021736,optimal
2021-02-08 02:00:00,4,47,2.3333333333333335,0.0,5.0,0.06,5.271,6.0,-5,20.204776886788224,,7000.0,0.0,0.0,0.0,49.41309749753713,optimal
2021-02-08 02:30:00,4,47,2.3333333333333335,0.0,0.0,0.07453333333333333,7.938,6.0,-5,20.492880500766283,,7000.0,0.0,0.0,0.0,49.363684400039595,optimal
2021-02-08 03:00:00,4,47,2.3333333333333335,0.0,0.0,0.11086666666666666,7.938,6.0,-5,20.779227445222755,,7000.0,0.0,0.0,0.0,49.314320715639546,optimal
2021-02-08 03:30:00,4,47,0.46734949990255353,0.0,0.0,0.06,11.907,6.0,-5,21.065388982278648,,1402.0484997076605,0.0,0.0,0.0,49.26500639492391,optimal
2021-02-08 04:00:00,4,47,2.3333333333333335,0.0,0.0,0.06,11.025,6.0,-5,20.94579985617791,,7000.0,0.0,0.0,0.0,49.215741388528976,optimal
2021-02-08 04:30:00,4,47,2.3333333333333335,0.0,0.0,0.0709,11.2875,6.0,-5,21.22521905939667,,7000.0,0.0,0.0,0.0,49.16652564714044,optimal
2021-02-08 05:00:00,4,47,0.0,0.0,0.0,0.11316666666666668,12.936,6.0,-5,21.50096700074955,,0.0,0.0,0.0,0.0,49.1173591214933,optimal
2021-02-08 05:30:00,4,47,0.0,0.0,0.0,0.0927,13.0095,6.0,-5,21.281757512857823,,0.0,0.0,0.0,0.0,49.0682417623718,optimal
2021-02-08 06:00:00,4,47,0.0,0.0,0.0,0.0927,13.671,6.0,-5,21.05871248646231,,0.0,0.0,0.0,0.0,49.01917352060943,optimal
2021-02-08 06:30:00,4,47,0.0,0.0,0.0,0.07096666666666666,13.188,6.0,-5,20.837695459401697,,0.0,0.0,0.0,0.0,48.97015434708881,optimal
2021-02-08 07:00:00,4,47,0.0,0.0,0.0,0.12243333333333334,13.8495,6.0,-5,20.616615098091028,,0.0,0.0,0.0,0.0,48.92118419274172,optimal
2021-02-08 07:30:00,4,47,0.0,0.0,0.0,0.058,13.23,6.0,-5,20.401674844180754,,0.0,0.0,0.0,0.0,48.87226300854897,optimal
2021-02-08 08:00:00,4,47,0.0,0.0,0.0,0.12736666666666666,13.3665,6.0,-5,20.19223702092804,,0.0,0.0,0.0,0.0,48.823390745540415,optimal
2021-02-08 08:30:00,4,47,2.3333333333333335,0.0,0.0,0.32193333333333335,13.0515,6.0,-5,20.0,,7000.0,0.0,0.0,0.0,48.774567354794875,optimal
2021-02-08 09:00:00,4,47,0.8609893619996928,0.0,0.0,0.3061333333333333,13.5345,6.0,-5,20.32753283231463,,2582.968085999078,0.0,0.0,0.0,48.72579278744007,optimal
2021-02-08 09:30:00,4,47,0.0,0.0,0.0,0.2571333333333333,14.154,6.0,-5,20.364288560869916,,0.0,0.0,0.0,0.0,48.67706699465263,optimal
2021-02-08 10:00:00,4,47,0.0,0.0,0.0,0.1882666666666667,14.112,6.0,-5,20.218400616923926,,0.0,0.0,0.0,0.0,48.62838992765797,optimal
2021-02-08 10:30:00,4,47,0.0,0.0,0.0,0.26263333333333333,14.2485,6.0,-5,20.102373925293552,,0.0,0.0,0.0,0.0,48.579761537730306,optimal
2021-02-08 11:00:00,4,47,0.4141660289194533,0.0,0.0,0.2552,12.789,6.0,-5,20.0,,1242.49808675836,0.0,0.0,0.0,48.53118177619257,optimal
2021-02-08 11:30:00,4,47,0.0,0.0,0.0,1.7178333333333333,13.0095,6.0,-5,20.02753845094665,,0.0,0.0,0.0,0.0,48.48265059441637,optimal
2021-02-08 12:00:00,4,47,0.7967675424084664,0.0,0.0,0.3948,12.1275,6.0,-5,20.0,,2390.302627225399,0.0,0.0,0.0,48.434167943821954,optimal
2021-02-08 12:30:00,4,47,0.0,0.0,0.0,0.33513333333333334,12.348,6.0,-5,20.139993867337125,,0.0,0.0,0.0,0.0,48.38573377587813,optimal
2021-02-08 13:00:00,4,47,2.3333333333333335,0.0,0.0,0.34,12.348,6.0,-5,20.096406597997873,,7000.0,0.0,0.0,0.0,48.33734804210225,optimal
2021-02-08 13:30:00,4,47,0.0,0.0,0.0,0.2292,25.389,6.0,-5,20.554990710363352,,0.0,0.0,0.0,0.0,48.289010694060146,optimal
2021-02-08 14:00:00,4,47,0.0,0.0,0.0,0.13553333333333334,29.1375,6.0,-5,20.504335621052768,,0.0,0.0,0.0,0.0,48.240721683366075,optimal
2021-02-08 14:30:00,4,47,0.0,0.0,0.0,0.297,30.597,6.0,-5,20.447146498323132,,0.0,0.0,0.0,0.0,48.192480961682705,optimal
2021-02-08 15:00:00,4,47,0.0,0.0,0.0,0.21769999999999998,33.684,6.0,-5,20.404449930960432,,0.0,0.0,0.0,0.0,48.144288480721016,optimal
2021-02-08 15:30:00,4,47,0.0,0.0,0.0,0.19793333333333332,32.445,6.0,-5,20.33012858813467,,0.0,0.0,0.0,0.0,48.096144192240295,optimal
2021-02-08 16:00:00,4,47,0.0,0.0,0.0,0.16446666666666668,28.917,6.0,-5,20.261785844074186,,0.0,0.0,0.0,0.0,48.048048048048045,optimal
2021-02-08 16:30:00,4,47,0.0,0.0,0.0,0.2884,15.876,6.0,-5,20.125975499055716,,0.0,0.0,0.0,0.0,48.0,optimal
2021-02-08 17:00:00,4,47,0.7798189168021469,0.0,0.0,0.3589333333333333,12.348,6.0,-5,20.0,,2339.4567504064407,0.0,0.0,0.0,47.82112640638745,optimal
2021-02-08 17:30:00,4,47,1.8251599565784216,0.0,0.0,0.4516,12.1275,6.0,-5,20.0,,5475.479869735264,0.0,0.0,0.0,47.64243168636851,optimal
2021-02-08 18:00:00,4,47,0.0,0.0,0.0,0.1354,12.348,6.0,-5,20.223193208221325,,0.0,0.0,0.0,0.0,47.46391566106959,optimal
2021-02-08 18:30:00,4,47,1.052709263941111,0.0,0.0,0.07,12.1275,6.0,-5,20.0,,3158.127791823333,0.0,0.0,0.0,47.285578151795974,optimal
2021-02-08 19:00:00,4,47,1.0499633103919903,0.0,0.0,0.07,12.1275,6.0,-5,20.0,,3149.8899311759706,0.0,0.0,0.0,47.10741898003163,optimal
2021-02-08 19:30:00,4,47,1.020123393261576,0.0,0.0,0.12969999999999998,11.2665,6.0,-5,20.0,,3060.3701797847284,0.0,0.0,0.0,46.92943796743905,optimal
2021-02-08 20:00:00,4,47,0.35327236502005577,0.0,0.0,1.7737,10.143,6.0,-5,20.0,,1059.8170950601673,0.0,0.0,0.0,46.88250852947161,optimal
2021-02-08 20:30:00,4,47,0.0,0.0,0.0,0.29236666666666666,11.2455,6.0,-5,20.0,,0.0,0.0,0.0,0.0,46.83562602094214,optimal
2021-02-08 21:00:00,4,47,0.0,0.0,0.0,1.0843,11.025,6.0,-5,19.830889222878227,,0.0,0.0,0.0,0.0,46.78879039492119,optimal
2021-02-08 21:30:00,4,47,0.0,0.0,0.0,2.7756333333333334,5.9745,6.0,-5,19.683151190880643,,0.0,0.0,0.0,0.0,46.74200160452627,optimal
2021-02-08 22:00:00,4,47,0.0,0.0,0.0,1.9941,7.938,6.0,-5,19.548148691746608,,0.0,0.0,0.0,0.0,46.695259602921745,optimal
2021-02-08 22:30:00,4,47,0.0,0.0,0.0,0.5057333333333334,8.6835,6.0,-5,19.404046734240808,,0.0,0.0,0.0,0.0,46.648564343318824,optimal
2021-02-08 23:00:00,4,47,0.0,0.0,0.0,0.482,7.665,6.0,-5,19.269297478355572,,0.0,0.0,0.0,0.0,46.6019157789755,optimal
2021-02-08 23:30:00,4,47,0.0,0.0,0.0,0.19393333333333332,6.7725,6.0,-5,19.138725777356623,,0.0,0.0,0.0,0.0,46.555313863196524,optimal
2021-02-09 00:00:00,4,47,2.3333333333333335,0.0,0.0,0.20166666666666663,11.7705,6.0,-4,19.138725777356623,,7000.0,0.0,0.0,0.0,46.50875854933333,optimal
2021-02-09 00:30:00,4,47,2.3333333333333335,0.0,0.0,0.098,11.13,6.0,-4,19.440031503123052,,2402.0,0.0,4598.0,0.0,46.46224979078399,optimal
2021-02-09 01:00:00,4,47,2.3333333333333335,0.0,0.0,0.21053333333333332,11.6865,6.0,-4,19.403953693602297,,7000.0,0.0,0.0,0.0,46.41578754099321,optimal
2021-02-09 01:30:00,4,47,2.3333333333333335,0.0,0.0,0.2583333333333333,10.7205,6.0,-4,19.70395373518794,,7000.0,0.0,0.0,0.0,46.369371753452214,optimal
2021-02-09 02:00:00,4,47,2.3333333333333335,0.0,0.0,0.16469999999999999,11.424,6.0,-4,20.00266608414018,,7000.0,0.0,0.0,0.0,46.323002381698764,optimal
2021-02-09 02:30:00,4,47,2.3333333333333335,0.0,4.6441499265248645,0.08716666666666667,10.689,6.0,-4,20.29004541352501,,7000.0,0.0,0.0,0.0,48.48265059441637,optimal
2021-02-09 03:00:00,4,47,2.3333333333333335,0.0,0.0,0.2159333333333333,11.361,6.0,-4,20.56912768710869,,7000.0,0.0,0.0,0.0,48.434167943821954,optimal
2021-02-09 03:30:00,4,47,2.3333333333333335,0.0,0.0,0.19793333333333332,11.571,6.0,-4,20.85468464773654,,7000.0,0.0,0.0,0.0,48.38573377587813,optimal
2021-02-09 04:00:00,4,47,0.0,0.0,0.0,0.09633333333333331,14.3745,6.0,-4,21.136786601819683,,0.0,0.0,0.0,0.0,48.33734804210225,optimal
2021-02-09 04:30:00,4,47,1.9839755118662148,0.0,0.0,0.12096666666666668,13.23,6.0,-4,20.911604298206264,,5951.9265355986445,0.0,0.0,0.0,48.289010694060146,optimal
2021-02-09 05:00:00,4,47,0.0,0.0,0.0,0.19469999999999998,13.9755,6.0,-4,21.11301297030247,,0.0,0.0,0.0,0.0,48.240721683366075,optimal
2021-02-09 05:30:00,4,47,0.0,0.0,0.0,0.19453333333333334,14.994,6.0,-4,20.892762388980373,,0.0,0.0,0.0,0.0,48.192480961682705,optimal
2021-02-09 06:00:00,4,47,2.3333333333333335,0.0,0.0,0.059,13.671,6.0,-4,20.67508117667662,,7000.0,0.0,0.0,0.0,48.144288480721016,optimal
2021-02-09 06:30:00,4,47,0.0,0.0,0.0,0.09093333333333334,15.981,6.0,-4,20.948233454437677,,0.0,0.0,0.0,0.0,48.096144192240295,optimal
2021-02-09 07:00:00,4,47,0.0,0.0,0.0,0.48510000000000003,15.6345,6.0,-4,20.721946912973465,,0.0,0.0,0.0,0.0,48.048048048048045,optimal
2021-02-09 07:30:00,4,47,0.0,0.0,0.0,1.2616333333333334,16.5375,6.0,-4,20.534163425052014,,0.0,0.0,0.0,0.0,48.0,optimal
2021-02-09 08:00:00,4,47,0.0,0.0,0.0,0.2737,14.7735,6.0,-4,20.391505497373903,,0.0,0.0,0.0,0.0,47.628014877940174,optimal
2021-02-09 08:30:00,4,47,0.0,0.0,0.0,0.143,15.2145,6.0,-4,20.1960446084595,,0.0,0.0,0.0,0.0,47.25640174100241,optimal
2021-02-09 09:00:00,4,47,0.8037157392773893,0.0,0.0,0.24466666666666662,14.553,6.0,-4,20.0,,2411.147217832168,0.0,0.0,0.0,46.88516021720159,optimal
2021-02-09 09:30:00,4,47,1.9665651569865157,0.0,0.0,0.22366666666666662,14.3325,6.0,-4,20.0,,5899.695470959547,0.0,0.0,0.0,46.51428993492456,optimal
2021-02-09 10:00:00,4,47,0.0,0.0,0.0,0.15786666666666668,14.595,6.0,-4,20.24488158263057,,0.0,0.0,0.0,0.0,46.14379052292981,optimal
2021-02-09 10:30:00,4,47,0.0,0.0,0.0,0.22686666666666666,14.994,6.0,-4,20.114557203594114,,0.0,0.0,0.0,0.0,45.773661610347055,optimal
2021-02-09 11:00:00,4,47,0.31668704874869,0.0,0.0,0.26456666666666667,14.3325,6.0,-4,20.0,,950.06114624607,0.0,0.0,0.0,45.403902826676884,optimal
2021-02-09 11:30:00,4,47,0.3213899840884612,0.0,0.0,0.3575,13.8915,6.0,-4,20.0,,964.1699522653836,0.0,0.0,0.0,45.03451380179038,optimal
2021-02-09 12:00:00,4,47,0.20137288977842277,0.0,0.0,0.2897666666666667,13.8915,6.0,-4,20.0,,604.1186693352684,0.0,0.0,0.0,44.66549416592877,optimal
2021-02-09 12:30:00,4,47,2.3333333333333335,0.0,0.0,0.2832333333333333,13.4715,6.0,-4,20.0,,7000.0,0.0,0.0,0.0,44.29684354970302,optimal
2021-02-09 13:00:00,4,47,2.3333333333333335,0.0,0.0,0.33546666666666664,13.23,6.0,-4,20.453900321680145,,7000.0,0.0,0.0,0.0,43.928561584093494,optimal
2021-02-09 13:30:00,4,47,0.8986708189583392,0.0,0.0,0.7477999999999999,13.8915,6.0,-4,20.912814162036486,,2696.0124568750175,0.0,0.0,0.0,43.560647900449574,optimal
2021-02-09 14:00:00,4,47,0.0,0.0,0.0,0.069,26.9325,6.0,-4,21.0854576736938,,0.0,0.0,0.0,0.0,43.1931021304893,optimal
2021-02-09 14:30:00,4,47,0.0,0.0,0.0,0.4022,30.303,6.0,-4,20.999717130016002,,0.0,0.0,0.0,0.0,42.82592390629899,optimal
2021-02-09 15:00:00,4,47,0.0,0.0,0.0,0.069,32.886,6.0,-4,20.938096587645806,,0.0,0.0,0.0,0.0,42.459112860332866,optimal
2021-02-09 15:30:00,4,47,0.0,0.0,0.0,0.12886666666666668,34.9965,6.0,-4,20.818437111644112,,0.0,0.0,0.0,0.0,42.092668625412706,optimal
2021-02-09 16:00:00,4,47,0.0,0.0,0.0,0.3423333333333333,33.327,6.0,-4,20.704438411775865,,0.0,0.0,0.0,0.0,41.72659083472747,optimal
2021-02-09 16:30:00,4,47,0.0,0.0,0.0,0.1409,31.122,6.0,-4,20.559622597006733,,0.0,0.0,0.0,0.0,41.360879121832916,optimal
2021-02-09 17:00:00,4,47,0.0,0.0,0.0,0.18763333333333332,17.9025,6.0,-4,20.401003670230228,,0.0,0.0,0.0,0.0,40.99553312065126,optimal
2021-02-09 17:30:00,4,47,0.0,0.0,0.0,0.2258,15.6555,6.0,-4,20.198544014434788,,0.0,0.0,0.0,0.0,40.630552465470785,optimal
2021-02-09 18:00:00,4,47,0.99072695884931,0.0,0.0,0.23113333333333333,14.553,6.0,-4,20.0,,2972.18087654793,0.0,0.0,0.0,40.26593679094549,optimal
2021-02-09 18:30:00,4,47,1.0420254497446404,0.0,0.0,0.069,14.3325,6.0,-4,20.0,,3126.076349233921,0.0,0.0,0.0,39.90168573209472,optimal
2021-02-09 19:00:00,4,47,0.9425683850844015,0.0,0.0,0.3591333333333333,13.335,6.0,-4,20.0,,2827.705155253205,0.0,0.0,0.0,39.5377989243028,optimal
2021-02-09 19:30:00,4,47,1.6631722701919722,0.0,0.0,0.11206666666666666,12.1275,6.0,-4,20.0,,4989.516810575917,0.0,0.0,0.0,39.174276003318674,optimal
2021-02-09 20:00:00,4,47,0.0,0.0,0.0,1.1339000000000001,12.2955,6.0,-4,20.136199399112403,,0.0,0.0,0.0,0.0,38.811116605255535,optimal
2021-02-09 20:30:00,4,47,0.0,0.0,0.0,0.4403333333333333,11.6865,6.0,-4,20.0,,0.0,0.0,0.0,0.0,38.44832036659046,optimal
2021-02-09 21:00:00,4,47,0.1161111111111111,0.0,0.0,0.2861666666666667,11.466,6.0,-4,19.821917971815925,,0.0,0.0,348.3333333333333,0.0,38.40987204622387,optimal
2021-02-09 21:30:00,4,47,0.0,0.0,0.0,0.4104666666666666,10.8045,6.0,-4,19.647707740017918,,0.0,0.0,0.0,0.0,38.371462174177644,optimal
2021-02-09 22:00:00,4,47,0.1393333333333333,0.0,0.0,0.4515,10.584,6.0,-4,19.482795697223526,,0.0,0.0,417.99999999999994,0.0,38.33309071200347,optimal
2021-02-09 22:30:00,4,47,0.0,0.0,0.0,0.6764,11.2455,6.0,-4,19.318399526913534,,0.0,0.0,0.0,0.0,38.29475762129147,optimal
2021-02-09 23:00:00,4,47,0.0,0.0,0.0,0.25106666666666666,12.1275,6.0,-4,19.176541963796538,,0.0,0.0,0.0,0.0,38.25646286367017,optimal
2021-02-09 23:30:00,4,47,0.0,0.0,0.0,0.122,11.823,6.0,-4,18.994941357102753,,0.0,0.0,0.0,0.0,38.2182064008065,optimal
2021-02-10 00:00:00,4,47,0.0,0.0,0.0,0.07186666666666666,13.3665,6.0,4,18.994941357102753,,0.0,0.0,0.0,0.0,38.179988194405695,optimal
2021-02-10 00:30:00,4,47,0.0,0.0,0.0,0.21846666666666667,12.789,6.0,4,18.788375324845884,,0.0,0.0,0.0,0.0,38.14180820621129,optimal
2021-02-10 01:00:00,4,47,0.2801089562135967,0.0,0.0,0.17533333333333334,11.907,6.0,4,18.593486124779506,,0.0,0.0,840.3268686407902,0.0,38.103666398005075,optimal
2021-02-10 01:30:00,4,47,2.3333333333333335,0.0,0.0,0.07186666666666666,11.7075,6.0,4,18.396640822849598,,6237.993535307457,0.0,762.006464692543,0.0,38.065562731607066,optimal
2021-02-10 02:00:00,4,47,2.3333333333333335,0.0,5.0,0.32780000000000004,10.8045,6.0,4,18.637290890147366,,7000.0,0.0,0.0,0.0,40.402497168875456,optimal
2021-02-10 02:30:00,4,47,2.3333333333333335,0.0,0.0,0.066,11.508,6.0,4,18.946356677993297,,7000.0,0.0,0.0,0.0,40.36209467170658,optimal
2021-02-10 03:00:00,4,47,2.3333333333333335,0.0,0.0,0.148,11.508,6.0,4,19.233178048055272,,7000.0,0.0,0.0,0.0,40.32173257703487,optimal
2021-02-10 03:30:00,4,47,2.3333333333333335,0.0,0.0,0.25166666666666665,11.508,6.0,4,19.52247083180141,,7000.0,0.0,0.0,0.0,40.28141084445784,optimal
2021-02-10 04:00:00,4,47,2.3333333333333335,0.0,0.0,0.066,11.844,6.0,4,19.815747256126983,,7000.0,0.0,0.0,0.0,40.24112943361338,optimal
2021-02-10 04:30:00,4,47,2.3333333333333335,0.0,0.0,0.1833333333333333,11.508,6.0,4,20.092379812612783,,7000.0,0.0,0.0,0.0,40.20088830417977,optimal
2021-02-10 05:00:00,4,47,2.3333333333333335,0.0,0.0,0.2163333333333333,11.508,6.0,4,20.372944567756285,,7000.0,0.0,0.0,0.0,40.16068741587559,optimal
2021-02-10 05:30:00,4,47,2.3333333333333335,0.0,5.0,0.066,10.4475,6.0,4,20.651396650163896,,7000.0,0.0,0.0,0.0,42.495526728459716,optimal
2021-02-10 06:00:00,4,47,2.3333333333333335,0.0,5.0,0.1617333333333333,10.8675,6.0,4,20.914719975730065,,7000.0,0.0,0.0,0.0,44.82803120173126,optimal
2021-02-10 06:30:00,4,47,2.3333333333333335,0.0,5.0,0.2379333333333333,10.542,6.0,4,21.180595028866698,,7000.0,0.0,0.0,0.0,47.158203170529525,optimal
2021-02-10 07:00:00,4,47,2.3333333333333335,0.0,1.8714842792442261,0.26646666666666663,11.025,6.0,4,21.451118308815413,,7000.0,0.0,0.0,0.0,48.0,optimal
2021-02-10 07:30:00,4,47,2.3333333333333335,0.0,0.0,0.201,11.025,6.0,4,21.729801418677443,,7000.0,0.0,0.0,0.0,47.6502813284745,optimal
2021-02-10 08:00:00,4,47,0.0,0.0,0.0,0.19166666666666662,14.553,6.0,4,21.995617750863534,,0.0,0.0,0.0,0.0,47.30091237562053,optimal
2021-02-10 08:30:00,4,47,2.3333333333333335,0.0,0.0,0.2163333333333333,13.0935,6.0,4,21.74503333116755,,7000.0,0.0,0.0,0.0,46.95189279171941,optimal
2021-02-10 09:00:00,4,47,0.0,0.0,0.0,0.1833333333333333,15.6345,6.0,4,22.0,,0.0,0.0,0.0,0.0,46.60322222740219,optimal
2021-02-10 09:30:00,4,47,0.0,0.0,0.0,0.19583333333333328,18.102,6.0,4,21.783895165223253,,0.0,0.0,0.0,0.0,46.25490033364929,optimal
2021-02-10 10:00:00,4,47,0.0,0.0,0.0,0.20383333333333328,17.199,6.0,4,21.573556015028434,,0.0,0.0,0.0,0.0,45.90692676179014,optimal
2021-02-10 10:30:00,4,47,0.0,0.0,0.0,0.069,18.2805,6.0,4,21.416961364598308,,0.0,0.0,0.0,0.0,45.55930116350285,optimal
2021-02-10 11:00:00,4,47,0.0,0.0,0.0,0.071,17.4615,6.0,4,21.25415550360476,,0.0,0.0,0.0,0.0,45.21202319081385,optimal
2021-02-10 11:30:00,4,47,0.0,0.0,0.0,0.2066,18.3225,6.0,4,21.128460473584642,,0.0,0.0,0.0,0.0,44.86509249609754,optimal
2021-02-10 12:00:00,4,47,0.0,0.0,0.0,0.19306666666666664,17.094,6.0,4,21.01541161552589,,0.0,0.0,0.0,0.0,44.518508732075944,optimal
2021-02-10 12:30:00,4,47,0.0,0.0,0.0,0.09726666666666668,17.094,6.0,4,20.947118039253965,,0.0,0.0,0.0,0.0,44.17227155181837,optimal
2021-02-10 13:00:00,4,47,0.0,0.0,0.0,0.3024,17.094,6.0,4,20.872810395297225,,0.0,0.0,0.0,0.0,43.826380608741054,optimal
2021-02-10 13:30:00,4,47,0.0,0.0,0.0,0.066,17.3565,6.0,4,20.806761599158484,,0.0,0.0,0.0,0.0,43.48083555660681,optimal
2021-02-10 14:00:00,4,47,0.0,0.0,0.0,0.27266666666666667,17.115,6.0,4,20.727015184045325,,0.0,0.0,0.0,0.0,43.135636049524706,optimal
2021-02-10 14:30:00,4,47,0.0,0.0,0.0,0.13433333333333333,17.241,6.0,4,20.65906630040909,,0.0,0.0,0.0,0.0,42.79078174194968,optimal
2021-02-10 15:00:00,4,47,0.0,0.0,0.0,0.066,17.094,6.0,4,20.58259546750458,,0.0,0.0,0.0,0.0,42.44627228868223,optimal
2021-02-10 15:30:00,4,47,2.3333333333333335,0.0,0.0,0.33366666666666667,16.5165,6.0,4,20.471287934703334,,7000.0,0.0,0.0,0.0,42.102107344868045,optimal
2021-02-10 16:00:00,4,47,0.0,0.0,0.0,0.07466666666666667,17.8185,6.0,4,20.87590372047131,,0.0,0.0,0.0,0.0,41.75828656599768,optimal
2021-02-10 16:30:00,4,47,0.6796359748031089,0.0,0.0,0.12166666666666669,17.094,6.0,4,20.710162637588688,,2038.9079244093266,0.0,0.0,0.0,41.41480960790618,optimal
2021-02-10 17:00:00,4,47,2.3333333333333335,0.0,0.0,1.6604666666666668,16.8945,6.0,4,20.700574762671085,,7000.0,0.0,0.0,0.0,41.07167612677277,optimal
2021-02-10 17:30:00,4,47,0.0,0.0,0.0,0.4476666666666667,18.123,6.0,4,21.039004677702508,,0.0,0.0,0.0,0.0,41.030604450646,optimal
2021-02-10 18:00:00,4,47,0.0,0.0,0.0,2.872233333333333,31.647,6.0,4,20.85646942565164,,0.0,0.0,0.0,0.0,40.989573846195356,optimal
2021-02-10 18:30:00,4,47,0.0,0.0,0.0,0.7811333333333333,34.9965,6.0,4,20.713892092859595,,0.0,0.0,0.0,0.0,40.94858427234916,optimal
2021-02-10 19:00:00,4,47,0.0,0.0,0.0,0.6140333333333333,34.9965,6.0,4,20.54766728337635,,0.0,0.0,0.0,0.0,40.90763568807681,optimal
2021-02-10 19:30:00,4,47,0.0,0.0,0.0,0.7175666666666667,34.9965,6.0,4,20.36786936365247,,0.0,0.0,0.0,0.0,40.86672805238873,optimal
2021-02-10 20:00:00,4,47,0.0,0.0,0.0,0.48923333333333335,34.9965,6.0,4,20.193495038354826,,0.0,0.0,0.0,0.0,40.825861324336344,optimal
2021-02-10 20:30:00,4,47,0.0,0.0,0.0,0.4375,34.9965,6.0,4,20.0,,0.0,0.0,0.0,0.0,40.78503546301201,optimal
2021-02-10 21:00:00,4,47,0.0,0.0,0.0,0.5911000000000001,27.741,6.0,4,19.81210364540173,,0.0,0.0,0.0,0.0,40.744250427549,optimal
2021-02-10 21:30:00,4,47,0.0,0.0,0.0,0.4255,19.026,6.0,4,19.636953132860633,,0.0,0.0,0.0,0.0,40.70350617712145,optimal
2021-02-10 22:00:00,4,47,0.0,0.0,0.0,0.5808333333333334,18.7215,6.0,4,19.438221883776563,,0.0,0.0,0.0,0.0,40.66280267094432,optimal
2021-02-10 22:30:00,4,47,0.0,0.0,0.0,0.22833333333333328,17.4195,6.0,4,19.226856033426326,,0.0,0.0,0.0,0.0,40.62213986827338,optimal
2021-02-10 23:00:00,4,47,0.0,0.0,0.0,0.076,16.758,6.0,4,18.980526596411654,,0.0,0.0,0.0,0.0,40.5815177284051,optimal
2021-02-10 23:30:00,4,47,0.0,0.0,0.0,0.2548333333333333,14.217,6.0,4,18.723318386813645,,0.0,0.0,0.0,0.0,40.5409362106767,optimal
2021-02-11 00:00:00,4,47,2.3333333333333335,0.0,0.0,0.11,11.2245,6.0,-3,18.723318386813645,,7000.0,0.0,0.0,0.0,40.50039527446602,optimal
2021-02-11 00:30:00,4,47,2.3333333333333335,0.0,0.0,0.12066666666666669,11.025,6.0,-3,18.972606702040697,,4283.0,0.0,2717.0,0.0,40.45989487919156,optimal
2021-02-11 01:00:00,4,47,2.3333333333333335,0.0,5.0,0.10563333333333334,10.7835,6.0,-3,19.02763887301659,,7000.0,0.0,0.0,0.0,42.79443498431237,optimal
2021-02-11 01:30:00,4,47,2.3333333333333335,0.0,0.0,0.26216666666666666,11.025,6.0,-3,19.275393996239266,,7000.0,0.0,0.0,0.0,42.75164054932805,optimal
2021-02-11 02:00:00,4,47,2.3333333333333335,0.0,5.0,0.07933333333333333,10.584,6.0,-3,19.531380065276984,,7000.0,0.0,0.0,0.0,45.083888908778725,optimal
2021-02-11 02:30:00,4,47,2.3333333333333335,0.0,2.4496402957536576,0.28853333333333336,11.025,6.0,-3,19.77136083070407,,7000.0,0.0,0.0,0.0,46.20238416035293,optimal
2021-02-11 03:00:00,4,47,2.3333333333333335,0.0,5.0,0.12433333333333331,10.4265,6.0,-3,20.02223798321224,,7000.0,0.0,0.0,0.0,48.53118177619257,optimal
2021-02-11 03:30:00,4,47,2.3333333333333335,0.0,0.0,0.16706666666666667,12.789,6.0,-3,20.25732318098986,,7000.0,0.0,0.0,0.0,48.48265059441637,optimal
2021-02-11 04:00:00,4,47,2.3333333333333335,0.0,0.0,0.26313333333333333,12.684,6.0,-3,20.495622874711138,,7000.0,0.0,0.0,0.0,48.434167943821954,optimal
2021-02-11 04:30:00,4,47,2.3333333333333335,0.0,0.0,0.12440000000000001,16.254,6.0,-3,20.740893092067395,,7000.0,0.0,0.0,0.0,48.38573377587813,optimal
2021-02-11 05:00:00,4,47,2.3333333333333335,0.0,0.0,0.2559333333333333,17.64,6.0,-3,20.973420505761773,,7000.0,0.0,0.0,0.0,48.33734804210225,optimal
2021-02-11 05:30:00,4,47,0.0,0.0,0.0,0.1396,19.1625,6.0,-3,21.212579029402164,,0.0,0.0,0.0,0.0,48.289010694060146,optimal
2021-02-11 06:00:00,4,47,0.0,0.0,0.0,0.13333333333333333,26.46,6.0,-3,20.945666484205162,,0.0,0.0,0.0,0.0,48.240721683366075,optimal
2021-02-11 06:30:00,4,47,0.0,0.0,0.0,0.2268,20.79,6.0,-3,20.68365481156722,,0.0,0.0,0.0,0.0,48.192480961682705,optimal
2021-02-11 07:00:00,4,47,0.0,0.0,0.0,0.15166666666666664,29.106,6.0,-3,20.434292113395763,,0.0,0.0,0.0,0.0,48.144288480721016,optimal
2021-02-11 07:30:00,4,47,1.2299999772776558,0.0,0.0,0.13576666666666667,19.1835,6.0,-3,20.18543731622784,,3689.9999318329674,0.0,0.0,0.0,48.096144192240295,optimal
2021-02-11 08:00:00,4,47,0.0,0.0,0.0,0.5485,19.6665,6.0,-3,20.201430557759107,,0.0,0.0,0.0,0.0,48.048048048048045,optimal
2021-02-11 08:30:00,4,47,1.0417611707772492,0.0,0.0,0.18886666666666668,19.404,6.0,-3,20.0,,3125.2835123317477,0.0,0.0,0.0,48.0,optimal
2021-02-11 09:00:00,4,47,0.8185605297410357,0.0,0.0,0.3396,19.047,6.0,-3,20.0,,2455.681589223107,0.0,0.0,0.0,47.62838590647707,optimal
2021-02-11 09:30:00,4,47,0.5236821336319162,0.0,0.0,1.2370999999999999,18.858,6.0,-3,20.0,,1571.0464008957483,0.0,0.0,0.0,47.257143427047666,optimal
2021-02-11 10:00:00,4,47,0.0,0.0,0.0,0.8791,19.2675,6.0,-3,20.032311479194494,,0.0,0.0,0.0,0.0,46.88627219009769,optimal
2021-02-11 10:30:00,4,47,0.3780216638485094,0.0,0.0,0.4818,18.963,6.0,-3,20.0,,1134.064991545528,0.0,0.0,0.0,46.515771824384665,optimal
2021-02-11 11:00:00,4,47,0.5080894026317326,0.0,0.0,1.7041333333333335,18.438,6.0,-3,20.0,,1524.268207895198,0.0,0.0,0.0,46.145641959037356,optimal
2021-02-11 11:30:00,4,47,0.0,0.0,0.0,0.38153333333333334,18.7425,6.0,-3,20.061086324007864,,0.0,0.0,0.0,0.0,45.77588222355539,optimal
2021-02-11 12:00:00,4,47,2.3333333333333335,0.0,0.0,0.38846666666666657,15.2145,6.0,-3,20.0,,6651.666666666667,0.0,348.3333333333333,0.0,45.40649224780891,optimal
2021-02-11 12:30:00,4,47,0.0,0.0,0.0,0.261,17.7765,6.0,-3,20.454508878707102,,0.0,0.0,0.0,0.0,45.03747166203818,optimal
2021-02-11 13:00:00,4,47,0.0,0.0,0.0,0.3315666666666667,16.758,6.0,-3,20.428424871108845,,0.0,0.0,0.0,0.0,44.66882009685321,optimal
2021-02-11 13:30:00,4,47,2.3333333333333335,0.0,0.0,0.17866666666666667,16.422,6.0,-3,20.385298680593202,,7000.0,0.0,0.0,0.0,44.30053718323343,optimal
2021-02-11 14:00:00,4,47,1.370913124612465,0.0,0.0,0.15303333333333333,16.758,6.0,-3,20.833468089954536,,4112.739373837395,0.0,0.0,0.0,43.93262255252727,optimal
2021-02-11 14:30:00,4,47,0.0,0.0,0.0,0.1281,29.358,6.0,-3,21.074473821921604,,0.0,0.0,0.0,0.0,43.56507583645182,optimal
2021-02-11 15:00:00,4,47,0.0,0.0,0.0,0.17706666666666665,34.9965,6.0,-3,21.014232855229984,,0.0,0.0,0.0,0.0,43.19789666709244,optimal
2021-02-11 15:30:00,4,47,0.0,0.0,0.0,0.19833333333333328,34.65,6.0,-3,20.918576097311124,,0.0,0.0,0.0,0.0,42.831084676902414,optimal
2021-02-11 16:00:00,4,47,0.0,0.0,0.0,0.17346666666666666,34.9965,6.0,-3,20.812075712902264,,0.0,0.0,0.0,0.0,42.46463949870258,optimal
2021-02-11 16:30:00,4,47,0.0,0.0,0.0,0.17903333333333332,34.9965,6.0,-3,20.646297975919293,,0.0,0.0,0.0,0.0,42.09856076568095,optimal
2021-02-11 17:00:00,4,47,0.0,0.0,0.0,0.2445,30.4815,6.0,-3,20.472311496414033,,0.0,0.0,0.0,0.0,41.73284811139234,optimal
2021-02-11 17:30:00,4,47,0.0,0.0,0.0,0.2029333333333333,21.4305,6.0,-3,20.238903278187475,,0.0,0.0,0.0,0.0,41.36750116975802,optimal
2021-02-11 18:00:00,4,47,1.2999284832104994,0.0,0.0,0.1088,14.3325,6.0,-3,20.0,,3621.1187829648316,0.0,278.66666666666663,0.0,41.002519575065335,optimal
2021-02-11 18:30:00,4,47,2.169539986207272,0.0,0.0,1.3152000000000001,13.692,6.0,-3,20.0,,6090.619958621817,0.0,418.0,0.0,40.96151705549027,optimal
2021-02-11 19:00:00,4,47,0.0,0.0,0.0,1.121733333333333,14.007,6.0,-3,20.217217599783087,,0.0,0.0,0.0,0.0,40.920555538434776,optimal
2021-02-11 19:30:00,4,47,1.1739317162220728,0.0,0.0,1.7384000000000002,12.873,6.0,-3,20.0,,3034.1284819995517,0.0,487.6666666666667,0.0,40.87963498289634,optimal
2021-02-11 20:00:00,4,47,1.0748214174524453,0.0,0.0,0.8184666666666667,12.684,6.0,-3,20.0,,3224.4642523573357,0.0,0.0,0.0,40.83875534791345,optimal
2021-02-11 20:30:00,4,47,0.023222222222222217,0.0,0.0,0.6455333333333333,12.306,6.0,-3,20.0,,0.0,0.0,69.66666666666666,0.0,40.797916592565535,optimal
2021-02-11 21:00:00,4,47,0.8717622222222222,0.0,0.0,0.6982666666666667,10.6365,6.0,-3,19.757622274929197,,0.0,0.0,2615.286666666667,0.0,40.75711867597297,optimal
2021-02-11 21:30:00,4,47,0.0,0.0,0.0,1.1949333333333334,11.2455,6.0,-3,19.541277099044827,,0.0,0.0,0.0,0.0,40.716361557297,optimal
2021-02-11 22:00:00,4,47,0.0,0.0,0.0,0.367,11.2455,6.0,-3,19.39589138190702,,0.0,0.0,0.0,0.0,40.675645195739705,optimal
2021-02-11 22:30:00,4,47,0.0,0.0,0.0,0.08446666666666666,11.025,6.0,-3,19.196278401857793,,0.0,0.0,0.0,0.0,40.634969550543964,optimal
2021-02-11 23:00:00,4,47,0.0,0.0,0.0,0.19666666666666663,12.0855,6.0,-3,18.912618371873677,,0.0,0.0,0.0,0.0,40.59433458099342,optimal
2021-02-11 23:30:00,4,47,0.0,0.0,0.0,0.2074,11.6865,6.0,-3,18.633231995249705,,0.0,0.0,0.0,0.0,40.553740246412424,optimal
2021-02-12 00:00:00,4,47,2.3333333333333335,0.0,0.0,0.1546,10.689,6.0,2,18.633231995249705,,6512.333333333333,0.0,487.6666666666667,0.0,40.513186506166015,optimal
2021-02-12 00:30:00,4,47,2.3333333333333335,0.0,5.0,0.09593333333333334,8.1585,6.0,2,18.818493512645865,,0.0,0.0,7000.0,0.0,42.84767331965985,optimal
2021-02-12 01:00:00,4,47,2.3333333333333335,0.0,0.0,0.13406666666666667,10.3635,6.0,2,18.530211899736784,,6685.0,0.0,315.0,0.0,42.804825646340184,optimal
2021-02-12 01:30:00,4,47,2.3333333333333335,0.0,0.0,0.1502,10.8045,6.0,2,18.72353787268519,,7000.0,0.0,0.0,0.0,42.76202082069384,optimal
2021-02-12 02:00:00,4,47,2.3333333333333335,0.0,0.0,0.14993333333333334,11.025,6.0,2,18.939324247408113,,7000.0,0.0,0.0,0.0,42.719258799873145,optimal
2021-02-12 02:30:00,4,47,2.3333333333333335,0.0,0.0,0.17753333333333332,10.3635,6.0,2,19.15373469645191,,7000.0,0.0,0.0,0.0,42.676539541073275,optimal
2021-02-12 03:00:00,4,47,2.3333333333333335,0.0,0.0,0.101,10.8045,6.0,2,19.37111145104221,,7000.0,0.0,0.0,0.0,42.6338630015322,optimal
2021-02-12 03:30:00,4,47,2.3333333333333335,0.0,2.1688920110575123,0.20926666666666668,10.059,6.0,2,19.584012548455892,,7000.0,0.0,0.0,0.0,43.621452843782976,optimal
2021-02-12 04:00:00,4,47,2.3333333333333335,0.0,0.0,0.06420000000000001,10.584,6.0,2,19.810323407128,,7000.0,0.0,0.0,0.0,43.577831390939195,optimal
2021-02-12 04:30:00,4,47,2.3333333333333335,0.0,5.0,0.16040000000000001,9.4185,6.0,2,20.031866796779855,,7000.0,0.0,0.0,0.0,45.909253559548254,optimal
2021-02-12 05:00:00,4,47,2.3333333333333335,0.0,0.0,0.16706666666666667,10.3635,6.0,2,20.265860339826837,,7000.0,0.0,0.0,0.0,45.8633443059887,optimal
2021-02-12 05:30:00,4,47,2.3333333333333335,0.0,5.0,0.047,9.8385,6.0,2,20.50578945305162,,7000.0,0.0,0.0,0.0,48.192480961682705,optimal
2021-02-12 06:00:00,4,47,2.3333333333333335,0.0,0.0,0.1658,11.067,6.0,2,20.743741744045327,,7000.0,0.0,0.0,0.0,48.144288480721016,optimal
2021-02-12 06:30:00,4,47,2.3333333333333335,0.0,0.0,0.16166666666666665,10.8465,6.0,2,20.996731413770767,,7000.0,0.0,0.0,0.0,48.096144192240295,optimal
2021-02-12 07:00:00,4,47,0.0,0.0,0.0,0.14353333333333332,13.671,6.0,2,21.247634110953648,,0.0,0.0,0.0,0.0,48.048048048048045,optimal
2021-02-12 07:30:00,4,47,2.3333333333333335,0.0,0.0,1.074,12.348,6.0,2,21.00067801947161,,7000.0,0.0,0.0,0.0,48.0,optimal
2021-02-12 08:00:00,4,47,0.0,0.0,0.0,0.14546666666666666,14.3325,6.0,2,21.269384834860062,,0.0,0.0,0.0,0.0,47.57765777664592,optimal
2021-02-12 08:30:00,4,47,0.0,0.0,0.0,0.1758,15.393,6.0,2,21.014124390325424,,0.0,0.0,0.0,0.0,47.1557378955152,optimal
2021-02-12 09:00:00,4,47,0.0,0.0,0.0,0.057,13.587,6.0,2,20.734520571610318,,0.0,0.0,0.0,0.0,46.73423993426561,optimal
2021-02-12 09:30:00,4,47,0.0,0.0,0.0,0.27426666666666666,16.1385,6.0,2,20.48393133050417,,0.0,0.0,0.0,0.0,46.313163470977265,optimal
2021-02-12 10:00:00,4,47,0.0,0.0,0.0,0.2939,14.595,6.0,2,20.27751632892208,,0.0,0.0,0.0,0.0,45.89250808415221,optimal
2021-02-12 10:30:00,4,47,0.0,0.0,0.0,0.2473333333333333,14.637,6.0,2,20.15727980954744,,0.0,0.0,0.0,0.0,45.472273352713984,optimal
2021-02-12 11:00:00,4,47,0.057996770856326124,0.0,0.0,0.1169,13.9125,6.0,2,20.052126523231934,,173.99031256897837,0.0,0.0,0.0,45.05245885600719,optimal
2021-02-12 11:30:00,4,47,0.2419376107880403,0.0,0.0,0.13290000000000002,13.3665,6.0,2,20.0,,725.8128323641209,0.0,0.0,0.0,44.63306417379711,optimal
2021-02-12 12:00:00,4,47,0.16958559073809623,0.0,0.0,0.2119333333333333,13.0095,6.0,2,20.0,,508.75677221428873,0.0,0.0,0.0,44.21408888626924,optimal
2021-02-12 12:30:00,4,47,0.0,0.0,0.0,0.2169333333333333,13.8915,6.0,2,20.011690941204233,,0.0,0.0,0.0,0.0,44.16987479738297,optimal
2021-02-12 13:00:00,4,47,0.0,0.0,0.0,0.5413666666666667,13.188,6.0,2,20.0,,0.0,0.0,0.0,0.0,44.125704922585584,optimal
2021-02-12 13:30:00,4,47,0.13018431536840777,0.0,0.0,0.1979,12.5685,6.0,2,20.006833949176954,,390.5529461052233,0.0,0.0,0.0,44.081579217663,optimal
2021-02-12 14:00:00,4,47,0.07600540086160044,0.0,0.0,0.5248999999999999,12.285,6.0,2,20.0,,228.01620258480136,0.0,0.0,0.0,44.03749763844534,optimal
2021-02-12 14:30:00,4,47,0.3641447584494595,0.0,0.0,0.43456666666666666,11.487,6.0,2,20.0,,1092.4342753483784,0.0,0.0,0.0,43.993460140806896,optimal
2021-02-12 15:00:00,4,47,0.0,0.0,0.0,0.09116666666666669,11.802,6.0,2,20.05785693665685,,0.0,0.0,0.0,0.0,43.94946668066609,optimal
2021-02-12 15:30:00,4,47,2.3333333333333335,0.0,0.0,0.3067333333333333,11.2245,6.0,2,20.0,,7000.0,0.0,0.0,0.0,43.905517213985426,optimal
2021-02-12 16:00:00,4,47,2.3333333333333335,0.0,0.0,0.29233333333333333,11.025,6.0,2,20.44512499182207,,7000.0,0.0,0.0,0.0,43.86161169677144,optimal
2021-02-12 16:30:00,4,47,1.4544929722013664,0.0,0.0,0.2719,11.907,6.0,2,20.832303079684678,,4363.478916604099,0.0,0.0,0.0,43.81775008507467,optimal
2021-02-12 17:00:00,4,47,0.0,0.0,0.0,3.802433333333333,25.83,6.0,2,21.028679023261926,,0.0,0.0,0.0,0.0,43.773932334989595,optimal
2021-02-12 17:30:00,4,47,0.0,0.0,0.0,0.088,28.035,6.0,2,20.990197346376444,,0.0,0.0,0.0,0.0,43.7301584026546,optimal
2021-02-12 18:00:00,4,47,0.0,0.0,0.0,0.30226666666666663,28.119,6.0,2,20.809957271837945,,0.0,0.0,0.0,0.0,43.68642824425195,optimal
2021-02-12 18:30:00,4,47,0.0,0.0,0.0,0.5931666666666666,30.156,6.0,2,20.63095566541497,,0.0,0.0,0.0,0.0,43.6427418160077,optimal
2021-02-12 19:00:00,4,47,0.0,0.0,0.0,0.3939,29.1585,6.0,2,20.474471134304974,,0.0,0.0,0.0,0.0,43.59909907419169,optimal
2021-02-12 19:30:00,4,47,0.0,0.0,0.0,0.8222333333333334,26.712,6.0,2,20.308152201561768,,0.0,0.0,0.0,0.0,43.5554999751175,optimal
2021-02-12 20:00:00,4,47,0.0,0.0,0.0,0.5501333333333334,15.435,6.0,2,20.165405887368383,,0.0,0.0,0.0,0.0,43.51194447514238,optimal
2021-02-12 20:30:00,4,47,0.0,0.0,0.0,0.5515333333333333,13.566,6.0,2,20.0,,0.0,0.0,0.0,0.0,43.468432530667236,optimal
2021-02-12 21:00:00,4,47,0.0,0.0,0.0,0.3719333333333333,12.789,6.0,2,19.84332945513326,,0.0,0.0,0.0,0.0,43.42496409813657,optimal
2021-02-12 21:30:00,4,47,0.0,0.0,0.0,0.44146666666666656,12.1275,6.0,2,19.676946968732537,,0.0,0.0,0.0,0.0,43.381539134038434,optimal
2021-02-12 22:00:00,4,47,0.0,0.0,0.0,0.9136,13.671,6.0,2,19.51647913857641,,0.0,0.0,0.0,0.0,43.338157594904395,optimal
2021-02-12 22:30:00,4,47,0.023222222222222217,0.0,0.0,0.6179666666666667,10.668,6.0,2,19.390548874789157,,0.0,0.0,69.66666666666666,0.0,43.29481943730949,optimal
2021-02-12 23:00:00,4,47,0.0,0.0,0.0,0.25806666666666667,11.7285,6.0,2,19.25617155296951,,0.0,0.0,0.0,0.0,43.251524617872185,optimal
2021-02-12 23:30:00,4,47,0.0,0.0,0.0,0.055,11.025,6.0,2,19.050930735402268,,0.0,0.0,0.0,0.0,43.20827309325431,optimal
2021-02-13 00:00:00,4,47,2.3333333333333335,0.0,5.0,0.063,7.056,6.0,1,19.050930735402268,,7000.0,0.0,0.0,0.0,45.54006482016106,optimal
2021-02-13 00:30:00,4,47,0.0,0.0,0.0,0.063,9.3975,6.0,1,19.332875553567774,,0.0,0.0,0.0,0.0,45.4945247553409,optimal
2021-02-13 01:00:00,4,47,0.0,0.0,0.0,0.063,10.059,6.0,1,19.114178979514286,,0.0,0.0,0.0,0.0,45.44903023058556,optimal
2021-02-13 01:30:00,4,47,0.0,0.0,0.0,0.1248,9.261,6.0,1,18.898631392084813,,0.0,0.0,0.0,0.0,45.40358120035497,optimal
2021-02-13 02:00:00,4,47,2.3333333333333335,0.0,0.0,0.063,8.1585,6.0,1,18.690591836572256,,2750.333333333333,0.0,4249.666666666667,0.0,45.35817761915462,optimal
2021-02-13 02:30:00,4,47,0.0,0.0,0.0,0.063,9.4815,6.0,1,18.67681678695184,,0.0,0.0,0.0,0.0,45.31281944153546,optimal
2021-02-13 03:00:00,4,47,2.3333333333333335,0.0,0.0,0.07673333333333333,8.379,6.0,1,18.467566809987222,,7000.0,0.0,0.0,0.0,45.267506622093926,optimal
2021-02-13 03:30:00,4,47,2.2341115404953813,0.0,0.0,0.11106666666666666,9.5235,6.0,1,18.759669131028122,,6702.334621486144,0.0,0.0,0.0,45.22223911547183,optimal
2021-02-13 04:00:00,4,47,2.3333333333333335,0.0,0.0,0.08016666666666668,8.1375,6.0,1,19.029030885743232,,7000.0,0.0,0.0,0.0,45.177016876356355,optimal
2021-02-13 04:30:00,4,47,0.0,0.0,0.0,0.10763333333333334,10.0905,6.0,1,19.31362540506111,,0.0,0.0,0.0,0.0,45.131839859479996,optimal
2021-02-13 05:00:00,4,47,2.3333333333333335,0.0,5.0,0.09733333333333331,7.539,6.0,1,19.097743311091204,,7000.0,0.0,0.0,0.0,47.46170801962052,optimal
2021-02-13 05:30:00,4,47,2.3333333333333335,0.0,1.5369308823581582,0.09046666666666668,7.938,6.0,1,19.380409755184868,,7000.0,0.0,0.0,0.0,48.144288480721016,optimal
2021-02-13 06:00:00,4,47,2.3333333333333335,0.0,0.0,0.063,8.274,6.0,1,19.658103105114744,,7000.0,0.0,0.0,0.0,48.096144192240295,optimal
2021-02-13 06:30:00,4,47,2.3333333333333335,0.0,0.0,0.1248,9.261,6.0,1,19.929416326402016,,7000.0,0.0,0.0,0.0,48.048048048048045,optimal
2021-02-13 07:00:00,4,47,2.3333333333333335,0.0,0.0,0.48736666666666667,9.9225,6.0,1,20.201359870639063,,7000.0,0.0,0.0,0.0,48.0,optimal
2021-02-13 07:30:00,4,47,2.3333333333333335,0.0,0.0,2.2532666666666668,9.702,6.0,1,20.477539375745224,,7000.0,0.0,0.0,0.0,47.30507278036291,optimal
2021-02-13 08:00:00,4,47,2.3333333333333335,0.0,0.0,1.7548666666666666,10.584,6.0,1,20.776514245063556,,7000.0,0.0,0.0,0.0,46.61084048794547,optimal
2021-02-13 08:30:00,4,47,2.3333333333333335,0.0,0.0,0.073,10.143,6.0,1,21.05343191938096,,7000.0,0.0,0.0,0.0,45.91730242782044,optimal
2021-02-13 09:00:00,4,47,0.0,0.0,0.0,0.073,13.0095,6.0,1,21.296228132397605,,0.0,0.0,0.0,0.0,45.224457905755536,optimal
2021-02-13 09:30:00,4,47,0.0,0.0,0.0,0.073,11.025,6.0,1,21.066626753712658,,0.0,0.0,0.0,0.0,44.5323062282127,optimal
2021-02-13 10:00:00,4,47,0.0,0.0,0.0,0.1348,12.789,6.0,1,20.842646058252495,,0.0,0.0,0.0,0.0,43.8408467023474,optimal
2021-02-13 10:30:00,4,47,0.0,0.0,0.0,0.073,12.1275,6.0,1,20.675953529750497,,0.0,0.0,0.0,0.0,43.15007863600797,optimal
2021-02-13 11:00:00,4,47,0.0,0.0,0.0,0.073,12.1695,6.0,1,20.507404577209286,,0.0,0.0,0.0,0.0,42.46000133773487,optimal
2021-02-13 11:30:00,4,47,0.0,0.0,0.0,0.073,12.306,6.0,1,20.396986904495122,,0.0,0.0,0.0,0.0,41.77061411676005,optimal
2021-02-13 12:00:00,4,47,0.0,0.0,0.0,0.073,13.23,6.0,1,20.28844924497954,,0.0,0.0,0.0,0.0,41.08191628300621,optimal
2021-02-13 12:30:00,4,47,0.0,0.0,0.0,0.10733333333333331,13.671,6.0,1,20.20440919456735,,0.0,0.0,0.0,0.0,40.39390714708612,optimal
2021-02-13 13:00:00,4,47,0.0,0.0,0.0,0.10046666666666668,13.9335,6.0,1,20.124968193894105,,0.0,0.0,0.0,0.0,39.70658602030195,optimal
2021-02-13 13:30:00,4,47,0.0,0.0,0.0,0.1157,13.293,6.0,1,20.05743245155822,,0.0,0.0,0.0,0.0,39.01995221464456,optimal
2021-02-13 14:00:00,4,47,0.420729572821362,0.0,0.0,0.11376666666666668,12.1065,6.0,1,20.0,,1262.188718464086,0.0,0.0,0.0,38.33400504279283,optimal
2021-02-13 14:30:00,4,47,1.334573404475446,0.0,0.0,0.2197666666666667,11.571,6.0,1,20.0,,4003.720213426338,0.0,0.0,0.0,37.648743818112955,optimal
2021-02-13 15:00:00,4,47,2.3333333333333335,0.0,0.0,0.35846666666666666,11.025,6.0,1,20.20588698022783,,7000.0,0.0,0.0,0.0,36.96416785465776,optimal
2021-02-13 15:30:00,4,47,2.3333333333333335,0.0,0.0,0.0805,10.8465,6.0,1,20.59673236828786,,7000.0,0.0,0.0,0.0,36.28027646716602,optimal
2021-02-13 16:00:00,4,47,2.3333333333333335,0.0,0.0,0.1343,11.2455,6.0,1,20.966942139990095,,7000.0,0.0,0.0,0.0,35.597068971061766,optimal
2021-02-13 16:30:00,4,47,0.0,0.0,0.0,0.087,23.8665,6.0,1,21.29469414693914,,0.0,0.0,0.0,0.0,35.5614719020907,optimal
2021-02-13 17:00:00,4,47,0.0,0.0,0.0,0.1691,27.4575,6.0,1,21.12708619006039,,0.0,0.0,0.0,0.0,35.52591043018861,optimal
2021-02-13 17:30:00,4,47,0.0,0.0,0.0,0.31743333333333335,27.3735,6.0,1,20.935677428741965,,0.0,0.0,0.0,0.0,35.49038451975842,optimal
2021-02-13 18:00:00,4,47,0.0,0.0,0.0,0.2605,30.4605,6.0,1,20.75615908944602,,0.0,0.0,0.0,0.0,35.45489413523866,optimal
2021-02-13 18:30:00,4,47,0.0,0.0,0.0,0.32889999999999997,30.0195,6.0,1,20.55824804448139,,0.0,0.0,0.0,0.0,35.41943924110342,optimal
2021-02-13 19:00:00,4,47,0.0,0.0,0.0,0.41023333333333334,26.9325,6.0,1,20.3674574953431,,0.0,0.0,0.0,0.0,35.384019801862316,optimal
2021-02-13 19:30:00,4,47,0.0,0.0,0.0,0.46853333333333336,14.595,6.0,1,20.182710518284168,,0.0,0.0,0.0,0.0,35.348635782060455,optimal
2021-02-13 20:00:00,4,47,0.8122187329170885,0.0,0.0,0.5468,12.4845,6.0,1,20.0,,2436.6561987512655,0.0,0.0,0.0,35.3132871462784,optimal
2021-02-13 20:30:00,4,47,0.0,0.0,0.0,0.4560666666666667,12.1275,6.0,1,20.0,,0.0,0.0,0.0,0.0,35.27797385913212,optimal
2021-02-13 21:00:00,4,47,0.0,0.0,0.0,0.5422666666666667,12.1275,6.0,1,19.81938506142001,,0.0,0.0,0.0,0.0,35.24269588527299,optimal
2021-02-13 21:30:00,4,47,0.0,0.0,0.0,0.6319,12.789,6.0,1,19.64326975545591,,0.0,0.0,0.0,0.0,35.207453189387714,optimal
2021-02-13 22:00:00,4,47,0.0,0.0,0.0,0.5120333333333333,11.907,6.0,1,19.477697028269596,,0.0,0.0,0.0,0.0,35.17224573619833,optimal
2021-02-13 22:30:00,4,47,0.0,0.0,0.0,0.4363,11.025,6.0,1,19.307626972261936,,0.0,0.0,0.0,0.0,35.13707349046213,optimal
2021-02-13 23:00:00,4,47,0.0,0.0,0.0,0.08673333333333333,8.2005,6.0,1,19.122571194188385,,0.0,0.0,0.0,0.0,35.10193641697167,optimal
2021-02-13 23:30:00,4,47,0.0,0.0,0.0,0.073,9.5655,6.0,1,18.909074080953747,,0.0,0.0,0.0,0.0,35.0668344805547,optimal
2021-02-07 00:00:00,5,47,0.0,0.0,0.0,0.057,7.938,6.0,2,21.0,,0.0,0.0,0.0,0.0,47.952,optimal
2021-02-07 00:30:00,5,47,0.0,0.0,0.0,0.2194,5.292,6.0,2,20.799462693749994,,0.0,0.0,0.0,0.0,47.904047999999996,optimal
2021-02-07 01:00:00,5,47,0.0,0.0,0.0,0.11406666666666666,9.261,6.0,2,20.61165544970842,,0.0,0.0,0.0,0.0,47.856143952,optimal
2021-02-07 01:30:00,5,47,0.0,0.0,0.0,0.057,10.3635,6.0,2,20.417384704337962,,0.0,0.0,0.0,0.0,47.80828780804799,optimal
2021-02-07 02:00:00,5,47,0.0,0.0,0.0,0.165,8.274,6.0,2,20.2207454794858,,0.0,0.0,0.0,0.0,47.76047952023995,optimal
2021-02-07 02:30:00,5,47,0.0,0.0,0.0,0.16846666666666668,7.7175,6.0,2,20.033507033842767,,0.0,0.0,0.0,0.0,47.712719040719705,optimal
2021-02-07 03:00:00,5,47,0.0,0.0,0.0,0.057,6.615,6.0,2,19.847537568726057,,0.0,0.0,0.0,0.0,47.66500632167899,optimal
2021-02-07 03:30:00,5,47,0.0,0.0,0.0,0.23086666666666666,6.174,6.0,2,19.654646788956676,,0.0,0.0,0.0,0.0,47.61734131535731,optimal
2021-02-07 04:00:00,5,47,2.3333333333333335,0.0,0.0,0.1026,3.906,6.0,2,19.475798077962928,,7000.0,0.0,0.0,0.0,47.56972397404195,optimal
2021-02-07 04:30:00,5,47,2.3333333333333335,0.0,0.0,0.165,2.3415,6.0,2,19.787258677102685,,7000.0,0.0,0.0,0.0,47.522154250067906,optimal
2021-02-07 05:00:00,5,47,2.3333333333333335,0.0,0.0,0.0874,2.205,6.0,2,20.09950774601639,,7000.0,0.0,0.0,0.0,47.47463209581784,optimal
2021-02-07 05:30:00,5,47,2.3333333333333335,0.0,1.5097495094715896,0.3872,0.882,6.0,2,20.402577581892864,,7000.0,0.0,0.0,0.0,48.144288480721016,optimal
2021-02-07 06:00:00,5,47,2.3333333333333335,0.0,0.0,0.175,1.5435,6.0,2,20.729301164781265,,7000.0,0.0,0.0,0.0,48.096144192240295,optimal
2021-02-07 06:30:00,5,47,2.3333333333333335,0.0,0.0,0.07786666666666665,1.5435,6.0,2,21.030509976842414,,7000.0,0.0,0.0,0.0,48.048048048048045,optimal
2021-02-07 07:00:00,5,47,2.3333333333333335,0.0,0.0,0.1844,5.0715,6.0,2,21.323586221175532,,7000.0,0.0,0.0,0.0,48.0,optimal
2021-02-07 07:30:00,5,47,1.3862814166268438,0.0,0.0,0.16313333333333332,5.376,6.0,2,21.626953520166506,,4158.844249880532,0.0,0.0,0.0,47.62302705508636,optimal
2021-02-07 08:00:00,5,47,2.3333333333333335,0.0,0.0,0.17846666666666666,5.0715,6.0,2,21.720947613638568,,7000.0,0.0,0.0,0.0,47.246431083117635,optimal
2021-02-07 08:30:00,5,47,0.9838838904790772,0.0,0.0,0.16766666666666666,5.5125,6.0,2,22.0,,2951.6516714372315,0.0,0.0,0.0,46.87021170712088,optimal
2021-02-07 09:00:00,5,47,0.8454607860353022,0.0,0.0,0.2959333333333333,9.261,6.0,2,22.0,,2536.3823581059064,0.0,0.0,0.0,46.49436855050012,optimal
2021-02-07 09:30:00,5,47,0.0,0.0,0.0,0.3611666666666667,11.7075,6.0,2,22.0,,0.0,0.0,0.0,0.0,46.118901237035985,optimal
2021-02-07 10:00:00,5,47,0.0,0.0,0.0,0.3913333333333333,12.348,6.0,2,21.82063544367333,,0.0,0.0,0.0,0.0,45.74380939088531,optimal
2021-02-07 10:30:00,5,47,0.0,0.0,0.0,0.057,12.348,6.0,2,21.65631515483614,,0.0,0.0,0.0,0.0,45.36909263658079,optimal
2021-02-07 11:00:00,5,47,0.0,0.0,0.0,0.21566666666666662,12.1275,6.0,2,21.458747631204265,,0.0,0.0,0.0,0.0,44.99475059903057,optimal
2021-02-07 11:30:00,5,47,0.0,0.0,0.0,0.17046666666666666,12.5265,6.0,2,21.29985119425991,,0.0,0.0,0.0,0.0,44.6207829035179,optimal
2021-02-07 12:00:00,5,47,2.133513030377855,0.0,0.0,0.3398,11.7495,6.0,2,21.142494477912727,,6400.539091133565,0.0,0.0,0.0,44.24718917570075,optimal
2021-02-07 12:30:00,5,47,0.0,0.0,0.0,0.4073333333333333,13.23,6.0,2,21.482869262373733,,0.0,0.0,0.0,0.0,43.87396904161141,optimal
2021-02-07 13:00:00,5,47,0.0,0.0,0.0,0.28913333333333335,14.3325,6.0,2,21.3762453078854,,0.0,0.0,0.0,0.0,43.50112212765616,optimal
2021-02-07 13:30:00,5,47,0.0,0.0,0.0,0.3409333333333333,14.994,6.0,2,21.24599795968521,,0.0,0.0,0.0,0.0,43.128648060614864,optimal
2021-02-07 14:00:00,5,47,0.0,0.0,0.0,0.1668,14.8155,6.0,2,21.11751684323351,,0.0,0.0,0.0,0.0,42.75654646764061,optimal
2021-02-07 14:30:00,5,47,0.0,0.0,0.0,0.094,14.112,6.0,2,20.971369584801003,,0.0,0.0,0.0,0.0,42.38481697625933,optimal
2021-02-07 15:00:00,5,47,0.0,0.0,0.0,0.17333333333333334,14.007,6.0,2,20.8188097885724,,0.0,0.0,0.0,0.0,42.01345921436943,optimal
2021-02-07 15:30:00,5,47,0.0,0.0,0.0,0.15313333333333332,13.23,6.0,2,20.69021766586456,,0.0,0.0,0.0,0.0,41.64247281024143,optimal
2021-02-07 16:00:00,5,47,2.3333333333333335,0.0,0.0,0.175,11.382,6.0,2,20.55993778991482,,7000.0,0.0,0.0,0.0,41.27185739251755,optimal
2021-02-07 16:30:00,5,47,2.3333333333333335,0.0,0.0,0.4714,11.7495,6.0,2,20.89237321043483,,7000.0,0.0,0.0,0.0,40.9016125902114,optimal
2021-02-07 17:00:00,5,47,0.0,0.0,0.0,0.12496666666666668,24.3285,6.0,2,21.2597249011086,,0.0,0.0,0.0,0.0,40.53173803270755,optimal
2021-02-07 17:30:00,5,47,0.0,0.0,0.0,0.28646666666666665,28.917,6.0,2,21.05971660694923,,0.0,0.0,0.0,0.0,40.16223334976121,optimal
2021-02-07 18:00:00,5,47,0.0,0.0,0.0,0.2518,31.3635,6.0,2,20.872720361950208,,0.0,0.0,0.0,0.0,39.79309817149781,optimal
2021-02-07 18:30:00,5,47,0.0,0.0,0.0,0.21366666666666662,33.306,6.0,2,20.675882839670777,,0.0,0.0,0.0,0.0,39.75330507332631,optimal
2021-02-07 19:00:00,5,47,0.0,0.0,0.0,0.3644,31.3425,6.0,2,20.481264745352302,,0.0,0.0,0.0,0.0,39.713551768252984,optimal
2021-02-07 19:30:00,5,47,0.0,0.0,0.0,0.6394,28.2555,6.0,2,20.311403098838376,,0.0,0.0,0.0,0.0,39.67383821648473,optimal
2021-02-07 20:00:00,5,47,0.0,0.0,0.0,0.2764,15.6975,6.0,2,20.168214904321395,,0.0,0.0,0.0,0.0,39.634164378268245,optimal
2021-02-07 20:30:00,5,47,0.0,0.0,0.0,0.30086666666666667,12.5475,6.0,2,20.0,,0.0,0.0,0.0,0.0,39.594530213889975,optimal
2021-02-07 21:00:00,5,47,0.0,0.0,0.0,0.5271333333333333,12.0855,6.0,2,19.844218868817293,,0.0,0.0,0.0,0.0,39.554935683676085,optimal
2021-02-07 21:30:00,5,47,0.0,0.0,0.0,0.13816666666666666,11.907,6.0,2,19.70395328352781,,0.0,0.0,0.0,0.0,39.51538074799241,optimal
2021-02-07 22:00:00,5,47,0.0,0.0,0.0,1.6689333333333334,12.5685,6.0,2,19.54003467383737,,0.0,0.0,0.0,0.0,39.47586536724442,optimal
2021-02-07 22:30:00,5,47,0.0,0.0,0.0,0.4052,13.146,6.0,2,19.403061773994708,,0.0,0.0,0.0,0.0,39.43638950187717,optimal
2021-02-07 23:00:00,5,47,0.0,0.0,0.0,0.29506666666666664,10.584,6.0,2,19.250330361950724,,0.0,0.0,0.0,0.0,39.39695311237529,optimal
2021-02-07 23:30:00,5,47,0.0,0.0,0.0,0.3704666666666666,6.678,6.0,2,19.091626025549065,,0.0,0.0,0.0,0.0,39.35755615926292,optimal
2021-02-08 00:00:00,5,47,2.3333333333333335,0.0,0.0,0.057,7.665,6.0,-3,19.091626025549065,,7000.0,0.0,0.0,0.0,39.31819860310366,optimal
2021-02-08 00:30:00,5,47,2.3333333333333335,0.0,0.0,0.1248,6.7725,6.0,-3,19.39387601618829,,7000.0,0.0,0.0,0.0,39.278880404500555,optimal
2021-02-08 01:00:00,5,47,2.3333333333333335,0.0,4.526151458155784,0.057,5.5755,6.0,-3,19.697406532348353,,7000.0,0.0,0.0,0.0,41.38952346672004,optimal
2021-02-08 01:30:00,5,47,2.3333333333333335,0.0,5.0,0.1022,5.0925,6.0,-3,19.99255708482124,,7000.0,0.0,0.0,0.0,43.723133943253316,optimal
2021-02-08 02:00:00,5,47,2.3333333333333335,0.0,5.0,0.07959999999999999,4.1895,6.0,-3,20.2868778097892,,7000.0,0.0,0.0,0.0,46.05441080931006,optimal
2021-02-08 02:30:00,5,47,2.3333333333333335,0.0,0.0,0.057,7.056,6.0,-3,20.575555691355362,,7000.0,0.0,0.0,0.0,46.00835639850075,optimal
2021-02-08 03:00:00,5,47,2.3333333333333335,0.0,5.0,0.057,5.271,6.0,-3,20.859828809692374,,7000.0,0.0,0.0,0.0,48.33734804210225,optimal
2021-02-08 03:30:00,5,47,2.3333333333333335,0.0,0.0,0.1248,7.938,6.0,-3,21.14135636672624,,7000.0,0.0,0.0,0.0,48.289010694060146,optimal
2021-02-08 04:00:00,5,47,2.3333333333333335,0.0,0.0,0.057,7.938,6.0,-3,21.423821331154908,,7000.0,0.0,0.0,0.0,48.240721683366075,optimal
2021-02-08 04:30:00,5,47,0.0,0.0,0.0,0.0683,11.907,6.0,-3,21.697567234939577,,0.0,0.0,0.0,0.0,48.192480961682705,optimal
2021-02-08 05:00:00,5,47,2.3333333333333335,0.0,0.0,1.3551,11.025,6.0,-3,21.46981370037514,,7000.0,0.0,0.0,0.0,48.144288480721016,optimal
2021-02-08 05:30:00,5,47,2.3333333333333335,0.0,0.0,1.3113333333333332,11.2875,6.0,-3,21.757560560813815,,7000.0,0.0,0.0,0.0,48.096144192240295,optimal
2021-02-08 06:00:00,5,47,0.0,0.0,0.0,0.1022,12.936,6.0,-3,22.05596490377572,,0.0,0.0,0.0,0.0,48.048048048048045,optimal
2021-02-08 06:30:00,5,47,0.0,0.0,0.0,0.39376666666666665,13.0095,6.0,-3,21.824078604233083,,0.0,0.0,0.0,0.0,48.0,optimal
2021-02-08 07:00:00,5,47,0.0,0.0,0.0,1.423,13.671,6.0,-3,21.604395718365247,,0.0,0.0,0.0,0.0,47.77775371430711,optimal
2021-02-08 07:30:00,5,47,0.0,0.0,0.0,1.1735333333333333,13.188,6.0,-3,21.40341789384489,,0.0,0.0,0.0,0.0,47.555729674899915,optimal
2021-02-08 08:00:00,5,47,0.0,0.0,0.0,0.31026666666666664,13.8495,6.0,-3,21.204668507700227,,0.0,0.0,0.0,0.0,47.33392765953213,optimal
2021-02-08 08:30:00,5,47,0.0,0.0,0.0,0.3187333333333333,13.23,6.0,-3,21.0092040873538,,0.0,0.0,0.0,0.0,47.11234744617971,optimal
2021-02-08 09:00:00,5,47,0.0,0.0,0.0,0.09833333333333331,13.3665,6.0,-3,20.823593455376717,,0.0,0.0,0.0,0.0,46.89098881304064,optimal
2021-02-08 09:30:00,5,47,0.48534367771954606,0.0,0.0,0.13146666666666668,13.0515,6.0,-3,20.63170305545816,,1456.0310331586381,0.0,0.0,0.0,46.669851538534715,optimal
2021-02-08 10:00:00,5,47,0.0,0.0,0.0,0.06466666666666668,13.5345,6.0,-3,20.536563381079578,,0.0,0.0,0.0,0.0,46.448935401303295,optimal
2021-02-08 10:30:00,5,47,0.0,0.0,0.0,0.1248,14.154,6.0,-3,20.376552085828735,,0.0,0.0,0.0,0.0,46.228240180209106,optimal
2021-02-08 11:00:00,5,47,0.0,0.0,0.0,0.057,14.112,6.0,-3,20.22148085889688,,0.0,0.0,0.0,0.0,46.00776565433601,optimal
2021-02-08 11:30:00,5,47,0.0,0.0,0.0,0.057,14.2485,6.0,-3,20.109498265581585,,0.0,0.0,0.0,0.0,45.787511602988786,optimal
2021-02-08 12:00:00,5,47,0.834702602310219,0.0,0.0,0.11220000000000001,12.789,6.0,-3,20.0,,2504.107806930657,0.0,0.0,0.0,45.56747780569291,optimal
2021-02-08 12:30:00,5,47,0.0,0.0,0.0,0.08093333333333334,13.0095,6.0,-3,20.089215562053838,,0.0,0.0,0.0,0.0,45.34766404219433,optimal
2021-02-08 13:00:00,5,47,2.3333333333333335,0.0,0.0,0.09090000000000001,12.1275,6.0,-3,20.0,,7000.0,0.0,0.0,0.0,45.12807009245925,optimal
2021-02-08 13:30:00,5,47,1.0604857360061821,0.0,0.0,0.09090000000000001,12.348,6.0,-3,20.40775543405153,,3181.457208018546,0.0,0.0,0.0,44.9086957366739,optimal
2021-02-08 14:00:00,5,47,2.3333333333333335,0.0,0.0,0.1135,12.348,6.0,-3,20.540284027169164,,7000.0,0.0,0.0,0.0,44.68954075524434,optimal
2021-02-08 14:30:00,5,47,0.0,0.0,0.0,0.0683,25.389,6.0,-3,20.94668816058829,,0.0,0.0,0.0,0.0,44.470604928796206,optimal
2021-02-08 15:00:00,5,47,0.0,0.0,0.0,0.057,29.1375,6.0,-3,20.845433243614735,,0.0,0.0,0.0,0.0,44.25188803817452,optimal
2021-02-08 15:30:00,5,47,0.0,0.0,0.0,0.2646,30.597,6.0,-3,20.71038743698569,,0.0,0.0,0.0,0.0,44.03338986444346,optimal
2021-02-08 16:00:00,5,47,0.0,0.0,0.0,1.685,33.684,6.0,-3,20.5849554088435,,0.0,0.0,0.0,0.0,43.81511018888612,optimal
2021-02-08 16:30:00,5,47,0.0,0.0,0.0,2.5231,32.445,6.0,-3,20.45070205636278,,0.0,0.0,0.0,0.0,43.59704879300435,optimal
2021-02-08 17:00:00,5,47,0.0,0.0,0.0,1.0832,28.917,6.0,-3,20.325556829223224,,0.0,0.0,0.0,0.0,43.379205458518456,optimal
2021-02-08 17:30:00,5,47,0.0,0.0,0.0,0.4824666666666666,15.876,6.0,-3,20.157588304100905,,0.0,0.0,0.0,0.0,43.16157996736705,optimal
2021-02-08 18:00:00,5,47,0.8673929952680138,0.0,0.0,1.0393666666666665,12.348,6.0,-3,20.0,,2602.1789858040415,0.0,0.0,0.0,42.94417210170679,optimal
2021-02-08 18:30:00,5,47,1.8302003624671817,0.0,0.0,2.5819666666666667,12.1275,6.0,-3,20.0,,5490.601087401545,0.0,0.0,0.0,42.7269816439122,optimal
2021-02-08 19:00:00,5,47,0.0,0.0,0.0,0.5463666666666667,12.348,6.0,-3,20.210997526483393,,0.0,0.0,0.0,0.0,42.5100083765754,optimal
2021-02-08 19:30:00,5,47,0.939845615483799,0.0,0.0,0.2094,12.1275,6.0,-3,20.0,,2819.5368464513967,0.0,0.0,0.0,42.29325208250594,optimal
2021-02-08 20:00:00,5,47,0.9286168094645001,0.0,0.0,0.24013333333333334,12.1275,6.0,-3,20.0,,2785.8504283935004,0.0,0.0,0.0,42.07671254473054,optimal
2021-02-08 20:30:00,5,47,0.0,0.0,0.0,0.067,11.2665,6.0,-3,20.0,,0.0,0.0,0.0,0.0,41.86038954649292,optimal
2021-02-08 21:00:00,5,47,0.0,0.0,0.0,0.198,10.143,6.0,-3,19.771183498976463,,0.0,0.0,0.0,0.0,41.64428287125354,optimal
2021-02-08 21:30:00,5,47,0.0,0.0,0.0,0.42119999999999996,11.2455,6.0,-3,19.56433181743355,,0.0,0.0,0.0,0.0,41.602638588382284,optimal
2021-02-08 22:00:00,5,47,0.0,0.0,0.0,1.8239666666666667,11.025,6.0,-3,19.39675635088062,,0.0,0.0,0.0,0.0,41.561035949793904,optimal
2021-02-08 22:30:00,5,47,0.0,0.0,0.0,0.7163333333333334,5.9745,6.0,-3,19.242147479155726,,0.0,0.0,0.0,0.0,41.519474913844114,optimal
2021-02-08 23:00:00,5,47,0.0,0.0,0.0,0.07453333333333333,7.938,6.0,-3,19.07640659242199,,0.0,0.0,0.0,0.0,41.47795543893027,optimal
2021-02-08 23:30:00,5,47,0.0,0.0,0.0,0.12726666666666667,8.6835,6.0,-3,18.87207209831855,,0.0,0.0,0.0,0.0,41.436477483491345,optimal
2021-02-09 00:00:00,5,47,0.9460446077849183,0.0,0.0,0.062,11.823,6.0,-3,18.87207209831855,,2838.133823354755,0.0,0.0,0.0,41.39504100600785,optimal
2021-02-09 00:30:00,5,47,2.3333333333333335,0.0,0.0,0.062,11.7705,6.0,-3,18.870612135419854,,4283.0,0.0,2717.0,0.0,41.353645965001846,optimal
2021-02-09 01:00:00,5,47,2.3333333333333335,0.0,5.0,0.122,11.13,6.0,-3,18.97253129570675,,7000.0,0.0,0.0,0.0,43.68729231903684,optimal
2021-02-09 01:30:00,5,47,2.3333333333333335,0.0,0.0,0.18380000000000002,11.6865,6.0,-3,19.271375203812187,,7000.0,0.0,0.0,0.0,43.64360502671781,optimal
2021-02-09 02:00:00,5,47,2.3333333333333335,0.0,5.0,0.14906666666666665,10.7205,6.0,-3,19.56994081481297,,7000.0,0.0,0.0,0.0,45.97496142169109,optimal
2021-02-09 02:30:00,5,47,2.3333333333333335,0.0,0.0,0.062,11.424,6.0,-3,19.86136479331379,,7000.0,0.0,0.0,0.0,45.9289864602694,optimal
2021-02-09 03:00:00,5,47,2.3333333333333335,0.0,5.0,0.062,10.689,6.0,-3,20.143766190926772,,7000.0,0.0,0.0,0.0,48.25805747380913,optimal
2021-02-09 03:30:00,5,47,2.3333333333333335,0.0,0.574423532802221,0.116,11.361,6.0,-3,20.423443962847607,,7000.0,0.0,0.0,0.0,48.48265059441637,optimal
2021-02-09 04:00:00,5,47,2.3333333333333335,0.0,0.0,0.20006666666666664,11.571,6.0,-3,20.707773531065257,,7000.0,0.0,0.0,0.0,48.434167943821954,optimal
2021-02-09 04:30:00,5,47,0.0,0.0,0.0,0.08966666666666667,14.3745,6.0,-3,20.992769157337772,,0.0,0.0,0.0,0.0,48.38573377587813,optimal
2021-02-09 05:00:00,5,47,2.3333333333333335,0.0,0.0,0.07866666666666668,13.23,6.0,-3,20.767168517083128,,7000.0,0.0,0.0,0.0,48.33734804210225,optimal
2021-02-09 05:30:00,5,47,0.0,0.0,0.0,0.2542,13.9755,6.0,-3,21.040725863346175,,0.0,0.0,0.0,0.0,48.289010694060146,optimal
2021-02-09 06:00:00,5,47,0.0,0.0,0.0,0.062,14.994,6.0,-3,20.825640154747067,,0.0,0.0,0.0,0.0,48.240721683366075,optimal
2021-02-09 06:30:00,5,47,2.3333333333333335,0.0,0.0,0.19246666666666667,13.671,6.0,-3,20.59940359464157,,7000.0,0.0,0.0,0.0,48.192480961682705,optimal
2021-02-09 07:00:00,5,47,0.0,0.0,0.0,2.780466666666667,15.981,6.0,-3,20.881819416663763,,0.0,0.0,0.0,0.0,48.144288480721016,optimal
2021-02-09 07:30:00,5,47,0.0,0.0,0.0,0.2892333333333333,15.6345,6.0,-3,20.684353447527894,,0.0,0.0,0.0,0.0,48.096144192240295,optimal
2021-02-09 08:00:00,5,47,0.0,0.0,0.0,0.4487,16.5375,6.0,-3,20.492845357638263,,0.0,0.0,0.0,0.0,48.048048048048045,optimal
2021-02-09 08:30:00,5,47,0.0,0.0,0.0,0.3330666666666667,14.7735,6.0,-3,20.31756080143391,,0.0,0.0,0.0,0.0,48.0,optimal
2021-02-09 09:00:00,5,47,0.0,0.0,0.0,0.4000666666666667,15.2145,6.0,-3,20.157533532617695,,0.0,0.0,0.0,0.0,47.410907901680325,optimal
2021-02-09 09:30:00,5,47,0.7976289068715602,0.0,0.0,0.3041333333333333,14.553,6.0,-3,20.0,,2392.8867206146806,0.0,0.0,0.0,46.82240489545897,optimal
2021-02-09 10:00:00,5,47,1.793818144668685,0.0,0.0,0.07533333333333334,14.3325,6.0,-3,20.0,,5381.454434006055,0.0,0.0,0.0,46.23449039224384,optimal
2021-02-09 10:30:00,5,47,0.0,0.0,0.0,0.2236,14.595,6.0,-3,20.234852466641808,,0.0,0.0,0.0,0.0,45.647163803531924,optimal
2021-02-09 11:00:00,5,47,0.0,0.0,0.0,0.10593333333333334,14.994,6.0,-3,20.09811021469172,,0.0,0.0,0.0,0.0,45.06042454140872,optimal
2021-02-09 11:30:00,5,47,0.46515665075512225,0.0,0.0,0.06533333333333333,14.3325,6.0,-3,20.0,,1395.4699522653668,0.0,0.0,0.0,44.47427201854764,optimal
2021-02-09 12:00:00,5,47,0.3225617786673163,0.0,0.0,0.062,13.8915,6.0,-3,20.0,,967.6853360019488,0.0,0.0,0.0,43.88870564820942,optimal
2021-02-09 12:30:00,5,47,0.2556855099942077,0.0,0.0,0.2708666666666667,13.8915,6.0,-3,20.0,,767.056529982623,0.0,0.0,0.0,43.303724844241536,optimal
2021-02-09 13:00:00,5,47,2.3333333333333335,0.0,0.0,0.063,13.4715,6.0,-3,20.0,,7000.0,0.0,0.0,0.0,42.71932902107762,optimal
2021-02-09 13:30:00,5,47,2.3333333333333335,0.0,0.0,0.19036666666666668,13.23,6.0,-3,20.435121415387673,,7000.0,0.0,0.0,0.0,42.13551759373687,optimal
2021-02-09 14:00:00,5,47,1.035264805366168,0.0,0.0,0.14916666666666667,13.8915,6.0,-3,20.87321420459496,,3105.794416098504,0.0,0.0,0.0,41.55228997782346,optimal
2021-02-09 14:30:00,5,47,0.0,0.0,0.0,0.062,26.9325,6.0,-3,21.017381105006926,,0.0,0.0,0.0,0.0,40.96964558952597,optimal
2021-02-09 15:00:00,5,47,0.0,0.0,0.0,0.2142,30.303,6.0,-3,20.932151163352838,,0.0,0.0,0.0,0.0,40.38758384561677,optimal
2021-02-09 15:30:00,5,47,0.0,0.0,0.0,0.072,32.886,6.0,-3,20.823449283521438,,0.0,0.0,0.0,0.0,39.80610416345148,optimal
2021-02-09 16:00:00,5,47,0.0,0.0,0.0,0.19176666666666667,34.9965,6.0,-3,20.705432169243913,,0.0,0.0,0.0,0.0,39.22520596096835,optimal
2021-02-09 16:30:00,5,47,0.0,0.0,0.0,0.14643333333333333,33.327,6.0,-3,20.550311925989273,,0.0,0.0,0.0,0.0,38.64488865668771,optimal
2021-02-09 17:00:00,5,47,0.0,0.0,0.0,2.5248000000000004,31.122,6.0,-3,20.392992388878955,,0.0,0.0,0.0,0.0,38.06515166971135,optimal
2021-02-09 17:30:00,5,47,0.0,0.0,0.0,1.0872,17.9025,6.0,-3,20.25535567804721,,0.0,0.0,0.0,0.0,37.48599441972196,optimal
2021-02-09 18:00:00,5,47,0.0,0.0,0.0,0.5598,15.6555,6.0,-3,20.126771274901415,,0.0,0.0,0.0,0.0,36.90741632698256,optimal
2021-02-09 18:30:00,5,47,0.43228544974463984,0.0,0.0,2.0656333333333334,14.553,6.0,-3,20.0,,1296.8563492339194,0.0,0.0,0.0,36.32941681233591,optimal
2021-02-09 19:00:00,5,47,0.7451261628621728,0.0,0.0,1.3420999999999998,14.3325,6.0,-3,20.0,,2235.3784885865184,0.0,0.0,0.0,35.7519952972039,optimal
2021-02-09 19:30:00,5,47,0.7557994961955175,0.0,0.0,1.844733333333333,13.335,6.0,-3,20.0,,2267.3984885865525,0.0,0.0,0.0,35.17515120358702,optimal
2021-02-09 20:00:00,5,47,0.6617639406399511,0.0,0.0,2.9728000000000003,12.1275,6.0,-3,20.0,,1985.2918219198532,0.0,0.0,0.0,35.13997605238343,optimal
2021-02-09 20:30:00,5,47,0.0,0.0,0.0,1.4064666666666668,12.2955,6.0,-3,20.0,,0.0,0.0,0.0,0.0,35.10483607633105,optimal
2021-02-09 21:00:00,5,47,0.0,0.0,0.0,3.067466666666667,11.6865,6.0,-3,19.842554276863645,,0.0,0.0,0.0,0.0,35.06973124025472,optimal
2021-02-09 21:30:00,5,47,0.0,0.0,0.0,0.14916666666666667,11.466,6.0,-3,19.70059049598891,,0.0,0.0,0.0,0.0,35.03466150901446,optimal
2021-02-09 22:00:00,5,47,0.09288888888888887,0.0,0.0,0.13946666666666666,10.8045,6.0,-3,19.526124530938148,,0.0,0.0,278.66666666666663,0.0,34.999626847505446,optimal
2021-02-09 22:30:00,5,47,0.046444444444444434,0.0,0.0,0.10373333333333332,10.584,6.0,-3,19.354581593926415,,0.0,0.0,139.33333333333331,0.0,34.96462722065794,optimal
2021-02-09 23:00:00,5,47,0.0,0.0,0.0,0.24046666666666666,11.2455,6.0,-3,19.160402180253925,,0.0,0.0,0.0,0.0,34.92966259343728,optimal
2021-02-09 23:30:00,5,47,0.0,0.0,0.0,0.08533333333333333,12.1275,6.0,-3,18.96683665739103,,0.0,0.0,0.0,0.0,34.894732930843844,optimal
2021-02-10 00:00:00,5,47,2.3333333333333335,0.0,0.0,0.151,11.508,6.0,-3,18.96683665739103,,7000.0,0.0,0.0,0.0,34.859838197913,optimal
2021-02-10 00:30:00,5,47,2.3333333333333335,0.0,0.0,0.293,11.844,6.0,-3,19.276941528485494,,869.333333333333,0.0,6130.666666666667,0.0,34.82497835971509,optimal
2021-02-10 01:00:00,5,47,2.3333333333333335,0.0,0.0,1.4879,11.508,6.0,-3,19.15435824770895,,7000.0,0.0,0.0,0.0,34.790153381355374,optimal
2021-02-10 01:30:00,5,47,2.3333333333333335,0.0,3.8243769997739276,0.3207333333333333,11.508,6.0,-3,19.492878383495242,,7000.0,0.0,0.0,0.0,36.571942302866624,optimal
2021-02-10 02:00:00,5,47,2.3333333333333335,0.0,5.0,0.15369999999999998,10.4475,6.0,-3,19.793524873080077,,7000.0,0.0,0.0,0.0,38.91037036056375,optimal
2021-02-10 02:30:00,5,47,2.3333333333333335,0.0,5.0,0.3466666666666667,10.8675,6.0,-3,20.08716942085315,,7000.0,0.0,0.0,0.0,41.24645999020319,optimal
2021-02-10 03:00:00,5,47,2.3333333333333335,0.0,5.0,0.128,10.542,6.0,-3,20.389344098871085,,7000.0,0.0,0.0,0.0,43.58021353021298,optimal
2021-02-10 03:30:00,5,47,2.3333333333333335,0.0,5.0,0.06,11.025,6.0,-3,20.66535750807892,,7000.0,0.0,0.0,0.0,45.91163331668277,optimal
2021-02-10 04:00:00,5,47,2.3333333333333335,0.0,5.0,0.06,11.025,6.0,-3,20.93166318056519,,7000.0,0.0,0.0,0.0,48.240721683366075,optimal
2021-02-10 04:30:00,5,47,2.3333333333333335,0.0,0.0,0.06,14.553,6.0,-3,21.194847886572777,,7000.0,0.0,0.0,0.0,48.192480961682705,optimal
2021-02-10 05:00:00,5,47,2.3333333333333335,0.0,0.0,0.06,13.0935,6.0,-3,21.453776253305133,,7000.0,0.0,0.0,0.0,48.144288480721016,optimal
2021-02-10 05:30:00,5,47,0.20805544084121694,0.0,0.0,0.1456,15.6345,6.0,-3,21.708498162884844,,624.1663225236508,0.0,0.0,0.0,48.096144192240295,optimal
2021-02-10 06:00:00,5,47,0.0,0.0,0.0,0.13133333333333333,18.102,6.0,-3,21.51162680399954,,0.0,0.0,0.0,0.0,48.048048048048045,optimal
2021-02-10 06:30:00,5,47,0.0,0.0,0.0,0.09340000000000001,17.199,6.0,-3,21.270477793077728,,0.0,0.0,0.0,0.0,48.0,optimal
2021-02-10 07:00:00,5,47,0.0,0.0,0.0,0.26426666666666665,18.2805,6.0,-3,21.034313880396027,,0.0,0.0,0.0,0.0,47.76542984934011,optimal
2021-02-10 07:30:00,5,47,0.0,0.0,0.0,0.11366666666666668,17.4615,6.0,-3,20.818569165287652,,0.0,0.0,0.0,0.0,47.53109426883088,optimal
2021-02-10 08:00:00,5,47,0.0,0.0,0.0,0.068,18.3225,6.0,-3,20.596140968350763,,0.0,0.0,0.0,0.0,47.296993023902154,optimal
2021-02-10 08:30:00,5,47,0.0,0.0,0.0,0.33003333333333335,17.094,6.0,-3,20.373656524026707,,0.0,0.0,0.0,0.0,47.063125880218365,optimal
2021-02-10 09:00:00,5,47,0.0,0.0,0.0,0.1536,17.094,6.0,-3,20.172201556193702,,0.0,0.0,0.0,0.0,46.829492603678254,optimal
2021-02-10 09:30:00,5,47,1.3870290251884896,0.0,0.0,0.068,17.094,6.0,-3,20.0,,4161.087075565469,0.0,0.0,0.0,46.59609296041469,optimal
2021-02-10 10:00:00,5,47,0.0,0.0,0.0,0.22793333333333332,17.3565,6.0,-3,20.119069950057572,,0.0,0.0,0.0,0.0,46.362926716794384,optimal
2021-02-10 10:30:00,5,47,0.1758892915477551,0.0,0.0,1.5757333333333332,17.115,6.0,-3,20.0,,527.6678746432653,0.0,0.0,0.0,46.1299936394177,optimal
2021-02-10 11:00:00,5,47,0.16114419460703613,0.0,0.0,2.568366666666667,17.241,6.0,-3,20.0,,483.4325838211084,0.0,0.0,0.0,45.89729349511839,optimal
2021-02-10 11:30:00,5,47,0.15061006528656917,0.0,0.0,2.8051999999999997,17.094,6.0,-3,20.0,,451.83019585970754,0.0,0.0,0.0,45.664826050963384,optimal
2021-02-10 12:00:00,5,47,2.3333333333333335,0.0,0.0,0.5888,16.5165,6.0,-3,20.0,,7000.0,0.0,0.0,0.0,45.43259107425253,optimal
2021-02-10 12:30:00,5,47,0.0,0.0,0.0,0.0728,17.8185,6.0,-3,20.465192375870583,,0.0,0.0,0.0,0.0,45.200588332518386,optimal
2021-02-10 13:00:00,5,47,0.6703762513114274,0.0,0.0,0.4193,17.094,6.0,-3,20.41468076666644,,2011.128753934282,0.0,0.0,0.0,44.968817593525976,optimal
2021-02-10 13:30:00,5,47,2.3333333333333335,0.0,0.0,0.1028,16.8945,6.0,-3,20.52333011592086,,7000.0,0.0,0.0,0.0,44.73727862527256,optimal
2021-02-10 14:00:00,5,47,0.0,0.0,0.0,0.08426666666666667,18.123,6.0,-3,20.95660792876731,,0.0,0.0,0.0,0.0,44.5059711959874,optimal
2021-02-10 14:30:00,5,47,0.0,0.0,0.0,0.21266666666666662,31.647,6.0,-3,20.872434310872862,,0.0,0.0,0.0,0.0,44.27489507413152,optimal
2021-02-10 15:00:00,5,47,0.0,0.0,0.0,0.07,34.9965,6.0,-3,20.798380497403187,,0.0,0.0,0.0,0.0,44.0440500283975,optimal
2021-02-10 15:30:00,5,47,0.0,0.0,0.0,0.2557333333333333,34.9965,6.0,-3,20.684174188509026,,0.0,0.0,0.0,0.0,43.81343582770921,optimal
2021-02-10 16:00:00,5,47,0.0,0.0,0.0,0.3803,34.9965,6.0,-3,20.59608026276897,,0.0,0.0,0.0,0.0,43.583052241221615,optimal
2021-02-10 16:30:00,5,47,0.0,0.0,0.0,0.3703333333333333,34.9965,6.0,-3,20.471835352696253,,0.0,0.0,0.0,0.0,43.3528990383205,optimal
2021-02-10 17:00:00,5,47,0.0,0.0,0.0,0.23246666666666665,34.9965,6.0,-3,20.34894565674865,,0.0,0.0,0.0,0.0,43.122975988622294,optimal
2021-02-10 17:30:00,5,47,0.0,0.0,0.0,0.07429999999999999,27.741,6.0,-3,20.172344771467802,,0.0,0.0,0.0,0.0,43.07985301263367,optimal
2021-02-10 18:00:00,5,47,0.7768885508235616,0.0,0.0,0.2459333333333333,19.026,6.0,-3,20.0,,2330.6656524706846,0.0,0.0,0.0,43.036773159621035,optimal
2021-02-10 18:30:00,5,47,0.8265117347720813,0.0,0.0,0.1167,18.7215,6.0,-3,20.0,,2479.535204316244,0.0,0.0,0.0,42.993736386461414,optimal
2021-02-10 19:00:00,5,47,0.7250015853872663,0.0,0.0,0.2686,17.4195,6.0,-3,20.0,,2175.004756161799,0.0,0.0,0.0,42.95074265007495,optimal
2021-02-10 19:30:00,5,47,0.7668869086884337,0.0,0.0,0.27293333333333336,16.758,6.0,-3,20.0,,2300.660726065301,0.0,0.0,0.0,42.90779190742487,optimal
2021-02-10 20:00:00,5,47,0.7051833431006881,0.0,0.0,0.5812999999999999,14.217,6.0,-3,20.0,,2115.550029302064,0.0,0.0,0.0,42.86488411551745,optimal
2021-02-10 20:30:00,5,47,0.0,0.0,0.0,0.4591,13.3665,6.0,-3,20.0,,0.0,0.0,0.0,0.0,42.82201923140193,optimal
2021-02-10 21:00:00,5,47,0.0,0.0,0.0,0.4529333333333333,12.789,6.0,-3,19.842970136555902,,0.0,0.0,0.0,0.0,42.77919721217053,optimal
2021-02-10 21:30:00,5,47,0.0,0.0,0.0,0.224,11.907,6.0,-3,19.668380227800487,,0.0,0.0,0.0,0.0,42.73641801495836,optimal
2021-02-10 22:00:00,5,47,0.0,0.0,0.0,0.3206,11.7075,6.0,-3,19.454639358499442,,0.0,0.0,0.0,0.0,42.6936815969434,optimal
2021-02-10 22:30:00,5,47,0.0,0.0,0.0,0.09853333333333332,10.8045,6.0,-3,19.23332892381615,,0.0,0.0,0.0,0.0,42.650987915346455,optimal
2021-02-10 23:00:00,5,47,0.0,0.0,0.0,0.08426666666666667,11.508,6.0,-3,18.977747616096796,,0.0,0.0,0.0,0.0,42.60833692743111,optimal
2021-02-10 23:30:00,5,47,0.0,0.0,0.0,0.264,11.508,6.0,-3,18.721216903719007,,0.0,0.0,0.0,0.0,42.56572859050368,optimal
2021-02-11 00:00:00,5,47,0.3374102038879273,0.0,0.0,0.052333333333333336,12.306,6.0,4,18.721216903719007,,1012.2306116637819,0.0,0.0,0.0,42.52316286191318,optimal
2021-02-11 00:30:00,5,47,2.3333333333333335,0.0,3.03702278196554,0.058333333333333334,10.6365,6.0,4,18.553232144272602,,660.333333333333,0.0,6339.666666666667,0.0,43.9232255204849,optimal
2021-02-11 01:00:00,5,47,2.3333333333333335,0.0,0.0,0.061,11.2455,6.0,4,18.35528107776151,,7000.0,0.0,0.0,0.0,43.879302294964404,optimal
2021-02-11 01:30:00,5,47,2.3333333333333335,0.0,0.0,0.061,11.2455,6.0,4,18.60707951190359,,7000.0,0.0,0.0,0.0,43.83542299266944,optimal
2021-02-11 02:00:00,5,47,2.3333333333333335,0.0,0.0,0.061,11.025,6.0,4,18.855926996991496,,7000.0,0.0,0.0,0.0,43.79158756967677,optimal
2021-02-11 02:30:00,5,47,2.3333333333333335,0.0,0.0,0.061,12.0855,6.0,4,19.101858116641097,,7000.0,0.0,0.0,0.0,43.747795982107085,optimal
2021-02-11 03:00:00,5,47,2.3333333333333335,0.0,0.0,0.061,11.6865,6.0,4,19.343735100236138,,7000.0,0.0,0.0,0.0,43.70404818612497,optimal
2021-02-11 03:30:00,5,47,2.3333333333333335,0.0,0.0,0.061,11.2245,6.0,4,19.581605460180725,,7000.0,0.0,0.0,0.0,43.66034413793885,optimal
2021-02-11 04:00:00,5,47,2.3333333333333335,0.0,0.0,0.061,11.025,6.0,4,19.81961797331213,,7000.0,0.0,0.0,0.0,43.6166837938009,optimal
2021-02-11 04:30:00,5,47,2.3333333333333335,0.0,0.0,0.061,10.7835,6.0,4,20.057770973667605,,7000.0,0.0,0.0,0.0,43.5730671100071,optimal
2021-02-11 05:00:00,5,47,2.3333333333333335,0.0,0.0,0.06066666666666666,11.025,6.0,4,20.293132942484135,,7000.0,0.0,0.0,0.0,43.52949404289709,optimal
2021-02-11 05:30:00,5,47,2.3333333333333335,0.0,5.0,0.06,10.584,6.0,4,20.531740119384402,,7000.0,0.0,0.0,0.0,45.860964548854184,optimal
2021-02-11 06:00:00,5,47,2.3333333333333335,0.0,0.0,0.061,11.025,6.0,4,20.78632425373639,,7000.0,0.0,0.0,0.0,45.81510358430533,optimal
2021-02-11 06:30:00,5,47,2.3333333333333335,0.0,5.0,0.061,10.4265,6.0,4,21.01900769483315,,7000.0,0.0,0.0,0.0,48.144288480721016,optimal
2021-02-11 07:00:00,5,47,2.3333333333333335,0.0,0.0,0.06,12.789,6.0,4,21.251894077156653,,7000.0,0.0,0.0,0.0,48.096144192240295,optimal
2021-02-11 07:30:00,5,47,2.3333333333333335,0.0,0.0,0.0615,12.684,6.0,4,21.49218905222941,,7000.0,0.0,0.0,0.0,48.048048048048045,optimal
2021-02-11 08:00:00,5,47,0.0,0.0,0.0,0.22846666666666668,16.254,6.0,4,21.74509908946441,,0.0,0.0,0.0,0.0,48.0,optimal
2021-02-11 08:30:00,5,47,0.0,0.0,0.0,0.061,17.64,6.0,4,21.493532141457223,,0.0,0.0,0.0,0.0,47.89878331288528,optimal
2021-02-11 09:00:00,5,47,0.0,0.0,0.0,0.061,19.1625,6.0,4,21.214871576291667,,0.0,0.0,0.0,0.0,47.79766784245767,optimal
2021-02-11 09:30:00,5,47,0.0,0.0,0.0,0.061,26.46,6.0,4,20.97219282730761,,0.0,0.0,0.0,0.0,47.69665348750049,optimal
2021-02-11 10:00:00,5,47,0.0,0.0,0.0,0.061,20.79,6.0,4,20.751695306666715,,0.0,0.0,0.0,0.0,47.59574014689827,optimal
2021-02-11 10:30:00,5,47,0.0,0.0,0.0,0.061,29.106,6.0,4,20.609718133449267,,0.0,0.0,0.0,0.0,47.49492771963666,optimal
2021-02-11 11:00:00,5,47,0.0,0.0,0.0,0.061,19.1835,6.0,4,20.462373166615123,,0.0,0.0,0.0,0.0,47.3942161048023,optimal
2021-02-11 11:30:00,5,47,0.0,0.0,0.0,0.061,19.6665,6.0,4,20.354488034347003,,0.0,0.0,0.0,0.0,47.29360520158277,optimal
2021-02-11 12:00:00,5,47,0.0,0.0,0.0,0.061,19.404,6.0,4,20.256656877705364,,0.0,0.0,0.0,0.0,47.19309490926647,optimal
2021-02-11 12:30:00,5,47,0.0,0.0,0.0,0.061,19.047,6.0,4,20.203235849295424,,0.0,0.0,0.0,0.0,47.09268512724248,optimal
2021-02-11 13:00:00,5,47,0.0,0.0,0.0,0.061,18.858,6.0,4,20.158058556099885,,0.0,0.0,0.0,0.0,46.99237575500052,optimal
2021-02-11 13:30:00,5,47,0.0,0.0,0.0,0.461,19.2675,6.0,4,20.101475979148105,,0.0,0.0,0.0,0.0,46.8921666921308,optimal
2021-02-11 14:00:00,5,47,0.0,0.0,0.0,1.4839666666666667,18.963,6.0,4,20.06126782505938,,0.0,0.0,0.0,0.0,46.79205783832395,optimal
2021-02-11 14:30:00,5,47,0.0,0.0,0.0,0.6925333333333333,18.438,6.0,4,20.068367262612874,,0.0,0.0,0.0,0.0,46.692049093370905,optimal
2021-02-11 15:00:00,5,47,0.0,0.0,0.0,0.06,18.7425,6.0,4,20.05604807501203,,0.0,0.0,0.0,0.0,46.59214035716281,optimal
2021-02-11 15:30:00,5,47,2.3333333333333335,0.0,0.0,0.06,15.2145,6.0,4,20.0,,7000.0,0.0,0.0,0.0,46.49233152969093,optimal
2021-02-11 16:00:00,5,47,0.36879828628917904,0.0,0.0,0.5045,17.7765,6.0,4,20.419537039785578,,1106.394858867537,0.0,0.0,0.0,46.39262251104652,optimal
2021-02-11 16:30:00,5,47,2.3333333333333335,0.0,0.0,2.727,16.758,6.0,4,20.359395003591654,,7000.0,0.0,0.0,0.0,46.29301320142075,optimal
2021-02-11 17:00:00,5,47,2.3333333333333335,0.0,0.0,2.2825,16.422,6.0,4,20.737439476655872,,7000.0,0.0,0.0,0.0,46.19350350110461,optimal
2021-02-11 17:30:00,5,47,2.3333333333333335,0.0,0.0,0.06,16.758,6.0,4,21.0406514136069,,7000.0,0.0,0.0,0.0,46.09409331048878,optimal
2021-02-11 18:00:00,5,47,0.0,0.0,0.0,0.06,29.358,6.0,4,21.302460064133157,,0.0,0.0,0.0,0.0,46.047999217178294,optimal
2021-02-11 18:30:00,5,47,0.0,0.0,0.0,0.06996666666666666,34.9965,6.0,4,21.047975698244556,,0.0,0.0,0.0,0.0,46.001951217961114,optimal
2021-02-11 19:00:00,5,47,0.0,0.0,0.0,0.073,34.65,6.0,4,20.797665671085095,,0.0,0.0,0.0,0.0,45.955949266743154,optimal
2021-02-11 19:30:00,5,47,0.0,0.0,0.0,0.08333333333333333,34.9965,6.0,4,20.542243402177622,,0.0,0.0,0.0,0.0,45.90999331747641,optimal
2021-02-11 20:00:00,5,47,0.0,0.0,0.0,0.073,34.9965,6.0,4,20.27639155675295,,0.0,0.0,0.0,0.0,45.86408332415893,optimal
2021-02-11 20:30:00,5,47,0.0,0.0,0.0,0.073,30.4815,6.0,4,20.0,,0.0,0.0,0.0,0.0,45.81821924083477,optimal
2021-02-11 21:00:00,5,47,0.0,0.0,0.0,0.13596666666666668,21.4305,6.0,4,19.733610525357967,,0.0,0.0,0.0,0.0,45.772401021593936,optimal
2021-02-11 21:30:00,5,47,0.0,0.0,0.0,1.0552000000000001,14.3325,6.0,4,19.46814803954424,,0.0,0.0,0.0,0.0,45.72662862057234,optimal
2021-02-11 22:00:00,5,47,0.0,0.0,0.0,0.2539666666666667,13.692,6.0,4,19.243869145878108,,0.0,0.0,0.0,0.0,45.68090199195177,optimal
2021-02-11 22:30:00,5,47,0.0,0.0,0.0,0.1393,14.007,6.0,4,19.034651946845745,,0.0,0.0,0.0,0.0,45.63522108995982,optimal
2021-02-11 23:00:00,5,47,0.0,0.0,0.0,0.061,12.873,6.0,4,18.787873494087716,,0.0,0.0,0.0,0.0,45.58958586886986,optimal
2021-02-11 23:30:00,5,47,0.0,0.0,0.0,0.061,12.684,6.0,4,18.500348631807874,,0.0,0.0,0.0,0.0,45.54399628300099,optimal
2021-02-12 00:00:00,5,47,2.3333333333333335,0.0,0.0,0.06133333333333334,10.3635,6.0,0,18.500348631807874,,7000.0,0.0,0.0,0.0,45.49845228671799,optimal
2021-02-12 00:30:00,5,47,2.3333333333333335,0.0,0.0,0.061,10.8045,6.0,0,18.711283550679404,,5397.666666666667,0.0,1602.3333333333333,0.0,45.45295383443128,optimal
2021-02-12 01:00:00,5,47,2.3333333333333335,0.0,0.0,0.11059999999999999,11.025,6.0,0,18.80576944739024,,7000.0,0.0,0.0,0.0,45.40750088059684,optimal
2021-02-12 01:30:00,5,47,2.3333333333333335,0.0,0.0,0.0858,10.3635,6.0,0,19.016653131228367,,7000.0,0.0,0.0,0.0,45.36209337971624,optimal
2021-02-12 02:00:00,5,47,2.3333333333333335,0.0,0.0,0.061,10.8045,6.0,0,19.224473244447346,,7000.0,0.0,0.0,0.0,45.31673128633653,optimal
2021-02-12 02:30:00,5,47,2.3333333333333335,0.0,0.0,0.1354,10.059,6.0,0,19.42926569053026,,7000.0,0.0,0.0,0.0,45.27141455505019,optimal
2021-02-12 03:00:00,5,47,2.3333333333333335,0.0,0.0,0.061,10.584,6.0,0,19.640466131941665,,7000.0,0.0,0.0,0.0,45.22614314049514,optimal
2021-02-12 03:30:00,5,47,2.3333333333333335,0.0,5.0,0.14506666666666665,9.4185,6.0,0,19.847415047410337,,7000.0,0.0,0.0,0.0,47.55591699735464,optimal
2021-02-12 04:00:00,5,47,2.3333333333333335,0.0,0.0,0.071,10.3635,6.0,0,20.065434481206786,,7000.0,0.0,0.0,0.0,47.50836108035729,optimal
2021-02-12 04:30:00,5,47,2.3333333333333335,0.0,1.845253311211201,0.071,9.8385,6.0,0,20.283810269671402,,7000.0,0.0,0.0,0.0,48.33734804210225,optimal
2021-02-12 05:00:00,5,47,2.3333333333333335,0.0,0.0,0.1454,11.067,6.0,0,20.507830447928736,,7000.0,0.0,0.0,0.0,48.289010694060146,optimal
2021-02-12 05:30:00,5,47,2.3333333333333335,0.0,0.0,0.06133333333333334,10.8465,6.0,0,20.742721078032293,,7000.0,0.0,0.0,0.0,48.240721683366075,optimal
2021-02-12 06:00:00,5,47,0.0,0.0,0.0,0.061,13.671,6.0,0,20.978942289929243,,0.0,0.0,0.0,0.0,48.192480961682705,optimal
2021-02-12 06:30:00,5,47,2.3333333333333335,0.0,0.0,0.1354,12.348,6.0,0,20.723847583894987,,7000.0,0.0,0.0,0.0,48.144288480721016,optimal
2021-02-12 07:00:00,5,47,0.0,0.0,0.0,0.0844,14.3325,6.0,0,20.97612973529192,,0.0,0.0,0.0,0.0,48.096144192240295,optimal
2021-02-12 07:30:00,5,47,0.0,0.0,0.0,0.0856,15.393,6.0,0,20.73821680284539,,0.0,0.0,0.0,0.0,48.048048048048045,optimal
2021-02-12 08:00:00,5,47,2.163657989853181,0.0,0.0,0.23656666666666665,13.587,6.0,0,20.513030527783872,,6490.973969559543,0.0,0.0,0.0,48.0,optimal
2021-02-12 08:30:00,5,47,0.0,0.0,0.0,0.14126666666666668,16.1385,6.0,0,20.742910006034922,,0.0,0.0,0.0,0.0,47.82339581644585,optimal
2021-02-12 09:00:00,5,47,0.0,0.0,0.0,0.071,14.595,6.0,0,20.46407805299316,,0.0,0.0,0.0,0.0,47.646968237075264,optimal
2021-02-12 09:30:00,5,47,0.0,0.0,0.0,0.071,14.637,6.0,0,20.217703898636206,,0.0,0.0,0.0,0.0,47.47071708528404,optimal
2021-02-12 10:00:00,5,47,0.6166698995693274,0.0,0.0,0.1454,13.9125,6.0,0,20.0,,1850.0096987079824,0.0,0.0,0.0,47.294642184644616,optimal
2021-02-12 10:30:00,5,47,0.6195022711763618,0.0,0.0,0.071,13.3665,6.0,0,20.0,,1858.5068135290853,0.0,0.0,0.0,47.118743358905824,optimal
2021-02-12 11:00:00,5,47,0.7572952063017425,0.0,0.0,0.1206,13.0095,6.0,0,20.0,,2271.8856189052276,0.0,0.0,0.0,46.94302043199277,optimal
2021-02-12 11:30:00,5,47,0.0,0.0,0.0,0.08613333333333334,13.8915,6.0,0,20.08187052909547,,0.0,0.0,0.0,0.0,46.76747322800663,optimal
2021-02-12 12:00:00,5,47,0.3075225221064608,0.0,0.0,0.07066666666666667,13.188,6.0,0,20.0,,922.5675663193824,0.0,0.0,0.0,46.592101571224475,optimal
2021-02-12 12:30:00,5,47,0.27997656855733927,0.0,0.0,0.1454,12.5685,6.0,0,20.0,,839.9297056720177,0.0,0.0,0.0,46.41690528609911,optimal
2021-02-12 13:00:00,5,47,0.3068529915095583,0.0,0.0,0.071,12.285,6.0,0,20.0,,920.558974528675,0.0,0.0,0.0,46.24188419725886,optimal
2021-02-12 13:30:00,5,47,1.9108680350239784,0.0,0.0,0.1454,11.487,6.0,0,20.0,,5732.604105071935,0.0,0.0,0.0,46.06703812950746,optimal
2021-02-12 14:00:00,5,47,0.0,0.0,0.0,0.071,11.802,6.0,0,20.346410049988425,,0.0,0.0,0.0,0.0,45.892366907823806,optimal
2021-02-12 14:30:00,5,47,2.3333333333333335,0.0,0.0,0.07513333333333334,11.2245,6.0,0,20.261661892950453,,7000.0,0.0,0.0,0.0,45.71787035736184,optimal
2021-02-12 15:00:00,5,47,2.3333333333333335,0.0,0.0,0.1316,11.025,6.0,0,20.674952121252417,,7000.0,0.0,0.0,0.0,45.54354830345033,optimal
2021-02-12 15:30:00,5,47,2.3333333333333335,0.0,0.0,0.07479999999999999,11.907,6.0,0,21.066864094525396,,7000.0,0.0,0.0,0.0,45.369400571592735,optimal
2021-02-12 16:00:00,5,47,0.0,0.0,0.0,0.1512666666666667,25.83,6.0,0,21.447720948298926,,0.0,0.0,0.0,0.0,45.195426987466995,optimal
2021-02-12 16:30:00,5,47,0.0,0.0,0.0,0.20033333333333328,28.035,6.0,0,21.294968878073686,,0.0,0.0,0.0,0.0,45.02162737692538,optimal
2021-02-12 17:00:00,5,47,0.0,0.0,0.0,0.4352,28.119,6.0,0,21.154285978725884,,0.0,0.0,0.0,0.0,44.84800156599431,optimal
2021-02-12 17:30:00,5,47,0.0,0.0,0.0,0.2699,30.156,6.0,0,20.978871557061375,,0.0,0.0,0.0,0.0,44.67454938087417,optimal
2021-02-12 18:00:00,5,47,0.0,0.0,0.0,0.4144,29.1585,6.0,0,20.795013194171762,,0.0,0.0,0.0,0.0,44.50127064793915,optimal
2021-02-12 18:30:00,5,47,0.0,0.0,0.0,0.12766666666666668,26.712,6.0,0,20.59351699649036,,0.0,0.0,0.0,0.0,44.328165193737064,optimal
2021-02-12 19:00:00,5,47,0.0,0.0,0.0,0.3323666666666667,15.435,6.0,0,20.3838425366532,,0.0,0.0,0.0,0.0,44.15523284498918,optimal
2021-02-12 19:30:00,5,47,0.0,0.0,0.0,0.28703333333333336,13.566,6.0,0,20.195949191448058,,0.0,0.0,0.0,0.0,43.98247342859005,optimal
2021-02-12 20:00:00,5,47,0.7823187329170893,0.0,0.0,0.38256666666666667,12.789,6.0,0,20.0,,2346.956198751268,0.0,0.0,0.0,43.938490955161456,optimal
2021-02-12 20:30:00,5,47,0.0,0.0,0.0,0.2911666666666667,12.1275,6.0,0,20.0,,0.0,0.0,0.0,0.0,43.89455246420629,optimal
2021-02-12 21:00:00,5,47,0.0,0.0,0.0,0.2145,13.671,6.0,0,19.822826878008502,,0.0,0.0,0.0,0.0,43.85065791174208,optimal
2021-02-12 21:30:00,5,47,0.0,0.0,0.0,0.5616666666666666,10.668,6.0,0,19.638441716744246,,0.0,0.0,0.0,0.0,43.80680725383034,optimal
2021-02-12 22:00:00,5,47,0.0,0.0,0.0,0.22246666666666667,11.7285,6.0,0,19.4808578585646,,0.0,0.0,0.0,0.0,43.76300044657651,optimal
2021-02-12 22:30:00,5,47,0.0,0.0,0.0,0.3801333333333333,11.025,6.0,0,19.289071491060646,,0.0,0.0,0.0,0.0,43.71923744612994,optimal
2021-02-12 23:00:00,5,47,0.0,0.0,0.0,0.10406666666666667,10.689,6.0,0,19.10033418095092,,0.0,0.0,0.0,0.0,43.675518208683805,optimal
2021-02-12 23:30:00,5,47,0.0,0.0,0.0,0.12473333333333332,8.1585,6.0,0,18.88601518152611,,0.0,0.0,0.0,0.0,43.63184269047512,optimal
2021-02-13 00:00:00,5,47,2.3333333333333335,0.0,0.0,0.06,8.1585,6.0,-3,18.88601518152611,,7000.0,0.0,0.0,0.0,43.588210847784644,optimal
2021-02-13 00:30:00,5,47,0.0,0.0,0.0,0.06,9.4815,6.0,-3,19.169850046635982,,0.0,0.0,0.0,0.0,43.54462263693686,optimal
2021-02-13 01:00:00,5,47,2.3333333333333335,0.0,0.0,0.2554,8.379,6.0,-3,18.953021369141926,,2193.0,0.0,4807.0,0.0,43.50107801429992,optimal
2021-02-13 01:30:00,5,47,0.0,0.0,0.0,0.06,9.5235,6.0,-3,18.909211155136656,,0.0,0.0,0.0,0.0,43.45757693628562,optimal
2021-02-13 02:00:00,5,47,2.3333333333333335,0.0,0.543478265631704,0.3158333333333333,8.1375,6.0,-3,18.696608981271947,,7000.0,0.0,0.0,0.0,43.672271535524395,optimal
2021-02-13 02:30:00,5,47,0.0,0.0,0.0,0.18893333333333331,10.0905,6.0,-3,19.00820122119946,,0.0,0.0,0.0,0.0,43.62859926398887,optimal
2021-02-13 03:00:00,5,47,2.3333333333333335,0.0,5.0,0.077,7.539,6.0,-3,18.811219265407797,,7000.0,0.0,0.0,0.0,45.95997066472487,optimal
2021-02-13 03:30:00,5,47,2.3333333333333335,0.0,5.0,0.2303,7.938,6.0,-3,19.09948384017229,,7000.0,0.0,0.0,0.0,48.289010694060146,optimal
2021-02-13 04:00:00,5,47,2.3333333333333335,0.0,0.0,0.0851,8.274,6.0,-3,19.394688643144125,,7000.0,0.0,0.0,0.0,48.240721683366075,optimal
2021-02-13 04:30:00,5,47,2.3333333333333335,0.0,0.0,0.1822,9.261,6.0,-3,19.67551947402948,,7000.0,0.0,0.0,0.0,48.192480961682705,optimal
2021-02-13 05:00:00,5,47,2.3333333333333335,0.0,0.0,0.13319999999999999,9.9225,6.0,-3,19.958794067025085,,7000.0,0.0,0.0,0.0,48.144288480721016,optimal
2021-02-13 05:30:00,5,47,2.3333333333333335,0.0,0.0,0.12226666666666668,9.702,6.0,-3,20.234091415708075,,7000.0,0.0,0.0,0.0,48.096144192240295,optimal
2021-02-13 06:00:00,5,47,2.249401716116286,0.0,0.0,0.10443333333333334,10.584,6.0,-3,20.51743380693982,,6748.205148348858,0.0,0.0,0.0,48.048048048048045,optimal
2021-02-13 06:30:00,5,47,2.3333333333333335,0.0,0.0,0.3964666666666666,10.143,6.0,-3,20.794863720915945,,7000.0,0.0,0.0,0.0,48.0,optimal
2021-02-13 07:00:00,5,47,0.0,0.0,0.0,0.10353333333333331,13.0095,6.0,-3,21.12180249168146,,0.0,0.0,0.0,0.0,47.941900009304405,optimal
2021-02-13 07:30:00,5,47,0.0,0.0,0.0,0.26996666666666663,11.025,6.0,-3,20.925177235038458,,0.0,0.0,0.0,0.0,47.883858118599505,optimal
2021-02-13 08:00:00,5,47,0.0,0.0,0.0,0.2926666666666667,12.789,6.0,-3,20.733883850716364,,0.0,0.0,0.0,0.0,47.82587426978531,optimal
2021-02-13 08:30:00,5,47,0.0,0.0,0.0,0.2662,12.1275,6.0,-3,20.561327536072888,,0.0,0.0,0.0,0.0,47.76794840481993,optimal
2021-02-13 09:00:00,5,47,0.0,0.0,0.0,0.3823333333333333,12.1695,6.0,-3,20.391327304402857,,0.0,0.0,0.0,0.0,47.71008046571952,optimal
2021-02-13 09:30:00,5,47,0.0,0.0,0.0,1.5979333333333334,12.306,6.0,-3,20.26642414410202,,0.0,0.0,0.0,0.0,47.65227039455821,optimal
2021-02-13 10:00:00,5,47,0.0,0.0,0.0,0.3282,13.23,6.0,-3,20.19861389169723,,0.0,0.0,0.0,0.0,47.59451813346806,optimal
2021-02-13 10:30:00,5,47,0.0,0.0,0.0,0.4584,13.671,6.0,-3,20.125725972650468,,0.0,0.0,0.0,0.0,47.536823624639,optimal
2021-02-13 11:00:00,5,47,0.0,0.0,0.0,0.34946666666666665,13.9335,6.0,-3,20.053687842702324,,0.0,0.0,0.0,0.0,47.479186810318765,optimal
2021-02-13 11:30:00,5,47,0.0,0.0,0.0,0.3807,13.293,6.0,-3,20.03073532852445,,0.0,0.0,0.0,0.0,47.42160763281285,optimal
2021-02-13 12:00:00,5,47,0.31963694014585864,0.0,0.0,0.1393,12.1065,6.0,-3,20.0,,958.9108204375759,0.0,0.0,0.0,47.364086034484444,optimal
2021-02-13 12:30:00,5,47,0.3726894774920579,0.0,0.0,0.07,11.571,6.0,-3,20.0,,1118.0684324761737,0.0,0.0,0.0,47.306621957754366,optimal
2021-02-13 13:00:00,5,47,2.3333333333333335,0.0,0.0,0.26539999999999997,11.025,6.0,-3,20.0,,7000.0,0.0,0.0,0.0,47.24921534510102,optimal
2021-02-13 13:30:00,5,47,2.3333333333333335,0.0,0.0,0.07,10.8465,6.0,-3,20.443754672048268,,7000.0,0.0,0.0,0.0,47.19186613906032,optimal
2021-02-13 14:00:00,5,47,2.3333333333333335,0.0,0.0,0.20980000000000001,11.2455,6.0,-3,20.869581546733365,,7000.0,0.0,0.0,0.0,47.13457428222567,optimal
2021-02-13 14:30:00,5,47,0.0,0.0,0.0,0.1256,23.8665,6.0,-3,21.259856634533413,,0.0,0.0,0.0,0.0,47.07733971724785,optimal
2021-02-13 15:00:00,5,47,0.0,0.0,0.0,0.07,27.4575,6.0,-3,21.1428174253601,,0.0,0.0,0.0,0.0,47.02016238683501,optimal
2021-02-13 15:30:00,5,47,0.0,0.0,0.0,0.087,27.3735,6.0,-3,20.989378355605385,,0.0,0.0,0.0,0.0,46.96304223375258,optimal
2021-02-13 16:00:00,5,47,0.0,0.0,0.0,0.1142,30.4605,6.0,-3,20.837774806313313,,0.0,0.0,0.0,0.0,46.90597920082323,optimal
2021-02-13 16:30:00,5,47,0.0,0.0,0.0,0.2042,30.0195,6.0,-3,20.64960599802736,,0.0,0.0,0.0,0.0,46.848973230926816,optimal
2021-02-13 17:00:00,5,47,0.0,0.0,0.0,0.07,26.9325,6.0,-3,20.470044300728674,,0.0,0.0,0.0,0.0,46.79202426700029,optimal
2021-02-13 17:30:00,5,47,0.0,0.0,0.0,0.131,14.595,6.0,-3,20.24805256025954,,0.0,0.0,0.0,0.0,46.7351322520377,optimal
2021-02-13 18:00:00,5,47,0.8302002856926215,0.0,0.0,0.2737333333333333,12.4845,6.0,-3,20.03182954499609,,2490.6008570778645,0.0,0.0,0.0,46.67829712909007,optimal
2021-02-13 18:30:00,5,47,0.9066222985048122,0.0,0.0,0.278,12.1275,6.0,-3,20.0,,2719.8668955144367,0.0,0.0,0.0,46.621518841265384,optimal
2021-02-13 19:00:00,5,47,1.7957840023718226,0.0,0.0,0.4139,12.1275,6.0,-3,20.0,,5387.352007115467,0.0,0.0,0.0,46.56479733172853,optimal
2021-02-13 19:30:00,5,47,0.0,0.0,0.0,0.43723333333333336,12.789,6.0,-3,20.195035104011406,,0.0,0.0,0.0,0.0,46.50813254370121,optimal
2021-02-13 20:00:00,5,47,0.8482187329170892,0.0,0.0,0.3842,11.907,6.0,-3,20.0,,2544.6561987512673,0.0,0.0,0.0,46.451524420461915,optimal
2021-02-13 20:30:00,5,47,0.0,0.0,0.0,0.1565,11.025,6.0,-3,20.0,,0.0,0.0,0.0,0.0,46.39497290534586,optimal
2021-02-13 21:00:00,5,47,0.0,0.0,0.0,0.33726666666666666,8.2005,6.0,-3,19.821187068892524,,0.0,0.0,0.0,0.0,46.33847794174492,optimal
2021-02-13 21:30:00,5,47,0.0,0.0,0.0,0.4518333333333333,9.5655,6.0,-3,19.660576361334307,,0.0,0.0,0.0,0.0,46.28203947310758,optimal
2021-02-13 22:00:00,5,47,0.0,0.0,0.0,0.4793,7.056,6.0,-3,19.513821472650477,,0.0,0.0,0.0,0.0,46.235757433634475,optimal
2021-02-13 22:30:00,5,47,0.0,0.0,0.0,0.5133,9.3975,6.0,-3,19.372449445784287,,0.0,0.0,0.0,0.0,46.18952167620084,optimal
2021-02-13 23:00:00,5,47,0.0,0.0,0.0,0.1142,10.059,6.0,-3,19.203373682420683,,0.0,0.0,0.0,0.0,46.14333215452464,optimal
2021-02-13 23:30:00,5,47,0.0,0.0,0.0,0.08266666666666667,9.261,6.0,-3,18.99105407725755,,0.0,0.0,0.0,0.0,46.09718882237012,optimal
2021-02-07 00:00:00,6,47,0.0,0.0,0.0,0.06,6.615,6.0,-4,21.0,,0.0,0.0,0.0,0.0,47.952,optimal
2021-02-07 00:30:00,6,47,0.0,0.0,0.0,0.16333333333333333,6.174,6.0,-4,20.793587200964616,,0.0,0.0,0.0,0.0,47.904047999999996,optimal
2021-02-07 01:00:00,6,47,2.3333333333333335,0.0,0.0,0.06,3.906,6.0,-4,20.595771799226572,,7000.0,0.0,0.0,0.0,47.856143952,optimal
2021-02-07 01:30:00,6,47,2.3333333333333335,0.0,0.0,0.14783333333333334,2.3415,6.0,-4,20.88967556780928,,7000.0,0.0,0.0,0.0,47.80828780804799,optimal
2021-02-07 02:00:00,6,47,2.3333333333333335,0.0,0.0,0.0755,2.205,6.0,-4,21.18579670944876,,7000.0,0.0,0.0,0.0,47.76047952023995,optimal
2021-02-07 02:30:00,6,47,2.3333333333333335,0.0,2.4411451954300465,0.06,0.882,6.0,-4,21.472716282526488,,7000.0,0.0,0.0,0.0,48.87226300854897,optimal
2021-02-07 03:00:00,6,47,2.3333333333333335,0.0,0.0,0.14783333333333334,1.5435,6.0,-4,21.753998811762685,,7000.0,0.0,0.0,0.0,48.823390745540415,optimal
2021-02-07 03:30:00,6,47,2.3333333333333335,0.0,0.0,0.0755,1.5435,6.0,-4,22.037060654070203,,7000.0,0.0,0.0,0.0,48.774567354794875,optimal
2021-02-07 04:00:00,6,47,2.3333333333333335,0.0,0.0,0.09616666666666669,5.0715,6.0,-4,22.31107397613473,,7000.0,0.0,0.0,0.0,48.72579278744007,optimal
2021-02-07 04:30:00,6,47,1.8512030063702034,0.0,0.0,0.12716666666666668,5.376,6.0,-4,22.582760086266507,,5553.6090191106105,0.0,0.0,0.0,48.67706699465263,optimal
2021-02-07 05:00:00,6,47,2.3333333333333335,0.0,0.0,0.06,5.0715,6.0,-4,22.750582761145182,,7000.0,0.0,0.0,0.0,48.62838992765797,optimal
2021-02-07 05:30:00,6,47,0.0,0.0,0.0,0.122,5.5125,6.0,-4,23.014545450001414,,0.0,0.0,0.0,0.0,48.579761537730306,optimal
2021-02-07 06:00:00,6,47,0.0,0.0,0.0,0.10133333333333332,9.261,6.0,-4,22.781901689728482,,0.0,0.0,0.0,0.0,48.53118177619257,optimal
2021-02-07 06:30:00,6,47,0.0,0.0,0.0,0.06416666666666668,11.7075,6.0,-4,22.55051433678672,,0.0,0.0,0.0,0.0,48.48265059441637,optimal
2021-02-07 07:00:00,6,47,0.0,0.0,0.0,2.5627,12.348,6.0,-4,22.342153666605228,,0.0,0.0,0.0,0.0,48.434167943821954,optimal
2021-02-07 07:30:00,6,47,0.0,0.0,0.0,2.842,12.348,6.0,-4,22.179854516966337,,0.0,0.0,0.0,0.0,48.38573377587813,optimal
2021-02-07 08:00:00,6,47,0.0,0.0,0.0,2.6758,12.1275,6.0,-4,22.0,,0.0,0.0,0.0,0.0,48.33734804210225,optimal
2021-02-07 08:30:00,6,47,0.0,0.0,0.0,0.09993333333333333,12.5265,6.0,-4,21.817965913289328,,0.0,0.0,0.0,0.0,48.289010694060146,optimal
2021-02-07 09:00:00,6,47,0.0,0.0,0.0,0.2057,11.7495,6.0,-4,21.635536824274453,,0.0,0.0,0.0,0.0,48.240721683366075,optimal
2021-02-07 09:30:00,6,47,0.0,0.0,0.0,2.001633333333333,13.23,6.0,-4,21.463907390458523,,0.0,0.0,0.0,0.0,48.192480961682705,optimal
2021-02-07 10:00:00,6,47,0.0,0.0,0.0,0.8070333333333333,14.3325,6.0,-4,21.360236522510803,,0.0,0.0,0.0,0.0,48.144288480721016,optimal
2021-02-07 10:30:00,6,47,0.0,0.0,0.0,0.4667,14.994,6.0,-4,21.21300168606215,,0.0,0.0,0.0,0.0,48.096144192240295,optimal
2021-02-07 11:00:00,6,47,0.0,0.0,0.0,2.6066,14.8155,6.0,-4,21.066474062621403,,0.0,0.0,0.0,0.0,48.048048048048045,optimal
2021-02-07 11:30:00,6,47,0.0,0.0,0.0,0.5538333333333334,14.112,6.0,-4,20.961463569639083,,0.0,0.0,0.0,0.0,48.0,optimal
2021-02-07 12:00:00,6,47,0.0,0.0,0.0,0.1704,14.007,6.0,-4,20.83597761757404,,0.0,0.0,0.0,0.0,47.8573889380061,optimal
2021-02-07 12:30:00,6,47,0.0,0.0,0.0,2.596633333333333,13.23,6.0,-4,20.701828951954372,,0.0,0.0,0.0,0.0,47.7149204870742,optimal
2021-02-07 13:00:00,6,47,2.3333333333333335,0.0,0.0,2.918433333333333,11.382,6.0,-4,20.619020804195358,,7000.0,0.0,0.0,0.0,47.57259450459323,optimal
2021-02-07 13:30:00,6,47,0.6343528627480909,0.0,0.0,0.44903333333333334,11.7495,6.0,-4,21.028154235351323,,1903.0585882442724,0.0,0.0,0.0,47.430410848094745,optimal
2021-02-07 14:00:00,6,47,0.0,0.0,0.0,0.5035666666666667,24.3285,6.0,-4,21.04183846145763,,0.0,0.0,0.0,0.0,47.288369375252756,optimal
2021-02-07 14:30:00,6,47,0.0,0.0,0.0,1.5301,28.917,6.0,-4,20.936777582234736,,0.0,0.0,0.0,0.0,47.14646994388361,optimal
2021-02-07 15:00:00,6,47,0.0,0.0,0.0,0.1833333333333333,31.3635,6.0,-4,20.803574140458426,,0.0,0.0,0.0,0.0,47.00471241194583,optimal
2021-02-07 15:30:00,6,47,0.0,0.0,0.0,0.21580000000000002,33.306,6.0,-4,20.67166088356899,,0.0,0.0,0.0,0.0,46.86309663753999,optimal
2021-02-07 16:00:00,6,47,0.0,0.0,0.0,0.2069333333333333,31.3425,6.0,-4,20.541173589237246,,0.0,0.0,0.0,0.0,46.72162247890856,optimal
2021-02-07 16:30:00,6,47,0.0,0.0,0.0,0.2503,28.2555,6.0,-4,20.372623300326563,,0.0,0.0,0.0,0.0,46.58028979443576,optimal
2021-02-07 17:00:00,6,47,0.0,0.0,0.0,0.07,15.6975,6.0,-4,20.20842730662298,,0.0,0.0,0.0,0.0,46.43909844264743,optimal
2021-02-07 17:30:00,6,47,0.9597792795798242,0.0,0.0,0.07,12.5475,6.0,-4,20.0,,2879.3378387394728,0.0,0.0,0.0,46.298048282210885,optimal
2021-02-07 18:00:00,6,47,1.6144004583005296,0.0,0.0,0.17333333333333334,12.0855,6.0,-4,20.0,,4843.201374901589,0.0,0.0,0.0,46.15713917193478,optimal
2021-02-07 18:30:00,6,47,2.3333333333333335,0.0,0.0,0.07,11.907,6.0,-4,20.139468406737947,,7000.0,0.0,0.0,0.0,46.01637097076895,optimal
2021-02-07 19:00:00,6,47,0.0,0.0,0.0,0.07,12.5685,6.0,-4,20.423955123663227,,0.0,0.0,0.0,0.0,45.87574353780429,optimal
2021-02-07 19:30:00,6,47,0.0,0.0,0.0,0.15266666666666664,13.146,6.0,-4,20.207770658614198,,0.0,0.0,0.0,0.0,45.73525673227259,optimal
2021-02-07 20:00:00,6,47,0.9828967767557978,0.0,0.0,0.09066666666666669,10.584,6.0,-4,20.0,,2948.690330267393,0.0,0.0,0.0,45.59491041354642,optimal
2021-02-07 20:30:00,6,47,0.0,0.0,0.0,0.16373333333333331,6.678,6.0,-4,20.0,,0.0,0.0,0.0,0.0,45.45470444113898,optimal
2021-02-07 21:00:00,6,47,0.0,0.0,0.0,1.1895,7.938,6.0,-4,19.804072039179683,,0.0,0.0,0.0,0.0,45.40924973669784,optimal
2021-02-07 21:30:00,6,47,0.0,0.0,0.0,2.1186666666666665,5.292,6.0,-4,19.68828040508309,,0.0,0.0,0.0,0.0,45.36384048696114,optimal
2021-02-07 22:00:00,6,47,0.0,0.0,0.0,0.319,9.261,6.0,-4,19.571903889645206,,0.0,0.0,0.0,0.0,45.318476646474174,optimal
2021-02-07 22:30:00,6,47,0.0,0.0,0.0,0.153,10.3635,6.0,-4,19.43271470912206,,0.0,0.0,0.0,0.0,45.2731581698277,optimal
2021-02-07 23:00:00,6,47,0.0,0.0,0.0,0.12166666666666669,8.274,6.0,-4,19.25660327904853,,0.0,0.0,0.0,0.0,45.227885011657875,optimal
2021-02-07 23:30:00,6,47,0.0,0.0,0.0,0.121,7.7175,6.0,-4,19.067380985226468,,0.0,0.0,0.0,0.0,45.18265712664622,optimal
2021-02-08 00:00:00,6,47,2.3333333333333335,0.0,0.0,0.052,8.6835,6.0,-2,19.067380985226468,,7000.0,0.0,0.0,0.0,45.137474469519574,optimal
2021-02-08 00:30:00,6,47,2.3333333333333335,0.0,0.0,0.052,7.665,6.0,-2,19.36961636148584,,869.333333333333,0.0,6130.666666666667,0.0,45.092336995050054,optimal
2021-02-08 01:00:00,6,47,2.3333333333333335,0.0,0.0,0.192,6.7725,6.0,-2,19.23222388513964,,7000.0,0.0,0.0,0.0,45.04724465805501,optimal
2021-02-08 01:30:00,6,47,2.3333333333333335,0.0,0.0,0.05866666666666666,5.5755,6.0,-2,19.542485849145734,,7000.0,0.0,0.0,0.0,45.00219741339695,optimal
2021-02-08 02:00:00,6,47,2.3333333333333335,0.0,2.6214504091986983,0.12533333333333332,5.0925,6.0,-2,19.839041477064875,,7000.0,0.0,0.0,0.0,46.20238416035293,optimal
2021-02-08 02:30:00,6,47,2.3333333333333335,0.0,5.0,0.12533333333333332,4.1895,6.0,-2,20.13627777493914,,7000.0,0.0,0.0,0.0,48.53118177619257,optimal
2021-02-08 03:00:00,6,47,2.3333333333333335,0.0,0.0,0.052,7.056,6.0,-2,20.4306165896664,,7000.0,0.0,0.0,0.0,48.48265059441637,optimal
2021-02-08 03:30:00,6,47,2.3333333333333335,0.0,0.0,0.19866666666666663,5.271,6.0,-2,20.716875540848964,,7000.0,0.0,0.0,0.0,48.434167943821954,optimal
2021-02-08 04:00:00,6,47,2.3333333333333335,0.0,0.0,0.052,7.938,6.0,-2,21.00962638369267,,7000.0,0.0,0.0,0.0,48.38573377587813,optimal
2021-02-08 04:30:00,6,47,2.3333333333333335,0.0,0.0,0.052,7.938,6.0,-2,21.287927686860943,,7000.0,0.0,0.0,0.0,48.33734804210225,optimal
2021-02-08 05:00:00,6,47,0.0,0.0,0.0,0.12233333333333331,11.907,6.0,-2,21.561795491955337,,0.0,0.0,0.0,0.0,48.289010694060146,optimal
2021-02-08 05:30:00,6,47,2.3333333333333335,0.0,0.0,0.142,11.025,6.0,-2,21.338100764831957,,7000.0,0.0,0.0,0.0,48.240721683366075,optimal
2021-02-08 06:00:00,6,47,1.7855461822937966,0.0,0.0,0.07533333333333334,11.2875,6.0,-2,21.615313193594535,,5356.63854688139,0.0,0.0,0.0,48.192480961682705,optimal
2021-02-08 06:30:00,6,47,0.0,0.0,0.0,0.19533333333333328,12.936,6.0,-2,21.767053355192456,,0.0,0.0,0.0,0.0,48.144288480721016,optimal
2021-02-08 07:00:00,6,47,0.0,0.0,0.0,0.2807333333333333,13.0095,6.0,-2,21.54393731227052,,0.0,0.0,0.0,0.0,48.096144192240295,optimal
2021-02-08 07:30:00,6,47,0.0,0.0,0.0,0.214,13.671,6.0,-2,21.349861244548887,,0.0,0.0,0.0,0.0,48.048048048048045,optimal
2021-02-08 08:00:00,6,47,0.0,0.0,0.0,0.27613333333333334,13.188,6.0,-2,21.156357870449536,,0.0,0.0,0.0,0.0,48.0,optimal
2021-02-08 08:30:00,6,47,0.0,0.0,0.0,0.36926666666666663,13.8495,6.0,-2,20.962977106076195,,0.0,0.0,0.0,0.0,47.86380235998866,optimal
2021-02-08 09:00:00,6,47,0.0,0.0,0.0,0.213,13.23,6.0,-2,20.770652779572146,,0.0,0.0,0.0,0.0,47.72774091761733,optimal
2021-02-08 09:30:00,6,47,0.0,0.0,0.0,0.4546,13.3665,6.0,-2,20.598230392862106,,0.0,0.0,0.0,0.0,47.59181553668838,optimal
2021-02-08 10:00:00,6,47,0.0,0.0,0.0,0.4872666666666666,13.0515,6.0,-2,20.44237377172998,,0.0,0.0,0.0,0.0,47.45602608114035,optimal
2021-02-08 10:30:00,6,47,0.0,0.0,0.0,0.865,13.5345,6.0,-2,20.32387397710652,,0.0,0.0,0.0,0.0,47.32037241504787,optimal
2021-02-08 11:00:00,6,47,0.0,0.0,0.0,0.19433333333333327,14.154,6.0,-2,20.233533639728094,,0.0,0.0,0.0,0.0,47.18485440262148,optimal
2021-02-08 11:30:00,6,47,0.0,0.0,0.0,0.5219333333333332,14.112,6.0,-2,20.140980543553308,,0.0,0.0,0.0,0.0,47.04947190820752,optimal
2021-02-08 12:00:00,6,47,0.0,0.0,0.0,0.181,14.2485,6.0,-2,20.073986873222974,,0.0,0.0,0.0,0.0,46.914224796287975,optimal
2021-02-08 12:30:00,6,47,0.7673188869725256,0.0,0.0,0.41793333333333327,12.789,6.0,-2,20.0,,2301.9566609175768,0.0,0.0,0.0,46.77911293148035,optimal
2021-02-08 13:00:00,6,47,0.0,0.0,0.0,0.2044,13.0095,6.0,-2,20.110789880508275,,0.0,0.0,0.0,0.0,46.64413617853753,optimal
2021-02-08 13:30:00,6,47,2.3333333333333335,0.0,0.0,0.07,12.1275,6.0,-2,20.04004451120751,,7000.0,0.0,0.0,0.0,46.509294402347656,optimal
2021-02-08 14:00:00,6,47,2.3333333333333335,0.0,0.0,0.062,12.348,6.0,-2,20.453806659699886,,7000.0,0.0,0.0,0.0,46.37458746793397,optimal
2021-02-08 14:30:00,6,47,2.3333333333333335,0.0,0.0,0.062,12.348,6.0,-2,20.856906558954947,,7000.0,0.0,0.0,0.0,46.240015240454696,optimal
2021-02-08 15:00:00,6,47,0.0,0.0,0.0,0.102,25.389,6.0,-2,21.25352440985999,,0.0,0.0,0.0,0.0,46.1055775852029,optimal
2021-02-08 15:30:00,6,47,0.0,0.0,0.0,0.16866666666666666,29.1375,6.0,-2,21.11624250426171,,0.0,0.0,0.0,0.0,45.97127436760636,optimal
2021-02-08 16:00:00,6,47,0.0,0.0,0.0,0.062,30.597,6.0,-2,20.985897571879445,,0.0,0.0,0.0,0.0,45.837105453227416,optimal
2021-02-08 16:30:00,6,47,0.0,0.0,0.0,0.182,33.684,6.0,-2,20.811488513925777,,0.0,0.0,0.0,0.0,45.70307070776285,optimal
2021-02-08 17:00:00,6,47,0.0,0.0,0.0,0.08866666666666667,32.445,6.0,-2,20.645901342535367,,0.0,0.0,0.0,0.0,45.569169997043744,optimal
2021-02-08 17:30:00,6,47,0.0,0.0,0.0,0.09533333333333331,28.917,6.0,-2,20.432694908662917,,0.0,0.0,0.0,0.0,45.43540318703536,optimal
2021-02-08 18:00:00,6,47,0.0,0.0,0.0,0.17533333333333334,15.876,6.0,-2,20.220117459943665,,0.0,0.0,0.0,0.0,45.30177014383699,optimal
2021-02-08 18:30:00,6,47,0.9840092639411154,0.0,0.0,0.1315,12.348,6.0,-2,20.0,,2952.0277918233464,0.0,0.0,0.0,45.168270733681815,optimal
2021-02-08 19:00:00,6,47,1.7104477716962398,0.0,0.0,0.31993333333333335,12.1275,6.0,-2,20.0,,5131.3433150887195,0.0,0.0,0.0,45.034904822936795,optimal
2021-02-08 19:30:00,6,47,0.0,0.0,0.0,0.42093333333333327,12.348,6.0,-2,20.177937808833583,,0.0,0.0,0.0,0.0,44.901672278102524,optimal
2021-02-08 20:00:00,6,47,0.7235279205755982,0.0,0.0,0.6906,12.1275,6.0,-2,20.0,,2170.583761726795,0.0,0.0,0.0,44.768572965813085,optimal
2021-02-08 20:30:00,6,47,0.0,0.0,0.0,0.35686666666666667,12.1275,6.0,-2,20.0,,0.0,0.0,0.0,0.0,44.63560675283593,optimal
2021-02-08 21:00:00,6,47,0.0,0.0,0.0,0.12936666666666669,11.2665,6.0,-2,19.8275673643664,,0.0,0.0,0.0,0.0,44.50277350607176,optimal
2021-02-08 21:30:00,6,47,0.0,0.0,0.0,0.3146666666666667,10.143,6.0,-2,19.64345253710957,,0.0,0.0,0.0,0.0,44.37007309255435,optimal
2021-02-08 22:00:00,6,47,0.0,0.0,0.0,0.12826666666666667,11.2455,6.0,-2,19.45691551502924,,0.0,0.0,0.0,0.0,44.23750537945046,optimal
2021-02-08 22:30:00,6,47,0.0,0.0,0.0,0.317,11.025,6.0,-2,19.26403212388451,,0.0,0.0,0.0,0.0,44.19326787407101,optimal
2021-02-08 23:00:00,6,47,0.0,0.0,0.0,0.4308333333333333,5.9745,6.0,-2,19.095519063016955,,0.0,0.0,0.0,0.0,44.14907460619694,optimal
2021-02-08 23:30:00,6,47,0.0,0.0,0.0,0.06133333333333334,7.938,6.0,-2,18.94035692482794,,0.0,0.0,0.0,0.0,44.104925531590744,optimal
2021-02-09 00:00:00,6,47,2.3333333333333335,0.0,0.0,0.052333333333333336,11.823,6.0,-3,18.94035692482794,,7000.0,0.0,0.0,0.0,44.06082060605915,optimal
2021-02-09 00:30:00,6,47,2.3333333333333335,0.0,0.0,0.058333333333333334,11.7705,6.0,-3,19.24611901739361,,869.333333333333,0.0,6130.666666666667,0.0,44.0167597854531,optimal
2021-02-09 01:00:00,6,47,2.3333333333333335,0.0,0.0,0.061,11.13,6.0,-3,19.10472206175278,,7000.0,0.0,0.0,0.0,43.97274302566765,optimal
2021-02-09 01:30:00,6,47,2.3333333333333335,0.0,0.0,0.061,11.6865,6.0,-3,19.396959285354896,,7000.0,0.0,0.0,0.0,43.92877028264198,optimal
2021-02-09 02:00:00,6,47,2.3333333333333335,0.0,4.874027138650706,0.061,10.7205,6.0,-3,19.684599689012753,,7000.0,0.0,0.0,0.0,46.200004403218415,optimal
2021-02-09 02:30:00,6,47,2.3333333333333335,0.0,0.0,0.061,11.424,6.0,-3,19.96769714510849,,7000.0,0.0,0.0,0.0,46.15380439881519,optimal
2021-02-09 03:00:00,6,47,2.3333333333333335,0.0,5.0,0.061,10.689,6.0,-3,20.248062818062138,,7000.0,0.0,0.0,0.0,48.48265059441637,optimal
2021-02-09 03:30:00,6,47,2.3333333333333335,0.0,0.0,0.061,11.361,6.0,-3,20.52572872297699,,7000.0,0.0,0.0,0.0,48.434167943821954,optimal
2021-02-09 04:00:00,6,47,2.3333333333333335,0.0,0.0,0.061,11.571,6.0,-3,20.80131247422058,,7000.0,0.0,0.0,0.0,48.38573377587813,optimal
2021-02-09 04:30:00,6,47,0.0,0.0,0.0,0.061,14.3745,6.0,-3,21.07483847357058,,0.0,0.0,0.0,0.0,48.33734804210225,optimal
2021-02-09 05:00:00,6,47,2.3333333333333335,0.0,0.0,0.06066666666666666,13.23,6.0,-3,20.846063821563906,,7000.0,0.0,0.0,0.0,48.289010694060146,optimal
2021-02-09 05:30:00,6,47,0.0,0.0,0.0,0.06,13.9755,6.0,-3,21.122724990276485,,0.0,0.0,0.0,0.0,48.240721683366075,optimal
2021-02-09 06:00:00,6,47,0.0,0.0,0.0,0.061,14.994,6.0,-3,20.914064153361714,,0.0,0.0,0.0,0.0,48.192480961682705,optimal
2021-02-09 06:30:00,6,47,2.3333333333333335,0.0,0.0,0.061,13.671,6.0,-3,20.686001745350318,,7000.0,0.0,0.0,0.0,48.144288480721016,optimal
2021-02-09 07:00:00,6,47,0.0,0.0,0.0,0.06,15.981,6.0,-3,20.957949255228765,,0.0,0.0,0.0,0.0,48.096144192240295,optimal
2021-02-09 07:30:00,6,47,0.0,0.0,0.0,0.0615,15.6345,6.0,-3,20.735408617195954,,0.0,0.0,0.0,0.0,48.048048048048045,optimal
2021-02-09 08:00:00,6,47,0.0,0.0,0.0,0.22846666666666668,16.5375,6.0,-3,20.529149314945183,,0.0,0.0,0.0,0.0,48.0,optimal
2021-02-09 08:30:00,6,47,0.5612880202787253,0.0,0.0,0.061,14.7735,6.0,-3,20.318930377590586,,1683.864060836176,0.0,0.0,0.0,47.75648831807059,optimal
2021-02-09 09:00:00,6,47,0.0,0.0,0.0,0.061,15.2145,6.0,-3,20.20442549836402,,0.0,0.0,0.0,0.0,47.513220147823105,optimal
2021-02-09 09:30:00,6,47,0.9302622402048928,0.0,0.0,0.061,14.553,6.0,-3,20.0,,2790.7867206146784,0.0,0.0,0.0,47.270195245745875,optimal
2021-02-09 10:00:00,6,47,1.8756341643081298,0.0,0.0,0.061,14.3325,6.0,-3,20.0,,5626.90249292439,0.0,0.0,0.0,47.02741336857072,optimal
2021-02-09 10:30:00,6,47,0.0,0.0,0.0,0.061,14.595,6.0,-3,20.251047870728236,,0.0,0.0,0.0,0.0,46.78487427327274,optimal
2021-02-09 11:00:00,6,47,0.0,0.0,0.0,0.061,14.994,6.0,-3,20.101831342288165,,0.0,0.0,0.0,0.0,46.54257771707006,optimal
2021-02-09 11:30:00,6,47,0.46885665075512273,0.0,0.0,0.061,14.3325,6.0,-3,20.0,,1406.569952265368,0.0,0.0,0.0,46.30052345742358,optimal
2021-02-09 12:00:00,6,47,0.32626177866731665,0.0,0.0,0.061,13.8915,6.0,-3,20.0,,978.78533600195,0.0,0.0,0.0,46.058711252036744,optimal
2021-02-09 12:30:00,6,47,0.3290077322164374,0.0,0.0,0.061,13.8915,6.0,-3,20.0,,987.0231966493124,0.0,0.0,0.0,45.817140858855296,optimal
2021-02-09 13:00:00,6,47,2.3333333333333335,0.0,0.0,0.061,13.4715,6.0,-3,20.0,,7000.0,0.0,0.0,0.0,45.57581203606703,optimal
2021-02-09 13:30:00,6,47,2.3333333333333335,0.0,0.0,0.461,13.23,6.0,-3,20.434331851587217,,7000.0,0.0,0.0,0.0,45.33472454210155,optimal
2021-02-09 14:00:00,6,47,0.7250062437591961,0.0,0.0,1.4839666666666667,13.8915,6.0,-3,20.877526936251325,,2175.0187312775884,0.0,0.0,0.0,45.093878135630035,optimal
2021-02-09 14:30:00,6,47,0.0,0.0,0.0,0.6925333333333333,26.9325,6.0,-3,21.00453306543357,,0.0,0.0,0.0,0.0,44.85327257556499,optimal
2021-02-09 15:00:00,6,47,0.0,0.0,0.0,0.06,30.303,6.0,-3,20.959518012905633,,0.0,0.0,0.0,0.0,44.61290762106002,optimal
2021-02-09 15:30:00,6,47,0.0,0.0,0.0,0.06,32.886,6.0,-3,20.87570217262678,,0.0,0.0,0.0,0.0,44.37278303150955,optimal
2021-02-09 16:00:00,6,47,0.0,0.0,0.0,0.5045,34.9965,6.0,-3,20.78335116646125,,0.0,0.0,0.0,0.0,44.132898566548626,optimal
2021-02-09 16:30:00,6,47,0.0,0.0,0.0,2.727,33.327,6.0,-3,20.647962593225202,,0.0,0.0,0.0,0.0,43.89325398605266,optimal
2021-02-09 17:00:00,6,47,0.0,0.0,0.0,2.2825,31.122,6.0,-3,20.541794793867567,,0.0,0.0,0.0,0.0,43.6538490501372,optimal
2021-02-09 17:30:00,6,47,0.0,0.0,0.0,0.06,17.9025,6.0,-3,20.3835628256181,,0.0,0.0,0.0,0.0,43.41468351915765,optimal
2021-02-09 18:00:00,6,47,0.0,0.0,0.0,0.06,15.6555,6.0,-3,20.193437279106742,,0.0,0.0,0.0,0.0,43.37126883563849,optimal
2021-02-09 18:30:00,6,47,0.840836560855753,0.0,0.0,0.06996666666666666,14.553,6.0,-3,20.0,,2522.509682567259,0.0,0.0,0.0,43.327897566802854,optimal
2021-02-09 19:00:00,6,47,0.8291128295288489,0.0,0.0,0.073,14.3325,6.0,-3,20.0,,2487.3384885865466,0.0,0.0,0.0,43.28456966923605,optimal
2021-02-09 19:30:00,6,47,0.8480794961955167,0.0,0.0,0.08333333333333333,13.335,6.0,-3,20.0,,2544.2384885865504,0.0,0.0,0.0,43.24128509956682,optimal
2021-02-09 20:00:00,6,47,0.9145794961955165,0.0,0.0,0.073,12.1275,6.0,-3,20.0,,2604.405155253216,0.0,139.33333333333331,0.0,43.19804381446725,optimal
2021-02-09 20:30:00,6,47,0.0,0.0,0.0,0.073,12.2955,6.0,-3,20.0,,0.0,0.0,0.0,0.0,43.15484577065278,optimal
2021-02-09 21:00:00,6,47,0.0,0.0,0.0,0.13596666666666668,11.6865,6.0,-3,19.819162797232952,,0.0,0.0,0.0,0.0,43.111690924882126,optimal
2021-02-09 21:30:00,6,47,0.023222222222222217,0.0,0.0,1.0552000000000001,11.466,6.0,-3,19.635906056499966,,0.0,0.0,69.66666666666666,0.0,43.068579233957244,optimal
2021-02-09 22:00:00,6,47,0.0,0.0,0.0,0.2539666666666667,10.8045,6.0,-3,19.48642377945101,,0.0,0.0,0.0,0.0,43.025510654723284,optimal
2021-02-09 22:30:00,6,47,0.0,0.0,0.0,0.1393,10.584,6.0,-3,19.344680899773984,,0.0,0.0,0.0,0.0,42.98248514406856,optimal
2021-02-09 23:00:00,6,47,0.0,0.0,0.0,0.061,11.2455,6.0,-3,19.17220366985138,,0.0,0.0,0.0,0.0,42.939502658924496,optimal
2021-02-09 23:30:00,6,47,0.0,0.0,0.0,0.061,12.1275,6.0,-3,18.965726926064786,,0.0,0.0,0.0,0.0,42.89656315626557,optimal
2021-02-10 00:00:00,6,47,2.3333333333333335,0.0,0.0,0.2298,11.508,6.0,-6,18.965726926064786,,6512.333333333333,0.0,487.6666666666667,0.0,42.8536665931093,optimal
2021-02-10 00:30:00,6,47,2.3333333333333335,0.0,5.0,0.2376,10.4475,6.0,-6,19.24898066492843,,3377.3333333333335,0.0,3622.6666666666665,0.0,45.18581292651619,optimal
2021-02-10 01:00:00,6,47,2.3333333333333335,0.0,2.4401315867064897,0.0824,10.8675,6.0,-6,19.290482500257678,,7000.0,0.0,0.0,0.0,46.299689617275256,optimal
2021-02-10 01:30:00,6,47,2.3333333333333335,0.0,5.0,0.16519999999999999,10.542,6.0,-6,19.576973408079844,,7000.0,0.0,0.0,0.0,48.62838992765797,optimal
2021-02-10 02:00:00,6,47,2.3333333333333335,0.0,0.0,0.24266666666666664,11.025,6.0,-6,19.864824559004195,,7000.0,0.0,0.0,0.0,48.579761537730306,optimal
2021-02-10 02:30:00,6,47,2.3333333333333335,0.0,0.0,0.061200000000000004,11.025,6.0,-6,20.15364064168204,,7000.0,0.0,0.0,0.0,48.53118177619257,optimal
2021-02-10 03:00:00,6,47,2.3333333333333335,0.0,0.0,0.2804,14.553,6.0,-6,20.426163883316764,,7000.0,0.0,0.0,0.0,48.48265059441637,optimal
2021-02-10 03:30:00,6,47,2.3333333333333335,0.0,0.0,0.14166666666666666,13.0935,6.0,-6,20.711085398499872,,7000.0,0.0,0.0,0.0,48.434167943821954,optimal
2021-02-10 04:00:00,6,47,2.3333333333333335,0.0,0.0,0.1296,15.6345,6.0,-6,20.98279941706057,,7000.0,0.0,0.0,0.0,48.38573377587813,optimal
2021-02-10 04:30:00,6,47,0.0,0.0,0.0,0.13206666666666667,18.102,6.0,-6,21.250470761476734,,0.0,0.0,0.0,0.0,48.33734804210225,optimal
2021-02-10 05:00:00,6,47,0.0,0.0,0.0,0.1333,17.199,6.0,-6,21.01608552672439,,0.0,0.0,0.0,0.0,48.289010694060146,optimal
2021-02-10 05:30:00,6,47,0.0,0.0,0.0,0.14730000000000001,18.2805,6.0,-6,20.783362947603685,,0.0,0.0,0.0,0.0,48.240721683366075,optimal
2021-02-10 06:00:00,6,47,0.0,0.0,0.0,0.14993333333333334,17.4615,6.0,-6,20.55319165556339,,0.0,0.0,0.0,0.0,48.192480961682705,optimal
2021-02-10 06:30:00,6,47,0.0,0.0,0.0,0.2379333333333333,18.3225,6.0,-6,20.326890885363788,,0.0,0.0,0.0,0.0,48.144288480721016,optimal
2021-02-10 07:00:00,6,47,0.0,0.0,0.0,0.297,17.094,6.0,-6,20.120689810372863,,0.0,0.0,0.0,0.0,48.096144192240295,optimal
2021-02-10 07:30:00,6,47,1.1834215740187817,0.0,0.0,0.38939999999999997,17.094,6.0,-6,19.92890417088583,,3550.2647220563454,0.0,0.0,0.0,48.048048048048045,optimal
2021-02-10 08:00:00,6,47,1.784158855868387,0.0,0.0,0.216,17.094,6.0,-6,20.0,,5352.476567605161,0.0,0.0,0.0,48.0,optimal
2021-02-10 08:30:00,6,47,0.0,0.0,0.0,0.40573333333333333,17.3565,6.0,-6,20.18967225252904,,0.0,0.0,0.0,0.0,47.77409546155798,optimal
2021-02-10 09:00:00,6,47,0.7362242539285415,0.0,0.0,0.2662,17.115,6.0,-6,20.0,,2208.6727617856245,0.0,0.0,0.0,47.5484168276544,optimal
2021-02-10 09:30:00,6,47,0.8547293286209571,0.0,0.0,0.1904,17.241,6.0,-6,20.0,,2564.1879858628713,0.0,0.0,0.0,47.322963872384726,optimal
2021-02-10 10:00:00,6,47,0.6406271521951129,0.0,0.0,0.23146666666666668,17.094,6.0,-6,20.0,,1921.8814565853386,0.0,0.0,0.0,47.09773637007032,optimal
2021-02-10 10:30:00,6,47,2.3333333333333335,0.0,0.0,0.16340000000000002,16.5165,6.0,-6,20.0,,7000.0,0.0,0.0,0.0,46.87273409525823,optimal
2021-02-10 11:00:00,6,47,0.0,0.0,0.0,0.1514,17.8185,6.0,-6,20.35813230179899,,0.0,0.0,0.0,0.0,46.64795682272095,optimal
2021-02-10 11:30:00,6,47,0.6144301683645388,0.0,0.0,0.2552666666666667,17.094,6.0,-6,20.2484936054559,,1843.2905050936163,0.0,0.0,0.0,46.423404327456204,optimal
2021-02-10 12:00:00,6,47,2.3333333333333335,0.0,0.0,0.18680000000000002,16.8945,6.0,-6,20.27981670600532,,7000.0,0.0,0.0,0.0,46.19907638468673,optimal
2021-02-10 12:30:00,6,47,0.0,0.0,0.0,0.20346666666666666,18.123,6.0,-6,20.717102021385156,,0.0,0.0,0.0,0.0,45.97497276986002,optimal
2021-02-10 13:00:00,6,47,0.0,0.0,0.0,0.1088,31.647,6.0,-6,20.65252499001837,,0.0,0.0,0.0,0.0,45.75109325864813,optimal
2021-02-10 13:30:00,6,47,0.0,0.0,0.0,0.057,34.9965,6.0,-6,20.574767432859772,,0.0,0.0,0.0,0.0,45.52743762694746,optimal
2021-02-10 14:00:00,6,47,0.0,0.0,0.0,0.2904,34.9965,6.0,-6,20.49658042135092,,0.0,0.0,0.0,0.0,45.304005650878494,optimal
2021-02-10 14:30:00,6,47,0.0,0.0,0.0,0.0854,34.9965,6.0,-6,20.43259589174318,,0.0,0.0,0.0,0.0,45.080797106785596,optimal
2021-02-10 15:00:00,6,47,0.0,0.0,0.0,0.1822666666666667,34.9965,6.0,-6,20.35477919399284,,0.0,0.0,0.0,0.0,44.85781177123679,optimal
2021-02-10 15:30:00,6,47,0.0,0.0,0.0,0.1278,34.9965,6.0,-6,20.25389255476518,,0.0,0.0,0.0,0.0,44.63504942102353,optimal
2021-02-10 16:00:00,6,47,0.0,0.0,0.0,0.2032,27.741,6.0,-6,20.14797004150076,,0.0,0.0,0.0,0.0,44.412509833160485,optimal
2021-02-10 16:30:00,6,47,0.5771534365288493,0.0,0.0,0.35819999999999996,19.026,6.0,-6,20.0,,1731.460309586548,0.0,0.0,0.0,44.190192784885305,optimal
2021-02-10 17:00:00,6,47,0.7944445789831397,0.0,0.0,0.3484,18.7215,6.0,-6,20.0,,2383.333736949419,0.0,0.0,0.0,43.968098053658395,optimal
2021-02-10 17:30:00,6,47,0.7493541809895606,0.0,0.0,0.3373,17.4195,6.0,-6,20.0,,2248.062542968682,0.0,0.0,0.0,43.924129955604734,optimal
2021-02-10 18:00:00,6,47,0.818921884156909,0.0,0.0,0.35056666666666664,16.758,6.0,-6,20.0,,2456.765652470727,0.0,0.0,0.0,43.88020582564913,optimal
2021-02-10 18:30:00,6,47,1.2178561792165359,0.0,0.0,0.15319999999999998,14.217,6.0,-6,20.0,,2608.568537649608,0.0,1044.9999999999998,0.0,43.83632561982348,optimal
2021-02-10 19:00:00,6,47,0.7981460298317116,0.0,0.0,0.29656666666666665,13.3665,6.0,-6,20.0,,2394.4380894951346,0.0,0.0,0.0,43.792489294203655,optimal
2021-02-10 19:30:00,6,47,0.8285313531328662,0.0,0.0,0.31826666666666664,12.789,6.0,-6,20.0,,2485.594059398599,0.0,0.0,0.0,43.74869680490945,optimal
2021-02-10 20:00:00,6,47,0.9473722319895923,0.0,0.0,0.17343333333333333,11.907,6.0,-6,20.0,,2842.1166959687766,0.0,0.0,0.0,43.70494810810454,optimal
2021-02-10 20:30:00,6,47,0.0,0.0,0.0,0.2876666666666667,11.7075,6.0,-6,20.0,,0.0,0.0,0.0,0.0,43.66124315999643,optimal
2021-02-10 21:00:00,6,47,0.0928888888888889,0.0,0.0,0.16006666666666666,10.8045,6.0,-6,19.803833379527884,,0.0,0.0,278.6666666666667,0.0,43.617581916836436,optimal
2021-02-10 21:30:00,6,47,0.0,0.0,0.0,0.6286333333333334,11.508,6.0,-6,19.603871779096625,,0.0,0.0,0.0,0.0,43.5739643349196,optimal
2021-02-10 22:00:00,6,47,0.0,0.0,0.0,0.3120333333333334,11.508,6.0,-6,19.425604012465225,,0.0,0.0,0.0,0.0,43.53039037058468,optimal
2021-02-10 22:30:00,6,47,0.0,0.0,0.0,0.14106666666666667,11.508,6.0,-6,19.209933181815707,,0.0,0.0,0.0,0.0,43.4868599802141,optimal
2021-02-10 23:00:00,6,47,0.0,0.0,0.0,0.2845,11.844,6.0,-6,18.965300583456518,,0.0,0.0,0.0,0.0,43.443373120233886,optimal
2021-02-10 23:30:00,6,47,0.0,0.0,0.0,0.0629,11.508,6.0,-6,18.72329386672523,,0.0,0.0,0.0,0.0,43.39992974711365,optimal
2021-02-11 00:00:00,6,47,2.3333333333333335,0.0,0.0,0.05866666666666666,12.0855,6.0,-1,18.72329386672523,,7000.0,0.0,0.0,0.0,43.35652981736654,optimal
2021-02-11 00:30:00,6,47,2.3333333333333335,0.0,0.0,0.066,11.6865,6.0,-1,18.96884804593466,,2959.3333333333335,0.0,4040.6666666666665,0.0,43.313173287549176,optimal
2021-02-11 01:00:00,6,47,2.3333333333333335,0.0,0.0,0.11523333333333333,11.2245,6.0,-1,18.925276212632824,,7000.0,0.0,0.0,0.0,43.269860114261625,optimal
2021-02-11 01:30:00,6,47,2.3333333333333335,0.0,0.0,0.1715,11.025,6.0,-1,19.174309219019687,,7000.0,0.0,0.0,0.0,43.22659025414736,optimal
2021-02-11 02:00:00,6,47,2.3333333333333335,0.0,1.4331480666728538,0.066,10.7835,6.0,-1,19.424426039192312,,7000.0,0.0,0.0,0.0,43.864108995562816,optimal
2021-02-11 02:30:00,6,47,2.3333333333333335,0.0,0.0,0.22073333333333328,11.025,6.0,-1,19.66410720526966,,7000.0,0.0,0.0,0.0,43.82024488656725,optimal
2021-02-11 03:00:00,6,47,2.3333333333333335,0.0,5.0,0.066,10.584,6.0,-1,19.91081395351356,,7000.0,0.0,0.0,0.0,46.15142464168068,optimal
2021-02-11 03:30:00,6,47,2.3333333333333335,0.0,0.0,0.1715,11.025,6.0,-1,20.14245100377478,,7000.0,0.0,0.0,0.0,46.10527321703899,optimal
2021-02-11 04:00:00,6,47,2.3333333333333335,0.0,5.0,0.11523333333333333,10.4265,6.0,-1,20.381807671126975,,7000.0,0.0,0.0,0.0,48.434167943821954,optimal
2021-02-11 04:30:00,6,47,2.3333333333333335,0.0,0.0,0.11523333333333333,12.789,6.0,-1,20.61728671946328,,7000.0,0.0,0.0,0.0,48.38573377587813,optimal
2021-02-11 05:00:00,6,47,2.3333333333333335,0.0,0.0,0.1715,12.684,6.0,-1,20.850006073612718,,7000.0,0.0,0.0,0.0,48.33734804210225,optimal
2021-02-11 05:30:00,6,47,2.3333333333333335,0.0,0.0,0.066,16.254,6.0,-1,21.084000429220726,,7000.0,0.0,0.0,0.0,48.289010694060146,optimal
2021-02-11 06:00:00,6,47,2.090341110171365,0.0,0.0,0.18556666666666663,17.64,6.0,-1,21.310677950108865,,6271.023330514095,0.0,0.0,0.0,48.240721683366075,optimal
2021-02-11 06:30:00,6,47,0.0,0.0,0.0,0.10116666666666668,19.1625,6.0,-1,21.494280323058295,,0.0,0.0,0.0,0.0,48.192480961682705,optimal
2021-02-11 07:00:00,6,47,0.0,0.0,0.0,0.5738333333333334,26.46,6.0,-1,21.226587671264962,,0.0,0.0,0.0,0.0,48.144288480721016,optimal
2021-02-11 07:30:00,6,47,0.0,0.0,0.0,0.24106666666666662,20.79,6.0,-1,20.97681149762695,,0.0,0.0,0.0,0.0,48.096144192240295,optimal
2021-02-11 08:00:00,6,47,0.0,0.0,0.0,0.10106666666666667,29.106,6.0,-1,20.741952172567473,,0.0,0.0,0.0,0.0,48.048048048048045,optimal
2021-02-11 08:30:00,6,47,0.0,0.0,0.0,1.9765,19.1835,6.0,-1,20.506497710075678,,0.0,0.0,0.0,0.0,48.0,optimal
2021-02-11 09:00:00,6,47,0.0,0.0,0.0,0.4899333333333333,19.6665,6.0,-1,20.34653402860627,,0.0,0.0,0.0,0.0,47.74614626554069,optimal
2021-02-11 09:30:00,6,47,0.0,0.0,0.0,0.2305,19.404,6.0,-1,20.174830535916907,,0.0,0.0,0.0,0.0,47.49254638481584,optimal
2021-02-11 10:00:00,6,47,0.4183502212590638,0.0,0.0,0.7464333333333333,19.047,6.0,-1,20.0,,1255.0506637771914,0.0,0.0,0.0,47.23920010397171,optimal
2021-02-11 10:30:00,6,47,0.7534508401886869,0.0,0.0,1.9215,18.858,6.0,-1,20.0,,2260.352520566061,0.0,0.0,0.0,46.98610716940843,optimal
2021-02-11 11:00:00,6,47,0.0,0.0,0.0,0.2413333333333333,19.2675,6.0,-1,20.081402666530394,,0.0,0.0,0.0,0.0,46.73326732777971,optimal
2021-02-11 11:30:00,6,47,0.38691709205978375,0.0,0.0,0.2834333333333333,18.963,6.0,-1,20.0,,1160.7512761793512,0.0,0.0,0.0,46.480680325992616,optimal
2021-02-11 12:00:00,6,47,0.41488331019393576,0.0,0.0,0.211,18.438,6.0,-1,20.0,,1244.6499305818072,0.0,0.0,0.0,46.22834591120731,optimal
2021-02-11 12:30:00,6,47,0.0,0.0,0.0,0.1416,18.7425,6.0,-1,20.041797236295917,,0.0,0.0,0.0,0.0,45.97626383083679,optimal
2021-02-11 13:00:00,6,47,2.3333333333333335,0.0,0.0,0.22073333333333328,15.2145,6.0,-1,20.0,,7000.0,0.0,0.0,0.0,45.724433832546644,optimal
2021-02-11 13:30:00,6,47,0.0,0.0,0.0,0.066,17.7765,6.0,-1,20.45461194283549,,0.0,0.0,0.0,0.0,45.47285566425479,optimal
2021-02-11 14:00:00,6,47,0.7967960257537666,0.0,0.0,0.1715,16.758,6.0,-1,20.3961384254401,,2390.3880772612997,0.0,0.0,0.0,45.22152907413122,optimal
2021-02-11 14:30:00,6,47,2.3333333333333335,0.0,0.0,0.11523333333333333,16.422,6.0,-1,20.521175628880616,,7000.0,0.0,0.0,0.0,44.970453810597775,optimal
2021-02-11 15:00:00,6,47,2.3333333333333335,0.0,0.0,0.066,16.758,6.0,-1,20.96453361954553,,7000.0,0.0,0.0,0.0,44.719629622327865,optimal
2021-02-11 15:30:00,6,47,0.0,0.0,0.0,0.1504,29.358,6.0,-1,21.35958874637357,,0.0,0.0,0.0,0.0,44.469056258246226,optimal
2021-02-11 16:00:00,6,47,0.0,0.0,0.0,0.13633333333333333,34.9965,6.0,-1,21.24461702893165,,0.0,0.0,0.0,0.0,44.21873346752867,optimal
2021-02-11 16:30:00,6,47,0.0,0.0,0.0,0.066,34.65,6.0,-1,21.071235462850716,,0.0,0.0,0.0,0.0,43.96866099960183,optimal
2021-02-11 17:00:00,6,47,0.0,0.0,0.0,0.3551,34.9965,6.0,-1,20.88433535801109,,0.0,0.0,0.0,0.0,43.71883860414292,optimal
2021-02-11 17:30:00,6,47,0.0,0.0,0.0,0.7394,34.9965,6.0,-1,20.6551677444722,,0.0,0.0,0.0,0.0,43.675119765538774,optimal
2021-02-11 18:00:00,6,47,0.0,0.0,0.0,0.4903333333333333,30.4815,6.0,-1,20.440029679421315,,0.0,0.0,0.0,0.0,43.631444645773236,optimal
2021-02-11 18:30:00,6,47,0.0,0.0,0.0,0.29946666666666666,21.4305,6.0,-1,20.23225227738828,,0.0,0.0,0.0,0.0,43.58781320112746,optimal
2021-02-11 19:00:00,6,47,1.077174237213924,0.0,0.0,0.8674333333333333,14.3325,6.0,-1,20.0,,3231.5227116417723,0.0,0.0,0.0,43.54422538792633,optimal
2021-02-11 19:30:00,6,47,2.3333333333333335,0.0,0.0,1.1870666666666667,13.692,6.0,-1,20.0,,3236.875148666192,0.0,3763.124851333808,0.0,43.500681162538406,optimal
2021-02-11 20:00:00,6,47,1.5652764670078447,0.0,0.0,0.6047666666666667,14.007,6.0,-1,20.0,,3582.2875856906753,0.0,1113.5418153328587,0.0,43.457180481375865,optimal
2021-02-11 20:30:00,6,47,0.0,0.0,0.0,0.6908666666666666,12.873,6.0,-1,20.0,,0.0,0.0,0.0,0.0,43.41372330089449,optimal
2021-02-11 21:00:00,6,47,0.0,0.0,0.0,0.38156666666666667,12.684,6.0,-1,19.742652572063793,,0.0,0.0,0.0,0.0,43.370309577593595,optimal
2021-02-11 21:30:00,6,47,0.023222222222222217,0.0,0.0,1.4781333333333335,12.306,6.0,-1,19.481180365592984,,0.0,0.0,69.66666666666666,0.0,43.326939268016,optimal
2021-02-11 22:00:00,6,47,0.023222222222222217,0.0,0.0,1.2929666666666666,10.6365,6.0,-1,19.25164645040528,,0.0,0.0,69.66666666666666,0.0,43.283612328747985,optimal
2021-02-11 22:30:00,6,47,0.0,0.0,0.0,0.9953666666666667,11.2455,6.0,-1,19.014310487269523,,0.0,0.0,0.0,0.0,43.240328716419235,optimal
2021-02-11 23:00:00,6,47,0.0,0.0,0.0,0.4720666666666667,11.2455,6.0,-1,18.77111860333448,,0.0,0.0,0.0,0.0,43.19708838770281,optimal
2021-02-11 23:30:00,6,47,0.0,0.0,0.0,0.8132333333333334,11.025,6.0,-1,18.51225517890831,,0.0,0.0,0.0,0.0,43.15389129931511,optimal
2021-02-12 00:00:00,6,47,2.3333333333333335,0.0,5.0,0.058,8.1585,6.0,1,18.51225517890831,,7000.0,0.0,0.0,0.0,45.4857374080158,optimal
2021-02-12 00:30:00,6,47,2.3333333333333335,0.0,0.0,0.058,10.3635,6.0,1,18.722922521755475,,3656.0,0.0,3344.0,0.0,45.440251670607786,optimal
2021-02-12 01:00:00,6,47,2.3333333333333335,0.0,0.0,0.14466666666666667,10.8045,6.0,1,18.693255964561057,,7000.0,0.0,0.0,0.0,45.39481141893718,optimal
2021-02-12 01:30:00,6,47,2.3333333333333335,0.0,0.0,0.12179999999999999,11.025,6.0,1,18.907966833043808,,7000.0,0.0,0.0,0.0,45.34941660751824,optimal
2021-02-12 02:00:00,6,47,2.3333333333333335,0.0,0.0,0.2985333333333334,10.3635,6.0,1,19.11970679988083,,7000.0,0.0,0.0,0.0,45.30406719091072,optimal
2021-02-12 02:30:00,6,47,2.3333333333333335,0.0,0.0,0.058,10.8045,6.0,1,19.342708604555593,,7000.0,0.0,0.0,0.0,45.25876312371981,optimal
2021-02-12 03:00:00,6,47,2.3333333333333335,0.0,0.0,0.16103333333333333,10.059,6.0,1,19.549503202017416,,7000.0,0.0,0.0,0.0,45.21350436059609,optimal
2021-02-12 03:30:00,6,47,2.3333333333333335,0.0,0.0,0.25930000000000003,10.584,6.0,1,19.764719073272502,,7000.0,0.0,0.0,0.0,45.168290856235494,optimal
2021-02-12 04:00:00,6,47,2.3333333333333335,0.0,5.0,0.058,9.4185,6.0,1,19.992606259079604,,7000.0,0.0,0.0,0.0,47.498122565379255,optimal
2021-02-12 04:30:00,6,47,2.3333333333333335,0.0,0.0,0.298,10.3635,6.0,1,20.21170751974098,,7000.0,0.0,0.0,0.0,47.450624442813876,optimal
2021-02-12 05:00:00,6,47,2.3333333333333335,0.0,1.8649197382928144,0.12233333333333331,9.8385,6.0,1,20.45351631777102,,7000.0,0.0,0.0,0.0,48.289010694060146,optimal
2021-02-12 05:30:00,6,47,2.3333333333333335,0.0,0.0,0.14466666666666667,11.067,6.0,1,20.688199383504564,,7000.0,0.0,0.0,0.0,48.240721683366075,optimal
2021-02-12 06:00:00,6,47,2.3333333333333335,0.0,0.0,0.26923333333333327,10.8465,6.0,1,20.931096286849957,,7000.0,0.0,0.0,0.0,48.192480961682705,optimal
2021-02-12 06:30:00,6,47,0.0,0.0,0.0,0.14909999999999998,13.671,6.0,1,21.189382814401785,,0.0,0.0,0.0,0.0,48.144288480721016,optimal
2021-02-12 07:00:00,6,47,2.3333333333333335,0.0,0.0,0.16240000000000002,12.348,6.0,1,20.95094037361166,,7000.0,0.0,0.0,0.0,48.096144192240295,optimal
2021-02-12 07:30:00,6,47,0.0,0.0,0.0,0.25989999999999996,14.3325,6.0,1,21.203738981264063,,0.0,0.0,0.0,0.0,48.048048048048045,optimal
2021-02-12 08:00:00,6,47,0.0,0.0,0.0,0.29436666666666667,15.393,6.0,1,20.963752666844652,,0.0,0.0,0.0,0.0,48.0,optimal
2021-02-12 08:30:00,6,47,0.2913036313315995,0.0,0.0,0.2241,13.587,6.0,1,20.749655415283918,,873.9108939947985,0.0,0.0,0.0,47.32699419041373,optimal
2021-02-12 09:00:00,6,47,0.0,0.0,0.0,0.18713333333333332,16.1385,6.0,1,20.563316205113864,,0.0,0.0,0.0,0.0,46.654661386637045,optimal
2021-02-12 09:30:00,6,47,0.0,0.0,0.0,0.23753333333333332,14.595,6.0,1,20.32483648890702,,0.0,0.0,0.0,0.0,45.983000915664135,optimal
2021-02-12 10:00:00,6,47,0.0,0.0,0.0,0.12456666666666666,14.637,6.0,1,20.122716336643812,,0.0,0.0,0.0,0.0,45.312012105162204,optimal
2021-02-12 10:30:00,6,47,0.5379578267319293,0.0,0.0,0.30443333333333333,13.9125,6.0,1,20.0,,1613.8734801957878,0.0,0.0,0.0,44.64169428347077,optimal
2021-02-12 11:00:00,6,47,0.3907724532260374,0.0,0.0,0.058,13.3665,6.0,1,20.0,,1172.317359678112,0.0,0.0,0.0,43.97204677960103,optimal
2021-02-12 11:30:00,6,47,0.6133842326228139,0.0,0.0,0.2044,13.0095,6.0,1,20.0,,1840.1526978684417,0.0,0.0,0.0,43.30306892323516,optimal
2021-02-12 12:00:00,6,47,0.0,0.0,0.0,0.17886666666666667,13.8915,6.0,1,20.058504059878164,,0.0,0.0,0.0,0.0,42.63476004472565,optimal
2021-02-12 12:30:00,6,47,0.2769099018906748,0.0,0.0,0.1534,13.188,6.0,1,20.0,,830.7297056720244,0.0,0.0,0.0,41.967119475094655,optimal
2021-02-12 13:00:00,6,47,0.24607521373176963,0.0,0.0,0.2521333333333333,12.5685,6.0,1,20.0,,738.2256411953089,0.0,0.0,0.0,41.30014654603329,optimal
2021-02-12 13:30:00,6,47,0.2728782319411236,0.0,0.0,0.18819999999999998,12.285,6.0,1,20.0,,818.6346958233709,0.0,0.0,0.0,40.633840589900984,optimal
2021-02-12 14:00:00,6,47,1.1217782126987057,0.0,0.0,0.11566666666666668,11.487,6.0,1,20.0,,3365.334638096117,0.0,0.0,0.0,39.96820093972482,optimal
2021-02-12 14:30:00,6,47,0.0,0.0,0.0,0.15806666666666666,11.802,6.0,1,20.161956732944535,,0.0,0.0,0.0,0.0,39.30322692919882,optimal
2021-02-12 15:00:00,6,47,2.3333333333333335,0.0,0.0,0.21146666666666666,11.2245,6.0,1,20.084476899056064,,7000.0,0.0,0.0,0.0,38.63891789268335,optimal
2021-02-12 15:30:00,6,47,2.3333333333333335,0.0,0.0,0.1838333333333333,11.025,6.0,1,20.488387756173797,,7000.0,0.0,0.0,0.0,37.9752731652044,optimal
2021-02-12 16:00:00,6,47,2.3333333333333335,0.0,0.0,0.19996666666666668,11.907,6.0,1,20.883841450147013,,7000.0,0.0,0.0,0.0,37.31229208245293,optimal
2021-02-12 16:30:00,6,47,0.0,0.0,0.0,0.19533333333333328,25.83,6.0,1,21.223625672065957,,0.0,0.0,0.0,0.0,36.6499739807842,optimal
2021-02-12 17:00:00,6,47,0.0,0.0,0.0,0.17446666666666666,28.035,6.0,1,21.05765925455587,,0.0,0.0,0.0,0.0,35.98831819721715,optimal
2021-02-12 17:30:00,6,47,0.0,0.0,0.0,0.6156666666666666,28.119,6.0,1,20.845814877199135,,0.0,0.0,0.0,0.0,35.95232987901993,optimal
2021-02-12 18:00:00,6,47,0.0,0.0,0.0,0.6171,30.156,6.0,1,20.67934982577866,,0.0,0.0,0.0,0.0,35.91637754914091,optimal
2021-02-12 18:30:00,6,47,0.0,0.0,0.0,1.167266666666667,29.1585,6.0,1,20.518495277668546,,0.0,0.0,0.0,0.0,35.88046117159177,optimal
2021-02-12 19:00:00,6,47,0.0,0.0,0.0,0.35960000000000003,26.712,6.0,1,20.435155320086064,,0.0,0.0,0.0,0.0,35.844580710420175,optimal
2021-02-12 19:30:00,6,47,0.0,0.0,0.0,1.8187,15.435,6.0,1,20.283430103528755,,0.0,0.0,0.0,0.0,35.80873612970976,optimal
2021-02-12 20:00:00,6,47,0.0,0.0,0.0,1.5469000000000002,13.566,6.0,1,20.141533090440156,,0.0,0.0,0.0,0.0,35.77292739358005,optimal
2021-02-12 20:30:00,6,47,0.0,0.0,0.0,0.46073333333333333,12.789,6.0,1,20.0,,0.0,0.0,0.0,0.0,35.73715446618647,optimal
2021-02-12 21:00:00,6,47,0.0,0.0,0.0,0.4334333333333333,12.1275,6.0,1,19.86244733177914,,0.0,0.0,0.0,0.0,35.701417311720284,optimal
2021-02-12 21:30:00,6,47,0.0,0.0,0.0,0.4445,13.671,6.0,1,19.717969919602613,,0.0,0.0,0.0,0.0,35.665715894408564,optimal
2021-02-12 22:00:00,6,47,0.13933333333333334,0.0,0.0,0.5808333333333334,10.668,6.0,1,19.591709965258662,,0.0,0.0,418.0,0.0,35.63005017851415,optimal
2021-02-12 22:30:00,6,47,0.0,0.0,0.0,0.39039999999999997,11.7285,6.0,1,19.45281510028754,,0.0,0.0,0.0,0.0,35.59442012833564,optimal
2021-02-12 23:00:00,6,47,0.0,0.0,0.0,0.5559666666666667,11.025,6.0,1,19.295254088572044,,0.0,0.0,0.0,0.0,35.55882570820731,optimal
2021-02-12 23:30:00,6,47,0.0,0.0,0.0,0.5047333333333334,10.689,6.0,1,19.156314878378733,,0.0,0.0,0.0,0.0,35.5232668824991,optimal
2021-02-13 00:00:00,6,47,0.0,0.0,0.0,0.054,9.5655,6.0,2,19.156314878378733,,0.0,0.0,0.0,0.0,35.4877436156166,optimal
2021-02-13 00:30:00,6,47,2.3333333333333335,0.0,5.0,0.10809999999999999,7.056,6.0,2,18.938575154936693,,0.0,0.0,7000.0,0.0,37.82725587200098,optimal
2021-02-13 01:00:00,6,47,0.0,0.0,0.0,0.15636666666666668,9.3975,6.0,2,18.727821438696967,,0.0,0.0,0.0,0.0,37.78942861612898,optimal
2021-02-13 01:30:00,6,47,0.0,0.0,0.0,0.054,10.059,6.0,2,18.52355692129174,,0.0,0.0,0.0,0.0,37.75163918751285,optimal
2021-02-13 02:00:00,6,47,0.6493577261226176,0.0,0.0,0.054,9.261,6.0,2,18.31499072135066,,0.0,0.0,1948.0731783678527,0.0,37.71388754832534,optimal
2021-02-13 02:30:00,6,47,2.3333333333333335,0.0,5.0,0.1326,8.1585,6.0,2,18.1094547852226,,1527.0731783678532,0.0,5472.926821632147,0.0,40.05117366077701,optimal
2021-02-13 03:00:00,6,47,0.0,0.0,0.0,0.1318666666666667,9.4815,6.0,2,18.020542167370646,,0.0,0.0,0.0,0.0,40.01112248711623,optimal
2021-02-13 03:30:00,6,47,2.3333333333333335,0.0,0.0,0.1055,8.379,6.0,2,17.82399581983526,,7000.0,0.0,0.0,0.0,39.97111136462912,optimal
2021-02-13 04:00:00,6,47,2.3333333333333335,0.0,0.0,0.10216666666666668,9.5235,6.0,2,18.12521452764737,,7000.0,0.0,0.0,0.0,39.93114025326449,optimal
2021-02-13 04:30:00,6,47,2.3333333333333335,0.0,5.0,0.14856666666666665,8.1375,6.0,2,18.422080025325652,,7000.0,0.0,0.0,0.0,42.26620911301122,optimal
2021-02-13 05:00:00,6,47,0.0,0.0,0.0,0.07803333333333333,10.0905,6.0,2,18.717594981000826,,0.0,0.0,0.0,0.0,42.22394290389821,optimal
2021-02-13 05:30:00,6,47,2.3333333333333335,0.0,5.0,0.07803333333333333,7.539,6.0,2,18.505534417807528,,7000.0,0.0,0.0,0.0,44.55671896099432,optimal
2021-02-13 06:00:00,6,47,2.3333333333333335,0.0,5.0,0.9760333333333332,7.938,6.0,2,18.792710264590088,,7000.0,0.0,0.0,0.0,46.88716224203332,optimal
2021-02-13 06:30:00,6,47,2.3333333333333335,0.0,2.8467492250345874,1.3032000000000001,8.274,6.0,2,19.0976090910153,,7000.0,0.0,0.0,0.0,48.192480961682705,optimal
2021-02-13 07:00:00,6,47,2.3333333333333335,0.0,0.0,0.2389333333333333,9.261,6.0,2,19.397500318292806,,7000.0,0.0,0.0,0.0,48.144288480721016,optimal
2021-02-13 07:30:00,6,47,2.3333333333333335,0.0,0.0,2.112,9.9225,6.0,2,19.693661833246136,,7000.0,0.0,0.0,0.0,48.096144192240295,optimal
2021-02-13 08:00:00,6,47,2.3333333333333335,0.0,0.0,0.42019999999999996,9.702,6.0,2,20.0,,7000.0,0.0,0.0,0.0,48.048048048048045,optimal
2021-02-13 08:30:00,6,47,2.3333333333333335,0.0,0.0,2.142733333333333,10.584,6.0,2,20.31629317287782,,7000.0,0.0,0.0,0.0,48.0,optimal
2021-02-13 09:00:00,6,47,2.3333333333333335,0.0,0.0,0.19806666666666664,10.143,6.0,2,20.630459949363313,,7000.0,0.0,0.0,0.0,47.55970891497997,optimal
2021-02-13 09:30:00,6,47,0.0,0.0,0.0,0.07773333333333333,13.0095,6.0,2,20.932713259530573,,0.0,0.0,0.0,0.0,47.11985812104496,optimal
2021-02-13 10:00:00,6,47,0.7416851271080014,0.0,0.0,0.064,11.025,6.0,2,20.710752463700455,,2225.0553813240044,0.0,0.0,0.0,46.68044717790389,optimal
2021-02-13 10:30:00,6,47,0.0,0.0,0.0,0.1688,12.789,6.0,2,20.69895569393153,,0.0,0.0,0.0,0.0,46.24147564570596,optimal
2021-02-13 11:00:00,6,47,0.0,0.0,0.0,2.480033333333333,12.1275,6.0,2,20.540550874114516,,0.0,0.0,0.0,0.0,45.802943085040226,optimal
2021-02-13 11:30:00,6,47,0.0,0.0,0.0,1.521,12.1695,6.0,2,20.470223996323547,,0.0,0.0,0.0,0.0,45.36484905693516,optimal
2021-02-13 12:00:00,6,47,0.0,0.0,0.0,0.19093333333333332,12.306,6.0,2,20.399298049757252,,0.0,0.0,0.0,0.0,44.92719312285819,optimal
2021-02-13 12:30:00,6,47,0.0,0.0,0.0,0.14780000000000001,13.23,6.0,2,20.31836434202158,,0.0,0.0,0.0,0.0,44.489974844715306,optimal
2021-02-13 13:00:00,6,47,0.0,0.0,0.0,0.255,13.671,6.0,2,20.2358114452194,,0.0,0.0,0.0,0.0,44.05319378485056,optimal
2021-02-13 13:30:00,6,47,0.0,0.0,0.0,0.23616666666666664,13.9335,6.0,2,20.172642567449426,,0.0,0.0,0.0,0.0,43.61684950604569,optimal
2021-02-13 14:00:00,6,47,0.0,0.0,0.0,0.064,13.293,6.0,2,20.109164260067626,,0.0,0.0,0.0,0.0,43.18094157151962,optimal
2021-02-13 14:30:00,6,47,0.44791544350090257,0.0,0.0,0.22046666666666667,12.1065,6.0,2,20.0,,1343.7463305027077,0.0,0.0,0.0,42.74546954492807,optimal
2021-02-13 15:00:00,6,47,0.85173499165902,0.0,0.0,0.1396,11.571,6.0,2,20.0,,2555.20497497706,0.0,0.0,0.0,42.31043299036312,optimal
2021-02-13 15:30:00,6,47,2.3333333333333335,0.0,0.0,1.4488666666666665,11.025,6.0,2,20.05381258775367,,7000.0,0.0,0.0,0.0,42.268122557372756,optimal
2021-02-13 16:00:00,6,47,2.3333333333333335,0.0,0.0,2.952233333333333,10.8465,6.0,2,20.470728729835624,,7000.0,0.0,0.0,0.0,42.22585443481538,optimal
2021-02-13 16:30:00,6,47,2.3333333333333335,0.0,0.0,1.9097333333333328,11.2455,6.0,2,20.855155394383672,,7000.0,0.0,0.0,0.0,42.183628580380564,optimal
2021-02-13 17:00:00,6,47,0.0,0.0,0.0,1.4046666666666667,23.8665,6.0,2,21.22872232734764,,0.0,0.0,0.0,0.0,42.14144495180018,optimal
2021-02-13 17:30:00,6,47,0.0,0.0,0.0,0.1809333333333333,27.4575,6.0,2,21.07220764204306,,0.0,0.0,0.0,0.0,42.09930350684838,optimal
2021-02-13 18:00:00,6,47,0.0,0.0,0.0,0.204,27.3735,6.0,2,20.872180015224423,,0.0,0.0,0.0,0.0,42.057204203341534,optimal
2021-02-13 18:30:00,6,47,0.0,0.0,0.0,2.1629,30.4605,6.0,2,20.674855906544604,,0.0,0.0,0.0,0.0,42.015146999138196,optimal
2021-02-13 19:00:00,6,47,0.0,0.0,0.0,0.4695666666666667,30.0195,6.0,2,20.524577900688495,,0.0,0.0,0.0,0.0,41.973131852139055,optimal
2021-02-13 19:30:00,6,47,0.0,0.0,0.0,2.0831999999999997,26.9325,6.0,2,20.345421410907267,,0.0,0.0,0.0,0.0,41.931158720286916,optimal
2021-02-13 20:00:00,6,47,0.0,0.0,0.0,0.34703333333333336,14.595,6.0,2,20.17332605914233,,0.0,0.0,0.0,0.0,41.88922756156663,optimal
2021-02-13 20:30:00,6,47,0.0,0.0,0.0,2.2668000000000004,12.4845,6.0,2,20.0,,0.0,0.0,0.0,0.0,41.84733833400506,optimal
2021-02-13 21:00:00,6,47,0.0,0.0,0.0,0.4941666666666667,12.1275,6.0,2,19.847361701643262,,0.0,0.0,0.0,0.0,41.80549099567105,optimal
2021-02-13 21:30:00,6,47,0.0,0.0,0.0,2.4644,12.1275,6.0,2,19.66844977350613,,0.0,0.0,0.0,0.0,41.76368550467538,optimal
2021-02-13 22:00:00,6,47,0.0,0.0,0.0,2.2611666666666665,12.789,6.0,2,19.50572360713233,,0.0,0.0,0.0,0.0,41.7219218191707,optimal
2021-02-13 22:30:00,6,47,0.0,0.0,0.0,0.7754666666666667,11.907,6.0,2,19.34349624939649,,0.0,0.0,0.0,0.0,41.680199897351535,optimal
2021-02-13 23:00:00,6,47,0.0,0.0,0.0,2.182866666666667,11.025,6.0,2,19.196694027348514,,0.0,0.0,0.0,0.0,41.638519697454186,optimal
2021-02-13 23:30:00,6,47,0.046444444444444434,0.0,0.0,1.3392666666666668,8.2005,6.0,2,19.03147419247676,,0.0,0.0,139.33333333333331,0.0,41.59688117775673,optimal
2021-02-07 00:00:00,7,47,0.0,0.0,0.0,0.059,5.292,6.0,1,21.0,,0.0,0.0,0.0,0.0,47.952,optimal
2021-02-07 00:30:00,7,47,0.0,0.0,0.0,0.06433333333333333,9.261,6.0,1,20.799626297059998,,0.0,0.0,0.0,0.0,47.904047999999996,optimal
2021-02-07 01:00:00,7,47,0.0,0.0,0.0,0.1448,10.3635,6.0,1,20.600428922657397,,0.0,0.0,0.0,0.0,47.856143952,optimal
2021-02-07 01:30:00,7,47,0.0,0.0,0.0,0.11259999999999999,8.274,6.0,1,20.408070414360907,,0.0,0.0,0.0,0.0,47.80828780804799,optimal
2021-02-07 02:00:00,7,47,0.0,0.0,0.0,0.15280000000000002,7.7175,6.0,1,20.215516619982292,,0.0,0.0,0.0,0.0,47.76047952023995,optimal
2021-02-07 02:30:00,7,47,0.0,0.0,0.0,0.1255,6.615,6.0,1,20.027492984602663,,0.0,0.0,0.0,0.0,47.712719040719705,optimal
2021-02-07 03:00:00,7,47,0.0,0.0,0.0,0.19519999999999998,6.174,6.0,1,19.838559041117954,,0.0,0.0,0.0,0.0,47.66500632167899,optimal
2021-02-07 03:30:00,7,47,2.3333333333333335,0.0,0.0,0.30093333333333333,3.906,6.0,1,19.656668517128097,,7000.0,0.0,0.0,0.0,47.61734131535731,optimal
2021-02-07 04:00:00,7,47,2.3333333333333335,0.0,0.0,0.126,2.3415,6.0,1,20.000416216540746,,7000.0,0.0,0.0,0.0,47.56972397404195,optimal
2021-02-07 04:30:00,7,47,2.3333333333333335,0.0,0.0,0.21919999999999998,2.205,6.0,1,20.307414384431716,,7000.0,0.0,0.0,0.0,47.522154250067906,optimal
2021-02-07 05:00:00,7,47,2.3333333333333335,0.0,1.6128201843120924,0.059,0.882,6.0,1,20.61744418122848,,7000.0,0.0,0.0,0.0,48.240721683366075,optimal
2021-02-07 05:30:00,7,47,2.3333333333333335,0.0,0.0,0.2117333333333333,1.5435,6.0,1,20.91244526093846,,7000.0,0.0,0.0,0.0,48.192480961682705,optimal
2021-02-07 06:00:00,7,47,2.3333333333333335,0.0,0.0,0.095,1.5435,6.0,1,21.214473916866964,,7000.0,0.0,0.0,0.0,48.144288480721016,optimal
2021-02-07 06:30:00,7,47,2.3333333333333335,0.0,0.0,0.2596333333333333,5.0715,6.0,1,21.52120950644385,,7000.0,0.0,0.0,0.0,48.096144192240295,optimal
2021-02-07 07:00:00,7,47,0.15895189693069475,0.0,0.0,0.17733333333333334,5.376,6.0,1,21.838438842685154,,476.85569079208426,0.0,0.0,0.0,48.048048048048045,optimal
2021-02-07 07:30:00,7,47,2.3333333333333335,0.0,0.0,0.1368,5.0715,6.0,1,21.69120160709767,,7000.0,0.0,0.0,0.0,48.0,optimal
2021-02-07 08:00:00,7,47,0.9729490480410642,0.0,0.0,0.08326666666666667,5.5125,6.0,1,22.0,,2918.8471441231927,0.0,0.0,0.0,47.831156989354376,optimal
2021-02-07 08:30:00,7,47,0.7284616682568558,0.0,0.0,0.5465666666666668,9.261,6.0,1,22.0,,2185.3850047705673,0.0,0.0,0.0,47.6624828217194,optimal
2021-02-07 09:00:00,7,47,0.0,0.0,0.0,0.19023333333333328,11.7075,6.0,1,22.0,,0.0,0.0,0.0,0.0,47.49397732825206,optimal
2021-02-07 09:30:00,7,47,0.0,0.0,0.0,0.38576666666666665,12.348,6.0,1,21.854930169113867,,0.0,0.0,0.0,0.0,47.325640340278184,optimal
2021-02-07 10:00:00,7,47,0.0,0.0,0.0,0.3693333333333333,12.348,6.0,1,21.725889135063532,,0.0,0.0,0.0,0.0,47.15747168929229,optimal
2021-02-07 10:30:00,7,47,0.0,0.0,0.0,0.45139999999999997,12.1275,6.0,1,21.613725828359964,,0.0,0.0,0.0,0.0,46.989471206957376,optimal
2021-02-07 11:00:00,7,47,0.0,0.0,0.0,0.4396666666666667,12.5265,6.0,1,21.49758416283699,,0.0,0.0,0.0,0.0,46.8216387251048,optimal
2021-02-07 11:30:00,7,47,0.0,0.0,0.0,0.49656666666666666,11.7495,6.0,1,21.39359451904382,,0.0,0.0,0.0,0.0,46.65397407573407,optimal
2021-02-07 12:00:00,7,47,0.0,0.0,0.0,0.40273333333333333,13.23,6.0,1,21.28639443608574,,0.0,0.0,0.0,0.0,46.486477091012716,optimal
2021-02-07 12:30:00,7,47,0.0,0.0,0.0,1.6974333333333333,14.3325,6.0,1,21.201392957389206,,0.0,0.0,0.0,0.0,46.31914760327608,optimal
2021-02-07 13:00:00,7,47,0.0,0.0,0.0,0.4477,14.994,6.0,1,21.12474837892529,,0.0,0.0,0.0,0.0,46.15198544502718,optimal
2021-02-07 13:30:00,7,47,0.0,0.0,0.0,0.4755,14.8155,6.0,1,21.016895900620867,,0.0,0.0,0.0,0.0,45.98499044893653,optimal
2021-02-07 14:00:00,7,47,0.0,0.0,0.0,0.24253333333333332,14.112,6.0,1,20.904060919150805,,0.0,0.0,0.0,0.0,45.81816244784197,optimal
2021-02-07 14:30:00,7,47,0.0,0.0,0.0,1.6650999999999998,14.007,6.0,1,20.78688816754486,,0.0,0.0,0.0,0.0,45.651501274748504,optimal
2021-02-07 15:00:00,7,47,0.0,0.0,0.0,2.6512333333333333,13.23,6.0,1,20.700430366561132,,0.0,0.0,0.0,0.0,45.485006762828135,optimal
2021-02-07 15:30:00,7,47,2.3333333333333335,0.0,0.0,1.4544666666666668,11.382,6.0,1,20.643617692648903,,7000.0,0.0,0.0,0.0,45.31867874541968,optimal
2021-02-07 16:00:00,7,47,2.0994553623831913,0.0,0.0,0.1159,11.7495,6.0,1,21.033291258976124,,6298.366087149573,0.0,0.0,0.0,45.15251705602864,optimal
2021-02-07 16:30:00,7,47,0.0,0.0,0.0,0.14880000000000002,24.3285,6.0,1,21.30608812937178,,0.0,0.0,0.0,0.0,44.98652152832699,optimal
2021-02-07 17:00:00,7,47,0.0,0.0,0.0,0.1628,28.917,6.0,1,21.13059959049958,,0.0,0.0,0.0,0.0,44.82069199615304,optimal
2021-02-07 17:30:00,7,47,0.0,0.0,0.0,0.26746666666666663,31.3635,6.0,1,20.918101084124594,,0.0,0.0,0.0,0.0,44.655028293511265,optimal
2021-02-07 18:00:00,7,47,0.0,0.0,0.0,0.22983333333333328,33.306,6.0,1,20.734753822136888,,0.0,0.0,0.0,0.0,44.48953025457213,optimal
2021-02-07 18:30:00,7,47,0.0,0.0,0.0,0.22703333333333334,31.3425,6.0,1,20.556317948425743,,0.0,0.0,0.0,0.0,44.324197713671936,optimal
2021-02-07 19:00:00,7,47,0.0,0.0,0.0,0.38630000000000003,28.2555,6.0,1,20.377545606100295,,0.0,0.0,0.0,0.0,44.15903050531264,optimal
2021-02-07 19:30:00,7,47,0.0,0.0,0.0,0.069,15.6975,6.0,1,20.213655846231273,,0.0,0.0,0.0,0.0,43.99402846416171,optimal
2021-02-07 20:00:00,7,47,0.9628856656446846,0.0,0.0,0.14880000000000002,12.5475,6.0,1,20.0,,2888.6569969340535,0.0,0.0,0.0,43.829191425051924,optimal
2021-02-07 20:30:00,7,47,0.0,0.0,0.0,0.203,12.0855,6.0,1,20.0,,0.0,0.0,0.0,0.0,43.66451922298125,optimal
2021-02-07 21:00:00,7,47,0.0,0.0,0.0,0.16219999999999998,11.907,6.0,1,19.797207813346887,,0.0,0.0,0.0,0.0,43.50001169311265,optimal
2021-02-07 21:30:00,7,47,0.0,0.0,0.0,0.069,12.5685,6.0,1,19.592718118169437,,0.0,0.0,0.0,0.0,43.33566867077391,optimal
2021-02-07 22:00:00,7,47,0.0,0.0,0.0,0.19416666666666663,13.146,6.0,1,19.383995447137284,,0.0,0.0,0.0,0.0,43.29233300210314,optimal
2021-02-07 22:30:00,7,47,0.0,0.0,0.0,0.2875,10.584,6.0,1,19.20533466373079,,0.0,0.0,0.0,0.0,43.24904066910104,optimal
2021-02-07 23:00:00,7,47,0.0,0.0,0.0,0.1427,6.678,6.0,1,19.03310199564727,,0.0,0.0,0.0,0.0,43.20579162843194,optimal
2021-02-07 23:30:00,7,47,0.0,0.0,0.0,0.1689,7.938,6.0,1,18.836180158881508,,0.0,0.0,0.0,0.0,43.16258583680351,optimal
2021-02-08 00:00:00,7,47,0.0,0.0,0.0,0.049,12.1275,6.0,6,18.836180158881508,,0.0,0.0,0.0,0.0,43.119423250966705,optimal
2021-02-08 00:30:00,7,47,0.0,0.0,0.0,0.049,12.1275,6.0,6,18.642931672225238,,0.0,0.0,0.0,0.0,43.07630382771574,optimal
2021-02-08 01:00:00,7,47,0.0,0.0,0.0,0.049,11.2665,6.0,6,18.45194795914018,,0.0,0.0,0.0,0.0,43.03322752388802,optimal
2021-02-08 01:30:00,7,47,0.0,0.0,0.0,0.049,10.143,6.0,6,18.263202477636707,,0.0,0.0,0.0,0.0,42.99019429636414,optimal
2021-02-08 02:00:00,7,47,0.0,0.0,0.0,0.10433333333333332,11.2455,6.0,6,18.076083022318848,,0.0,0.0,0.0,0.0,42.94720410206777,optimal
2021-02-08 02:30:00,7,47,0.0,0.0,0.0,0.12126666666666668,11.025,6.0,6,17.90128299720172,,0.0,0.0,0.0,0.0,42.9042568979657,optimal
2021-02-08 03:00:00,7,47,2.3333333333333335,0.0,0.0,0.049,5.9745,6.0,6,17.72860299301848,,660.3333333333321,0.0,6339.666666666668,0.0,42.86135264106774,optimal
2021-02-08 03:30:00,7,47,2.3333333333333335,0.0,0.0,0.049,7.938,6.0,6,17.595305492512708,,7000.0,0.0,0.0,0.0,42.81849128842667,optimal
2021-02-08 04:00:00,7,47,2.3333333333333335,0.0,0.0,0.049,8.6835,6.0,6,17.913936566168932,,7000.0,0.0,0.0,0.0,42.77567279713824,optimal
2021-02-08 04:30:00,7,47,2.3333333333333335,0.0,0.0,0.049,7.665,6.0,6,18.228247471902552,,7000.0,0.0,0.0,0.0,42.7328971243411,optimal
2021-02-08 05:00:00,7,47,2.3333333333333335,0.0,0.0,0.049,6.7725,6.0,6,18.537702865410406,,7000.0,0.0,0.0,0.0,42.69016422721676,optimal
2021-02-08 05:30:00,7,47,2.3333333333333335,0.0,0.0,0.049,5.5755,6.0,6,18.842359650816057,,7000.0,0.0,0.0,0.0,42.647474062989545,optimal
2021-02-08 06:00:00,7,47,2.3333333333333335,0.0,5.0,0.049,5.0925,6.0,6,19.142860039820704,,7000.0,0.0,0.0,0.0,44.97982658892656,optimal
2021-02-08 06:30:00,7,47,2.3333333333333335,0.0,5.0,0.09,4.1895,6.0,6,19.439252743267488,,7000.0,0.0,0.0,0.0,47.30984676233763,optimal
2021-02-08 07:00:00,7,47,2.3333333333333335,0.0,0.0,1.105733333333333,7.056,6.0,6,19.736778527929133,,7000.0,0.0,0.0,0.0,47.26253691557529,optimal
2021-02-08 07:30:00,7,47,2.3333333333333335,0.0,1.6520539396637597,0.32743333333333335,5.271,6.0,6,20.06123597486624,,7000.0,0.0,0.0,0.0,48.0,optimal
2021-02-08 08:00:00,7,47,2.3333333333333335,0.0,0.0,0.049,7.938,6.0,6,20.39740260672489,,7000.0,0.0,0.0,0.0,47.530499758635806,optimal
2021-02-08 08:30:00,7,47,2.3333333333333335,0.0,0.0,0.049,7.938,6.0,6,20.668829043113,,7000.0,0.0,0.0,0.0,47.06146901751298,optimal
2021-02-08 09:00:00,7,47,0.0,0.0,0.0,0.049,11.907,6.0,6,20.935902551354886,,0.0,0.0,0.0,0.0,46.59290730713127,optimal
2021-02-08 09:30:00,7,47,2.3333333333333335,0.0,0.0,0.049,11.025,6.0,6,20.726477878935334,,7000.0,0.0,0.0,0.0,46.12481415845995,optimal
2021-02-08 10:00:00,7,47,2.3333333333333335,0.0,0.0,0.049,11.2875,6.0,6,21.019188597522415,,7000.0,0.0,0.0,0.0,45.657189102937295,optimal
2021-02-08 10:30:00,7,47,0.0,0.0,0.0,0.049,12.936,6.0,6,21.35087524362602,,0.0,0.0,0.0,0.0,45.19003167247016,optimal
2021-02-08 11:00:00,7,47,0.0,0.0,0.0,0.049,13.0095,6.0,6,21.178993650830865,,0.0,0.0,0.0,0.0,44.7233413994335,optimal
2021-02-08 11:30:00,7,47,0.0,0.0,0.0,0.05266666666666666,13.671,6.0,6,21.05522044160654,,0.0,0.0,0.0,0.0,44.257117816669876,optimal
2021-02-08 12:00:00,7,47,0.0,0.0,0.0,0.05533333333333334,13.188,6.0,6,20.934069740112886,,0.0,0.0,0.0,0.0,43.79136045748901,optimal
2021-02-08 12:30:00,7,47,0.0,0.0,0.0,0.049,13.8495,6.0,6,20.830432385359575,,0.0,0.0,0.0,0.0,43.32606885566733,optimal
2021-02-08 13:00:00,7,47,0.0,0.0,0.0,0.049,13.23,6.0,6,20.730353505335753,,0.0,0.0,0.0,0.0,42.86124254544747,optimal
2021-02-08 13:30:00,7,47,0.0,0.0,0.0,0.049,13.3665,6.0,6,20.628646026375957,,0.0,0.0,0.0,0.0,42.396881061537826,optimal
2021-02-08 14:00:00,7,47,0.25091090552599216,0.0,0.0,0.049,13.0515,6.0,6,20.529302456057145,,752.7327165779765,0.0,0.0,0.0,41.9329839391121,optimal
2021-02-08 14:30:00,7,47,0.0,0.0,0.0,0.05266666666666666,13.5345,6.0,6,20.486867453296384,,0.0,0.0,0.0,0.0,41.46955071380879,optimal
2021-02-08 15:00:00,7,47,0.0,0.0,0.0,0.059,14.154,6.0,6,20.38962855501435,,0.0,0.0,0.0,0.0,41.006580921730794,optimal
2021-02-08 15:30:00,7,47,0.0,0.0,0.0,0.04933333333333333,14.112,6.0,6,20.259355491563994,,0.0,0.0,0.0,0.0,40.54407409944487,optimal
2021-02-08 16:00:00,7,47,0.0,0.0,0.0,0.32930000000000004,14.2485,6.0,6,20.13119513635145,,0.0,0.0,0.0,0.0,40.082029783981234,optimal
2021-02-08 16:30:00,7,47,1.501569343001788,0.0,0.0,0.0616,12.789,6.0,6,20.0,,4504.708029005364,0.0,0.0,0.0,39.62044751283306,optimal
2021-02-08 17:00:00,7,47,0.0,0.0,0.0,0.2315,13.0095,6.0,6,20.174964258695027,,0.0,0.0,0.0,0.0,39.159326823956036,optimal
2021-02-08 17:30:00,7,47,2.3333333333333335,0.0,0.0,0.05806666666666667,12.1275,6.0,6,20.0,,7000.0,0.0,0.0,0.0,38.69866725576789,optimal
2021-02-08 18:00:00,7,47,1.2541851953652503,0.0,0.0,0.0596,12.348,6.0,6,20.306122549797312,,3762.555586095751,0.0,0.0,0.0,38.23846834714793,optimal
2021-02-08 18:30:00,7,47,2.3333333333333335,0.0,0.0,0.07,12.348,6.0,6,20.35707341260406,,7000.0,0.0,0.0,0.0,37.77872963743659,optimal
2021-02-08 19:00:00,7,47,0.0,0.0,0.0,0.059,25.389,6.0,6,20.638900869506696,,0.0,0.0,0.0,0.0,37.31945066643496,optimal
2021-02-08 19:30:00,7,47,0.0,0.0,0.0,0.06266666666666666,29.1375,6.0,6,20.406715517308385,,0.0,0.0,0.0,0.0,36.86063097440433,optimal
2021-02-08 20:00:00,7,47,0.0,0.0,0.0,0.12596666666666667,30.597,6.0,6,20.184337398455707,,0.0,0.0,0.0,0.0,36.82377034342993,optimal
2021-02-08 20:30:00,7,47,0.0,0.0,0.0,1.0821666666666667,33.684,6.0,6,20.0,,0.0,0.0,0.0,0.0,36.786946573086496,optimal
2021-02-08 21:00:00,7,47,0.0,0.0,0.0,0.3369,32.445,6.0,6,19.831129174399567,,0.0,0.0,0.0,0.0,36.75015962651341,optimal
2021-02-08 21:30:00,7,47,0.0,0.0,0.0,0.108,28.917,6.0,6,19.66031457303216,,0.0,0.0,0.0,0.0,36.713409466886894,optimal
2021-02-08 22:00:00,7,47,0.0,0.0,0.0,0.078,15.876,6.0,6,19.4806006524577,,0.0,0.0,0.0,0.0,36.67669605742001,optimal
2021-02-08 22:30:00,7,47,0.0,0.0,0.0,0.2489333333333333,12.348,6.0,6,19.29252324152081,,0.0,0.0,0.0,0.0,36.64001936136259,optimal
2021-02-08 23:00:00,7,47,0.0,0.0,0.0,0.594,12.1275,6.0,6,19.117392963775877,,0.0,0.0,0.0,0.0,36.603379342001226,optimal
2021-02-08 23:30:00,7,47,0.0,0.0,0.0,0.059,12.348,6.0,6,18.953976880950506,,0.0,0.0,0.0,0.0,36.56677596265922,optimal
2021-02-09 00:00:00,7,47,0.0,0.0,0.0,0.049,12.1275,6.0,5,18.953976880950506,,0.0,0.0,0.0,0.0,36.53020918669656,optimal
2021-02-09 00:30:00,7,47,0.0,0.0,0.0,0.0564,12.2955,6.0,5,18.748658072754637,,0.0,0.0,0.0,0.0,36.493678977509866,optimal
2021-02-09 01:00:00,7,47,0.0,0.0,0.022452859583007755,0.1154,11.6865,6.0,5,18.546857846465954,,0.0,0.0,0.0,0.0,36.46785040683429,optimal
2021-02-09 01:30:00,7,47,0.0938888888888889,0.0,5.0,0.2002,11.466,6.0,5,18.352205370795463,,0.0,0.0,281.6666666666667,0.0,38.80638255642745,optimal
2021-02-09 02:00:00,7,47,2.3333333333333335,0.0,5.0,0.049,10.8045,6.0,5,18.164694156708606,,0.0,0.0,7000.0,0.0,41.142576173871014,optimal
2021-02-09 02:30:00,7,47,2.3333333333333335,0.0,5.0,0.1354,10.584,6.0,5,17.967453390022747,,0.0,0.0,7000.0,0.0,43.47643359769714,optimal
2021-02-09 03:00:00,7,47,2.3333333333333335,0.0,5.0,0.1839,11.2455,6.0,5,17.779255952762334,,7000.0,0.0,0.0,0.0,45.80795716409944,optimal
2021-02-09 03:30:00,7,47,0.0,0.0,0.0,0.0959,12.1275,6.0,5,18.095223081108358,,0.0,0.0,0.0,0.0,45.76214920693534,optimal
2021-02-09 04:00:00,7,47,0.0,0.0,0.0,0.16419999999999998,11.823,6.0,5,17.904476462695712,,0.0,0.0,0.0,0.0,45.716387057728404,optimal
2021-02-09 04:30:00,7,47,2.3333333333333335,0.0,0.0,0.1156,11.7705,6.0,5,17.72199555315436,,7000.0,0.0,0.0,0.0,45.670670670670674,optimal
2021-02-09 05:00:00,7,47,2.3333333333333335,0.0,5.0,0.2067333333333333,11.13,6.0,5,18.034947386082187,,7000.0,0.0,0.0,0.0,48.0,optimal
2021-02-09 05:30:00,7,47,2.3333333333333335,0.0,0.0,0.14733333333333334,11.6865,6.0,5,18.350666002807426,,7000.0,0.0,0.0,0.0,47.8166295258899,optimal
2021-02-09 06:00:00,7,47,2.3333333333333335,0.0,0.0,0.2236,10.7205,6.0,5,18.66628146034042,,7000.0,0.0,0.0,0.0,47.633442422253914,optimal
2021-02-09 06:30:00,7,47,2.3333333333333335,0.0,0.0,0.3108,11.424,6.0,5,18.986556061081604,,7000.0,0.0,0.0,0.0,47.450438505721564,optimal
2021-02-09 07:00:00,7,47,2.3333333333333335,0.0,0.0,0.18669999999999998,10.689,6.0,5,19.302891942158485,,7000.0,0.0,0.0,0.0,47.26761759310575,optimal
2021-02-09 07:30:00,7,47,2.3333333333333335,0.0,0.0,1.8593,11.361,6.0,5,19.628800527086128,,7000.0,0.0,0.0,0.0,47.08497950140254,optimal
2021-02-09 08:00:00,7,47,2.3333333333333335,0.0,0.0,0.38473333333333337,11.571,6.0,5,20.04504008250678,,7000.0,0.0,0.0,0.0,46.90252404779104,optimal
2021-02-09 08:30:00,7,47,0.0,0.0,0.0,0.21,14.3745,6.0,5,20.376278426735553,,0.0,0.0,0.0,0.0,46.720251049633156,optimal
2021-02-09 09:00:00,7,47,1.1399884681298715,0.0,0.0,0.4319333333333333,13.23,6.0,5,20.194066965040914,,3419.9654043896144,0.0,0.0,0.0,46.538160324473424,optimal
2021-02-09 09:30:00,7,47,0.0,0.0,0.0,0.11393333333333333,13.9755,6.0,5,20.28774604875131,,0.0,0.0,0.0,0.0,46.35625169003885,optimal
2021-02-09 10:00:00,7,47,0.0,0.0,0.0,0.21836666666666668,14.994,6.0,5,20.113179304586385,,0.0,0.0,0.0,0.0,46.174524964238714,optimal
2021-02-09 10:30:00,7,47,1.0021345678353564,0.0,0.0,0.3679666666666666,13.671,6.0,5,20.0,,3006.4037035060687,0.0,0.0,0.0,45.99297996516438,optimal
2021-02-09 11:00:00,7,47,0.0,0.0,0.0,0.29453333333333337,15.981,6.0,5,20.110452676102966,,0.0,0.0,0.0,0.0,45.81161651108912,optimal
2021-02-09 11:30:00,7,47,0.0,0.0,0.0,1.0658666666666665,15.6345,6.0,5,20.04617276811108,,0.0,0.0,0.0,0.0,45.630434420467935,optimal
2021-02-09 12:00:00,7,47,0.0,0.0,0.0,0.6660333333333333,16.5375,6.0,5,20.031696679038614,,0.0,0.0,0.0,0.0,45.44943351193737,optimal
2021-02-09 12:30:00,7,47,0.0,0.0,0.0,0.5852999999999999,14.7735,6.0,5,20.01937846947025,,0.0,0.0,0.0,0.0,45.40398407842543,optimal
2021-02-09 13:00:00,7,47,0.0,0.0,0.0,0.2994,15.2145,6.0,5,20.008475664683868,,0.0,0.0,0.0,0.0,45.358580094347005,optimal
2021-02-09 13:30:00,7,47,0.1075985593608857,0.0,0.0,0.22643333333333332,14.553,6.0,5,20.0,,322.7956780826571,0.0,0.0,0.0,45.31322151425266,optimal
2021-02-09 14:00:00,7,47,0.3788787435915313,0.0,0.0,0.6752999999999999,14.3325,6.0,5,20.0,,1136.636230774594,0.0,0.0,0.0,45.267908292738404,optimal
2021-02-09 14:30:00,7,47,0.0,0.0,0.0,0.5051333333333333,14.595,6.0,5,20.069422249527577,,0.0,0.0,0.0,0.0,45.22264038444567,optimal
2021-02-09 15:00:00,7,47,0.0,0.0,0.0,0.4326666666666667,14.994,6.0,5,20.05456660781866,,0.0,0.0,0.0,0.0,45.17741774406122,optimal
2021-02-09 15:30:00,7,47,0.27256512195317506,0.0,0.0,0.3057333333333333,14.3325,6.0,5,20.0,,817.695365859525,0.0,0.0,0.0,45.13224032631716,optimal
2021-02-09 16:00:00,7,47,0.46438110768119706,0.0,0.0,0.37760000000000005,13.8915,6.0,5,20.0,,1393.1433230435912,0.0,0.0,0.0,45.08710808599084,optimal
2021-02-09 16:30:00,7,47,0.4628307925572235,0.0,0.0,0.2765,13.8915,6.0,5,20.0,,1388.4923776716705,0.0,0.0,0.0,45.04202097790485,optimal
2021-02-09 17:00:00,7,47,2.2825779717452592,0.0,0.0,0.2517333333333333,13.4715,6.0,5,20.0,,6847.733915235777,0.0,0.0,0.0,44.996978956926945,optimal
2021-02-09 17:30:00,7,47,2.3333333333333335,0.0,0.0,1.0331,13.23,6.0,5,20.33813562658113,,7000.0,0.0,0.0,0.0,44.95198197797002,optimal
2021-02-09 18:00:00,7,47,0.0,0.0,0.0,1.0087000000000002,13.8915,6.0,5,20.693192583234747,,0.0,0.0,0.0,0.0,44.907029995992055,optimal
2021-02-09 18:30:00,7,47,0.0,0.0,0.0,1.2129,26.9325,6.0,5,20.518977154869642,,0.0,0.0,0.0,0.0,44.862122965996065,optimal
2021-02-09 19:00:00,7,47,0.0,0.0,0.0,1.3123666666666665,30.303,6.0,5,20.391098530700965,,0.0,0.0,0.0,0.0,44.81726084303007,optimal
2021-02-09 19:30:00,7,47,0.0,0.0,0.0,1.5167,32.886,6.0,5,20.269313071365914,,0.0,0.0,0.0,0.0,44.77244358218704,optimal
2021-02-09 20:00:00,7,47,0.0,0.0,0.0,3.0524,34.9965,6.0,5,20.121115756817844,,0.0,0.0,0.0,0.0,44.72767113860485,optimal
2021-02-09 20:30:00,7,47,0.0,0.0,0.0,2.1249000000000002,33.327,6.0,5,20.0,,0.0,0.0,0.0,0.0,44.682943467466245,optimal
2021-02-09 21:00:00,7,47,0.0,0.0,0.0,0.2724,31.122,6.0,5,19.863670959166534,,0.0,0.0,0.0,0.0,44.63826052399878,optimal
2021-02-09 21:30:00,7,47,0.0,0.0,0.0,0.34213333333333334,17.9025,6.0,5,19.674062162907536,,0.0,0.0,0.0,0.0,44.593622263474785,optimal
2021-02-09 22:00:00,7,47,0.0,0.0,0.0,0.10940000000000001,15.6555,6.0,5,19.485071358536214,,0.0,0.0,0.0,0.0,44.54902864121131,optimal
2021-02-09 22:30:00,7,47,0.0,0.0,0.0,0.11370000000000001,14.553,6.0,5,19.27113836333054,,0.0,0.0,0.0,0.0,44.504479612570094,optimal
2021-02-09 23:00:00,7,47,0.0,0.0,0.0,0.2293,14.3325,6.0,5,19.06060439509539,,0.0,0.0,0.0,0.0,44.459975132957524,optimal
2021-02-09 23:30:00,7,47,0.0,0.0,0.0,0.0997,13.335,6.0,5,18.861346596537288,,0.0,0.0,0.0,0.0,44.415515157824565,optimal
2021-02-10 00:00:00,7,47,0.0,0.0,0.0,0.051,16.758,6.0,6,18.861346596537288,,0.0,0.0,0.0,0.0,44.37109964266674,optimal
2021-02-10 00:30:00,7,47,0.0,0.0,0.0,0.18006666666666665,14.217,6.0,6,18.654947299793466,,0.0,0.0,0.0,0.0,44.326728543024075,optimal
2021-02-10 01:00:00,7,47,0.0,0.0,0.0,0.051,13.3665,6.0,6,18.4589757023291,,0.0,0.0,0.0,0.0,44.28240181448105,optimal
2021-02-10 01:30:00,7,47,0.0,0.0,0.0,0.12726666666666667,12.789,6.0,6,18.254948089114166,,0.0,0.0,0.0,0.0,44.23811941266657,optimal
2021-02-10 02:00:00,7,47,2.3333333333333335,0.0,0.0,0.1038,11.907,6.0,6,18.057564617316242,,0.0,0.0,7000.0,0.0,44.1938812932539,optimal
2021-02-10 02:30:00,7,47,2.3333333333333335,0.0,0.0,0.051,11.7075,6.0,6,17.859653202099313,,693.666666666667,0.0,6306.333333333333,0.0,44.14968741196065,optimal
2021-02-10 03:00:00,7,47,2.3333333333333335,0.0,0.0,0.051,10.8045,6.0,6,17.7096472545246,,7000.0,0.0,0.0,0.0,44.10553772454869,optimal
2021-02-10 03:30:00,7,47,2.3333333333333335,0.0,0.0,0.18006666666666665,11.508,6.0,6,18.009980607579553,,7000.0,0.0,0.0,0.0,44.06143218682414,optimal
2021-02-10 04:00:00,7,47,2.3333333333333335,0.0,0.0,0.051,11.508,6.0,6,18.315974960977528,,7000.0,0.0,0.0,0.0,44.01737075463732,optimal
2021-02-10 04:30:00,7,47,2.3333333333333335,0.0,0.0,0.13313333333333333,11.508,6.0,6,18.60920246296566,,7000.0,0.0,0.0,0.0,43.97335338388268,optimal
2021-02-10 05:00:00,7,47,2.3333333333333335,0.0,0.0,0.09793333333333333,11.844,6.0,6,18.903663837363467,,7000.0,0.0,0.0,0.0,43.9293800304988,optimal
2021-02-10 05:30:00,7,47,2.3333333333333335,0.0,0.0,0.051,11.508,6.0,6,19.190998483943762,,7000.0,0.0,0.0,0.0,43.8854506504683,optimal
2021-02-10 06:00:00,7,47,2.3333333333333335,0.0,0.0,0.12140000000000001,11.508,6.0,6,19.470455310329662,,7000.0,0.0,0.0,0.0,43.84156519981783,optimal
2021-02-10 06:30:00,7,47,2.3333333333333335,0.0,5.0,0.11366666666666668,10.4475,6.0,6,19.750472780423312,,7000.0,0.0,0.0,0.0,46.17272363461801,optimal
2021-02-10 07:00:00,7,47,2.3333333333333335,0.0,0.0,0.060333333333333336,10.8675,6.0,6,20.03106522448448,,7000.0,0.0,0.0,0.0,46.12655091098339,optimal
2021-02-10 07:30:00,7,47,2.3333333333333335,0.0,4.041211873531776,0.14946666666666666,10.542,6.0,6,20.316688243668832,,7000.0,0.0,0.0,0.0,48.0,optimal
2021-02-10 08:00:00,7,47,2.3333333333333335,0.0,0.0,0.10993333333333334,11.025,6.0,6,20.611594234645114,,7000.0,0.0,0.0,0.0,47.83980833147183,optimal
2021-02-10 08:30:00,7,47,2.3333333333333335,0.0,0.0,0.061,11.025,6.0,6,20.8783159784671,,7000.0,0.0,0.0,0.0,47.679776854612186,optimal
2021-02-10 09:00:00,7,47,0.0,0.0,0.0,0.19006666666666663,14.553,6.0,6,21.131765020466954,,0.0,0.0,0.0,0.0,47.5199054092294,optimal
2021-02-10 09:30:00,7,47,2.3333333333333335,0.0,0.0,0.061,13.0935,6.0,6,20.925688450368188,,7000.0,0.0,0.0,0.0,47.360193835292,optimal
2021-02-10 10:00:00,7,47,0.0,0.0,0.0,0.061,15.6345,6.0,6,21.213113253831676,,0.0,0.0,0.0,0.0,47.200641972928544,optimal
2021-02-10 10:30:00,7,47,0.0,0.0,0.0,0.14313333333333333,18.102,6.0,6,21.04995684533594,,0.0,0.0,0.0,0.0,47.04124966242745,optimal
2021-02-10 11:00:00,7,47,0.0,0.0,0.0,0.10793333333333334,17.199,6.0,6,20.896312767929043,,0.0,0.0,0.0,0.0,46.88201674423685,optimal
2021-02-10 11:30:00,7,47,0.0,0.0,0.0,0.061,18.2805,6.0,6,20.777168308109072,,0.0,0.0,0.0,0.0,46.72294305896445,optimal
2021-02-10 12:00:00,7,47,0.0,0.0,0.0,0.19006666666666663,17.4615,6.0,6,20.657253653491587,,0.0,0.0,0.0,0.0,46.56402844737731,optimal
2021-02-10 12:30:00,7,47,0.0,0.0,0.0,0.061,18.3225,6.0,6,20.5923181495105,,0.0,0.0,0.0,0.0,46.405272750401764,optimal
2021-02-10 13:00:00,7,47,0.0,0.0,0.0,0.1138,17.094,6.0,6,20.51896290261342,,0.0,0.0,0.0,0.0,46.2466758091232,optimal
2021-02-10 13:30:00,7,47,0.0,0.0,0.0,0.13726666666666668,17.094,6.0,6,20.443019586467475,,0.0,0.0,0.0,0.0,46.088237464785905,optimal
2021-02-10 14:00:00,7,47,0.0,0.0,0.0,0.061,17.094,6.0,6,20.37197941303648,,0.0,0.0,0.0,0.0,45.92995755879295,optimal
2021-02-10 14:30:00,7,47,0.0,0.0,0.0,0.19006666666666663,17.3565,6.0,6,20.293030793925226,,0.0,0.0,0.0,0.0,45.77183593270599,optimal
2021-02-10 15:00:00,7,47,0.0,0.0,0.0,0.061,17.115,6.0,6,20.224188166170695,,0.0,0.0,0.0,0.0,45.61387242824512,optimal
2021-02-10 15:30:00,7,47,0.0,0.0,0.0,0.2214,17.241,6.0,6,20.11609936404171,,0.0,0.0,0.0,0.0,45.4560668872887,optimal
2021-02-10 16:00:00,7,47,0.34973510950032033,0.0,0.0,0.21406666666666663,17.094,6.0,6,20.037038789716192,,1049.205328500961,0.0,0.0,0.0,45.29841915187324,optimal
2021-02-10 16:30:00,7,47,2.3333333333333335,0.0,0.0,0.347,16.5165,6.0,6,20.0,,7000.0,0.0,0.0,0.0,45.140929064193195,optimal
2021-02-10 17:00:00,7,47,0.0,0.0,0.0,0.061,17.8185,6.0,6,20.396193134585086,,0.0,0.0,0.0,0.0,44.98359646660083,optimal
2021-02-10 17:30:00,7,47,2.3333333333333335,0.0,0.0,0.10206666666666667,17.094,6.0,6,20.181523582690627,,7000.0,0.0,0.0,0.0,44.82642120160606,optimal
2021-02-10 18:00:00,7,47,2.3333333333333335,0.0,0.0,0.23816666666666664,16.8945,6.0,6,20.470800089137317,,7000.0,0.0,0.0,0.0,44.669403111876285,optimal
2021-02-10 18:30:00,7,47,0.05123718285941679,0.0,0.0,0.3909333333333333,18.123,6.0,6,20.766369620580146,,153.71154857825036,0.0,0.0,0.0,44.51254204023624,optimal
2021-02-10 19:00:00,7,47,0.0,0.0,0.0,0.186,31.647,6.0,6,20.595257968184587,,0.0,0.0,0.0,0.0,44.355837829667834,optimal
2021-02-10 19:30:00,7,47,0.0,0.0,0.0,0.4514333333333333,34.9965,6.0,6,20.394601273124085,,0.0,0.0,0.0,0.0,44.199290323309995,optimal
2021-02-10 20:00:00,7,47,0.0,0.0,0.0,0.22,34.9965,6.0,6,20.20820440862808,,0.0,0.0,0.0,0.0,44.04289936445851,optimal
2021-02-10 20:30:00,7,47,0.0,0.0,0.0,0.22446666666666668,34.9965,6.0,6,20.0,,0.0,0.0,0.0,0.0,43.88666479656589,optimal
2021-02-10 21:00:00,7,47,0.0,0.0,0.0,0.2853,34.9965,6.0,6,19.79591165983622,,0.0,0.0,0.0,0.0,43.73058646324115,optimal
2021-02-10 21:30:00,7,47,0.0,0.0,0.0,0.218,34.9965,6.0,6,19.59857282156302,,0.0,0.0,0.0,0.0,43.57466420824974,optimal
2021-02-10 22:00:00,7,47,0.0,0.0,0.0,1.0940666666666665,27.741,6.0,6,19.383437858133536,,0.0,0.0,0.0,0.0,43.53108954404149,optimal
2021-02-10 22:30:00,7,47,0.0,0.0,0.0,0.17723333333333333,19.026,6.0,6,19.18619543554238,,0.0,0.0,0.0,0.0,43.48755845449745,optimal
2021-02-10 23:00:00,7,47,0.0,0.0,0.0,0.061,18.7215,6.0,6,18.96553031652275,,0.0,0.0,0.0,0.0,43.44407089604296,optimal
2021-02-10 23:30:00,7,47,0.0,0.0,0.0,0.09806666666666666,17.4195,6.0,6,18.707516235806377,,0.0,0.0,0.0,0.0,43.400626825146915,optimal
2021-02-11 00:00:00,7,47,2.3333333333333335,0.0,0.0,0.049,11.6865,6.0,-2,18.707516235806377,,7000.0,0.0,0.0,0.0,43.35722619832177,optimal
2021-02-11 00:30:00,7,47,2.3333333333333335,0.0,0.0,0.14553333333333332,11.2245,6.0,-2,18.952672039426407,,0.0,0.0,7000.0,0.0,43.313868972123444,optimal
2021-02-11 01:00:00,7,47,2.3333333333333335,0.0,0.0,0.0852,11.025,6.0,-2,18.705070170649844,,415.0,0.0,6585.0,0.0,43.270555103151324,optimal
2021-02-11 01:30:00,7,47,2.3333333333333335,0.0,0.9317946603760681,0.049,10.7835,6.0,-2,18.48677012286953,,7000.0,0.0,0.0,0.0,43.6698870117268,optimal
2021-02-11 02:00:00,7,47,2.3333333333333335,0.0,0.0,0.049,11.025,6.0,-2,18.736856856057273,,7000.0,0.0,0.0,0.0,43.626217124715076,optimal
2021-02-11 02:30:00,7,47,2.3333333333333335,0.0,5.0,0.15156666666666666,10.584,6.0,-2,18.984012700451867,,7000.0,0.0,0.0,0.0,45.95759090759036,optimal
2021-02-11 03:00:00,7,47,2.3333333333333335,0.0,0.0,0.07916666666666668,11.025,6.0,-2,19.234395814844568,,7000.0,0.0,0.0,0.0,45.91163331668277,optimal
2021-02-11 03:30:00,7,47,2.3333333333333335,0.0,5.0,0.049,10.4265,6.0,-2,19.475522670406523,,7000.0,0.0,0.0,0.0,48.240721683366075,optimal
2021-02-11 04:00:00,7,47,2.3333333333333335,0.0,0.0,0.07313333333333334,12.789,6.0,-2,19.71460770315999,,7000.0,0.0,0.0,0.0,48.192480961682705,optimal
2021-02-11 04:30:00,7,47,2.3333333333333335,0.0,0.0,0.1576,12.684,6.0,-2,19.955537302979106,,7000.0,0.0,0.0,0.0,48.144288480721016,optimal
2021-02-11 05:00:00,7,47,2.3333333333333335,0.0,0.0,0.049,16.254,6.0,-2,20.199651603214935,,7000.0,0.0,0.0,0.0,48.096144192240295,optimal
2021-02-11 05:30:00,7,47,2.3333333333333335,0.0,0.0,0.1817333333333333,17.64,6.0,-2,20.433180087014506,,7000.0,0.0,0.0,0.0,48.048048048048045,optimal
2021-02-11 06:00:00,7,47,1.1985106306963846,0.0,0.0,0.09313333333333335,19.1625,6.0,-2,20.67634317930289,,3595.531892089154,0.0,0.0,0.0,48.0,optimal
2021-02-11 06:30:00,7,47,0.0,0.0,0.0,0.3012333333333333,26.46,6.0,-2,20.678496662817157,,0.0,0.0,0.0,0.0,47.8005520240438,optimal
2021-02-11 07:00:00,7,47,0.0,0.0,0.0,0.4241333333333333,20.79,6.0,-2,20.437180153892957,,0.0,0.0,0.0,0.0,47.601303496063565,optimal
2021-02-11 07:30:00,7,47,0.0,0.0,0.0,1.2078666666666666,29.106,6.0,-2,20.2118551291309,,0.0,0.0,0.0,0.0,47.402254216611304,optimal
2021-02-11 08:00:00,7,47,2.113660217958592,0.0,0.0,0.29753333333333337,19.1835,6.0,-2,20.0,,6340.980653875777,0.0,0.0,0.0,47.203403986438495,optimal
2021-02-11 08:30:00,7,47,0.0,0.0,0.0,1.6396,19.6665,6.0,-2,20.228217895987985,,0.0,0.0,0.0,0.0,47.00475260649586,optimal
2021-02-11 09:00:00,7,47,1.059238307518812,0.0,0.0,0.0952,19.404,6.0,-2,20.0,,3177.7149225564362,0.0,0.0,0.0,46.80629987793317,optimal
2021-02-11 09:30:00,7,47,0.9485107292867304,0.0,0.0,0.15553333333333333,19.047,6.0,-2,20.0,,2845.5321878601912,0.0,0.0,0.0,46.60804560209904,optimal
2021-02-11 10:00:00,7,47,1.259910122553152,0.0,0.0,0.059,18.858,6.0,-2,20.0,,3779.730367659456,0.0,0.0,0.0,46.409989580540746,optimal
2021-02-11 10:30:00,7,47,0.0,0.0,0.0,0.1495,19.2675,6.0,-2,20.135520899331883,,0.0,0.0,0.0,0.0,46.21213161500401,optimal
2021-02-11 11:00:00,7,47,0.46689306196326125,0.0,0.0,0.10123333333333331,18.963,6.0,-2,20.0,,1400.6791858897836,0.0,0.0,0.0,46.01447150743281,optimal
2021-02-11 11:30:00,7,47,0.6349852462960636,0.0,0.0,0.08916666666666667,18.438,6.0,-2,20.0,,1904.9557388881908,0.0,0.0,0.0,45.81700905996918,optimal
2021-02-11 12:00:00,7,47,0.0,0.0,0.0,0.16156666666666666,18.7425,6.0,-2,20.04380142854771,,0.0,0.0,0.0,0.0,45.61974407495302,optimal
2021-02-11 12:30:00,7,47,2.3333333333333335,0.0,0.0,0.059,15.2145,6.0,-2,20.0,,6721.333333333333,0.0,278.6666666666667,0.0,45.42267635492187,optimal
2021-02-11 13:00:00,7,47,0.0,0.0,0.0,0.07709999999999999,17.7765,6.0,-2,20.43513484587499,,0.0,0.0,0.0,0.0,45.22580570261075,optimal
2021-02-11 13:30:00,7,47,0.0,0.0,0.0,0.17363333333333333,16.758,6.0,-2,20.376421846730945,,0.0,0.0,0.0,0.0,45.02913192095194,optimal
2021-02-11 14:00:00,7,47,2.3333333333333335,0.0,0.0,0.059,16.422,6.0,-2,20.32643547977707,,7000.0,0.0,0.0,0.0,44.83265481307479,optimal
2021-02-11 14:30:00,7,47,2.3118130194579565,0.0,0.0,0.11933333333333332,16.758,6.0,-2,20.772092206164384,,6935.4390583738705,0.0,0.0,0.0,44.63637418230552,optimal
2021-02-11 15:00:00,7,47,0.0,0.0,0.0,0.13140000000000002,29.358,6.0,-2,21.208123524361916,,0.0,0.0,0.0,0.0,44.44028983216702,optimal
2021-02-11 15:30:00,7,47,0.0,0.0,0.0,0.059,34.9965,6.0,-2,21.106967450807925,,0.0,0.0,0.0,0.0,44.244401566378656,optimal
2021-02-11 16:00:00,7,47,0.0,0.0,0.0,0.2017333333333333,34.65,6.0,-2,20.98836951441129,,0.0,0.0,0.0,0.0,44.200157164812275,optimal
2021-02-11 16:30:00,7,47,0.0,0.0,0.0,0.2727,34.9965,6.0,-2,20.8383726912735,,0.0,0.0,0.0,0.0,44.155957007647466,optimal
2021-02-11 17:00:00,7,47,0.0,0.0,0.0,0.18086666666666668,34.9965,6.0,-2,20.690751547073233,,0.0,0.0,0.0,0.0,44.11180105063982,optimal
2021-02-11 17:30:00,7,47,0.0,0.0,0.0,0.09586666666666666,30.4815,6.0,-2,20.46780756912456,,0.0,0.0,0.0,0.0,44.06768924958918,optimal
2021-02-11 18:00:00,7,47,0.0,0.0,0.0,0.14216666666666666,21.4305,6.0,-2,20.240725438640457,,0.0,0.0,0.0,0.0,44.02362156033959,optimal
2021-02-11 18:30:00,7,47,1.0765430268788863,0.0,0.0,0.46953333333333336,14.3325,6.0,-2,20.0,,3229.6290806366587,0.0,0.0,0.0,43.97959793877925,optimal
2021-02-11 19:00:00,7,47,2.3333333333333335,0.0,0.0,0.22636666666666666,13.692,6.0,-2,20.0,,7000.0,0.0,0.0,0.0,43.93561834084047,optimal
2021-02-11 19:30:00,7,47,0.049966104916421866,0.0,0.0,0.27246666666666663,14.007,6.0,-2,20.243472119108215,,149.8983147492656,0.0,0.0,0.0,43.89168272249963,optimal
2021-02-11 20:00:00,7,47,1.3150725285635438,0.0,0.0,0.2636,12.873,6.0,-2,20.0,,3736.217585690631,0.0,209.0,0.0,43.84779103977713,optimal
2021-02-11 20:30:00,7,47,0.0,0.0,0.0,0.22166666666666662,12.684,6.0,-2,20.0,,0.0,0.0,0.0,0.0,43.803943248737355,optimal
2021-02-11 21:00:00,7,47,0.6734444444444445,0.0,0.0,0.32106666666666667,12.306,6.0,-2,19.72760936626201,,0.0,0.0,2020.3333333333333,0.0,43.760139305488615,optimal
2021-02-11 21:30:00,7,47,0.8824444444444445,0.0,0.0,0.2464333333333333,10.6365,6.0,-2,19.460823026239346,,0.0,0.0,2647.3333333333335,0.0,43.716379166183124,optimal
2021-02-11 22:00:00,7,47,0.0,0.0,0.0,0.12933333333333336,11.2455,6.0,-2,19.193158444563856,,0.0,0.0,0.0,0.0,43.67266278701694,optimal
2021-02-11 22:30:00,7,47,0.0,0.0,0.0,0.3418,11.2455,6.0,-2,18.92198455019448,,0.0,0.0,0.0,0.0,43.62899012422992,optimal
2021-02-11 23:00:00,7,47,0.0,0.0,0.0,0.058,11.025,6.0,-2,18.670843065059927,,0.0,0.0,0.0,0.0,43.58536113410569,optimal
2021-02-11 23:30:00,7,47,0.0,0.0,0.0,0.054,12.0855,6.0,-2,18.392153844276752,,0.0,0.0,0.0,0.0,43.54177577297158,optimal
2021-02-12 00:00:00,7,47,2.3285361693627316,0.0,0.0,0.048,10.689,6.0,2,18.392153844276752,,6985.608508088194,0.0,0.0,0.0,43.49823399719861,optimal
2021-02-12 00:30:00,7,47,2.3333333333333335,0.0,5.0,0.048,8.1585,6.0,2,18.6023514371547,,0.0,0.0,7000.0,0.0,45.82973576320141,optimal
2021-02-12 01:00:00,7,47,2.3333333333333335,0.0,0.0,0.048,10.3635,6.0,2,18.313186197975792,,5918.666666666667,0.0,1081.3333333333333,0.0,45.78390602743821,optimal
2021-02-12 01:30:00,7,47,2.3333333333333335,0.0,0.0,0.1026,10.8045,6.0,2,18.44841567880085,,7000.0,0.0,0.0,0.0,45.738122121410775,optimal
2021-02-12 02:00:00,7,47,2.3333333333333335,0.0,0.0,0.19726666666666667,11.025,6.0,2,18.66403335474488,,7000.0,0.0,0.0,0.0,45.69238399928936,optimal
2021-02-12 02:30:00,7,47,2.3333333333333335,0.0,0.0,0.09046666666666668,10.3635,6.0,2,18.885029867970317,,7000.0,0.0,0.0,0.0,45.646691615290074,optimal
2021-02-12 03:00:00,7,47,2.3333333333333335,0.0,0.0,0.06620000000000001,10.8045,6.0,2,19.09935537757939,,7000.0,0.0,0.0,0.0,45.601044923674785,optimal
2021-02-12 03:30:00,7,47,2.3333333333333335,0.0,0.0,0.17166666666666666,10.059,6.0,2,19.312958814988033,,7000.0,0.0,0.0,0.0,45.55544387875111,optimal
2021-02-12 04:00:00,7,47,2.3333333333333335,0.0,0.0,0.09786666666666666,10.584,6.0,2,19.539764613342086,,7000.0,0.0,0.0,0.0,45.50988843487236,optimal
2021-02-12 04:30:00,7,47,2.3333333333333335,0.0,5.0,0.1031,9.4185,6.0,2,19.76686647378326,,7000.0,0.0,0.0,0.0,47.83937854643749,optimal
2021-02-12 05:00:00,7,47,2.3333333333333335,0.0,0.0,0.18863333333333332,10.3635,6.0,2,19.999882715716826,,7000.0,0.0,0.0,0.0,47.79153916789105,optimal
2021-02-12 05:30:00,7,47,2.3333333333333335,0.0,1.7600292821203156,0.053666666666666654,9.8385,6.0,2,20.244171387591905,,7000.0,0.0,0.0,0.0,48.579761537730306,optimal
2021-02-12 06:00:00,7,47,2.3333333333333335,0.0,0.0,0.2335,11.067,6.0,2,20.485253727390436,,7000.0,0.0,0.0,0.0,48.53118177619257,optimal
2021-02-12 06:30:00,7,47,2.3333333333333335,0.0,0.0,0.05423333333333333,10.8465,6.0,2,20.74608125933736,,7000.0,0.0,0.0,0.0,48.48265059441637,optimal
2021-02-12 07:00:00,7,47,0.0,0.0,0.0,0.048,13.671,6.0,2,20.992272400814326,,0.0,0.0,0.0,0.0,48.434167943821954,optimal
2021-02-12 07:30:00,7,47,2.3333333333333335,0.0,0.0,0.1026,12.348,6.0,2,20.738383750687767,,7000.0,0.0,0.0,0.0,48.38573377587813,optimal
2021-02-12 08:00:00,7,47,0.0,0.0,0.0,0.12796666666666667,14.3325,6.0,2,20.978729923231636,,0.0,0.0,0.0,0.0,48.33734804210225,optimal
2021-02-12 08:30:00,7,47,0.0,0.0,0.0,1.5054,15.393,6.0,2,20.7306861032026,,0.0,0.0,0.0,0.0,48.289010694060146,optimal
2021-02-12 09:00:00,7,47,0.0,0.0,0.0,0.2980333333333334,13.587,6.0,2,20.52763003274308,,0.0,0.0,0.0,0.0,48.240721683366075,optimal
2021-02-12 09:30:00,7,47,0.0,0.0,0.0,0.31676666666666664,16.1385,6.0,2,20.343927992509734,,0.0,0.0,0.0,0.0,48.192480961682705,optimal
2021-02-12 10:00:00,7,47,0.0,0.0,0.0,0.20366666666666663,14.595,6.0,2,20.175037417876577,,0.0,0.0,0.0,0.0,48.144288480721016,optimal
2021-02-12 10:30:00,7,47,0.0,0.0,0.0,1.456,14.637,6.0,2,20.07616683683311,,0.0,0.0,0.0,0.0,48.096144192240295,optimal
2021-02-12 11:00:00,7,47,0.0,0.0,0.0,2.3285666666666667,13.9125,6.0,2,20.00924768773954,,0.0,0.0,0.0,0.0,48.048048048048045,optimal
2021-02-12 11:30:00,7,47,0.16385316634358477,0.0,0.0,1.2416666666666667,13.3665,6.0,2,20.0,,491.5594990307543,0.0,0.0,0.0,48.0,optimal
2021-02-12 12:00:00,7,47,0.40002584241044126,0.0,0.0,0.3741333333333333,13.0095,6.0,2,20.0,,1200.0775272313238,0.0,0.0,0.0,47.7595298386469,optimal
2021-02-12 12:30:00,7,47,0.0,0.0,0.0,0.05066666666666666,13.8915,6.0,2,20.055922216747813,,0.0,0.0,0.0,0.0,47.51930014745515,optimal
2021-02-12 13:00:00,7,47,0.28381965817622273,0.0,0.0,0.13423333333333332,13.188,6.0,2,20.0,,851.4589745286683,0.0,0.0,0.0,47.27931068595459,optimal
2021-02-12 13:30:00,7,47,0.22681156527445243,0.0,0.0,0.1674,12.5685,6.0,2,20.0,,680.4346958233573,0.0,0.0,0.0,47.03956121391554,optimal
2021-02-12 14:00:00,7,47,0.29597206752825644,0.0,0.0,0.13923333333333332,12.285,6.0,2,20.0,,887.9162025847694,0.0,0.0,0.0,46.800051491348526,optimal
2021-02-12 14:30:00,7,47,0.8122177838404514,0.0,0.0,0.20753333333333332,11.487,6.0,2,20.0,,2436.653351521354,0.0,0.0,0.0,46.56078127850408,optimal
2021-02-12 15:00:00,7,47,0.0,0.0,0.0,0.052,11.802,6.0,2,20.105315108794382,,0.0,0.0,0.0,0.0,46.32175033587248,optimal
2021-02-12 15:30:00,7,47,2.3333333333333335,0.0,0.0,0.15633333333333335,11.2245,6.0,2,20.0,,7000.0,0.0,0.0,0.0,46.27542858553661,optimal
2021-02-12 16:00:00,7,47,2.3333333333333335,0.0,0.0,0.2786666666666667,11.025,6.0,2,20.433698841808862,,7000.0,0.0,0.0,0.0,46.22915315695107,optimal
2021-02-12 16:30:00,7,47,2.1197828078238103,0.0,0.0,0.173,11.907,6.0,2,20.821629685617328,,6359.348423471431,0.0,0.0,0.0,46.18292400379412,optimal
2021-02-12 17:00:00,7,47,0.0,0.0,0.0,1.2102,25.83,6.0,2,21.15069464924132,,0.0,0.0,0.0,0.0,46.136741079790326,optimal
2021-02-12 17:30:00,7,47,0.0,0.0,0.0,0.4816666666666667,28.035,6.0,2,21.043578091270618,,0.0,0.0,0.0,0.0,46.090604338710534,optimal
2021-02-12 18:00:00,7,47,0.0,0.0,0.0,0.18946666666666667,28.119,6.0,2,20.88271944673343,,0.0,0.0,0.0,0.0,46.044513734371826,optimal
2021-02-12 18:30:00,7,47,0.0,0.0,0.0,0.3454333333333333,30.156,6.0,2,20.688840270306905,,0.0,0.0,0.0,0.0,45.99846922063745,optimal
2021-02-12 19:00:00,7,47,0.0,0.0,0.0,0.24563333333333331,29.1585,6.0,2,20.514705296073252,,0.0,0.0,0.0,0.0,45.95247075141682,optimal
2021-02-12 19:30:00,7,47,0.0,0.0,0.0,0.23676666666666668,26.712,6.0,2,20.33489770657535,,0.0,0.0,0.0,0.0,45.9065182806654,optimal
2021-02-12 20:00:00,7,47,0.0,0.0,0.0,0.2911,15.435,6.0,2,20.16616882648874,,0.0,0.0,0.0,0.0,45.860611762384735,optimal
2021-02-12 20:30:00,7,47,0.0,0.0,0.0,0.14253333333333335,13.566,6.0,2,20.0,,0.0,0.0,0.0,0.0,45.81475115062235,optimal
2021-02-12 21:00:00,7,47,0.0,0.0,0.0,0.13046666666666668,12.789,6.0,2,19.81306758490737,,0.0,0.0,0.0,0.0,45.76893639947173,optimal
2021-02-12 21:30:00,7,47,0.0,0.0,0.0,0.31603333333333333,12.1275,6.0,2,19.634269209740694,,0.0,0.0,0.0,0.0,45.72316746307226,optimal
2021-02-12 22:00:00,7,47,0.0,0.0,0.0,0.23336666666666667,13.671,6.0,2,19.46912788282825,,0.0,0.0,0.0,0.0,45.677444295609185,optimal
2021-02-12 22:30:00,7,47,0.0,0.0,0.0,0.2475,10.668,6.0,2,19.296433257985278,,0.0,0.0,0.0,0.0,45.63176685131358,optimal
2021-02-12 23:00:00,7,47,0.0,0.0,0.0,0.4710666666666667,11.7285,6.0,2,19.124271127660215,,0.0,0.0,0.0,0.0,45.58613508446226,optimal
2021-02-12 23:30:00,7,47,0.0,0.0,0.0,0.05766666666666666,11.025,6.0,2,18.951914448300254,,0.0,0.0,0.0,0.0,45.5405489493778,optimal
2021-02-13 00:00:00,7,47,2.3333333333333335,0.0,5.0,0.056,7.056,6.0,1,18.951914448300254,,7000.0,0.0,0.0,0.0,47.870008400428425,optimal
2021-02-13 00:30:00,7,47,2.3,0.0,0.0,0.056,9.3975,6.0,1,19.23455732960233,,0.0,0.0,6900.0,0.0,47.822138392027995,optimal
2021-02-13 01:00:00,7,47,0.0,0.0,0.0,0.056,10.059,6.0,1,19.016550637741947,,0.0,0.0,0.0,0.0,47.774316253635966,optimal
2021-02-13 01:30:00,7,47,2.3333333333333335,0.0,0.0,0.15306666666666666,9.261,6.0,1,18.8016848474386,,0.0,0.0,7000.0,0.0,47.72654193738233,optimal
2021-02-13 02:00:00,7,47,2.3333333333333335,0.0,0.0,0.1232,8.1585,6.0,1,18.596827682824788,,0.0,0.0,7000.0,0.0,47.67881539544495,optimal
2021-02-13 02:30:00,7,47,0.0,0.0,0.0,0.07840000000000001,9.4815,6.0,1,18.392832842056574,,0.0,0.0,0.0,0.0,47.63113658004951,optimal
2021-02-13 03:00:00,7,47,2.3333333333333335,0.0,0.0,0.19786666666666666,8.379,6.0,1,18.18804200869019,,7000.0,0.0,0.0,0.0,47.583505443469456,optimal
2021-02-13 03:30:00,7,47,2.236334462397242,0.0,0.0,0.056,9.5235,6.0,1,18.492072224578926,,6709.003387191726,0.0,0.0,0.0,47.535921938025986,optimal
2021-02-13 04:00:00,7,47,2.3333333333333335,0.0,0.0,0.056,8.1375,6.0,1,18.761163010923372,,7000.0,0.0,0.0,0.0,47.48838601608796,optimal
2021-02-13 04:30:00,7,47,0.0,0.0,0.0,0.47653333333333336,10.0905,6.0,1,19.047213350584144,,0.0,0.0,0.0,0.0,47.440897630071866,optimal
2021-02-13 05:00:00,7,47,2.3333333333333335,0.0,3.010387395997118,0.072,7.539,6.0,1,18.865779947107676,,4770.666666666666,0.0,2229.3333333333335,0.0,48.823390745540415,optimal
2021-02-13 05:30:00,7,47,2.3333333333333335,0.0,0.0,0.09586666666666666,7.938,6.0,1,18.997109841900482,,7000.0,0.0,0.0,0.0,48.774567354794875,optimal
2021-02-13 06:00:00,7,47,2.3333333333333335,0.0,0.0,0.2004,8.274,6.0,1,19.27900363037894,,7000.0,0.0,0.0,0.0,48.72579278744007,optimal
2021-02-13 06:30:00,7,47,2.3333333333333335,0.0,0.0,0.066,9.261,6.0,1,19.56385747057696,,7000.0,0.0,0.0,0.0,48.67706699465263,optimal
2021-02-13 07:00:00,7,47,2.3333333333333335,0.0,0.0,0.2004,9.9225,6.0,1,19.835226870924227,,7000.0,0.0,0.0,0.0,48.62838992765797,optimal
2021-02-13 07:30:00,7,47,2.3333333333333335,0.0,0.0,0.09586666666666666,9.702,6.0,1,20.11239010987761,,7000.0,0.0,0.0,0.0,48.579761537730306,optimal
2021-02-13 08:00:00,7,47,2.3333333333333335,0.0,0.0,0.11826666666666669,10.584,6.0,1,20.37828351086682,,7000.0,0.0,0.0,0.0,48.53118177619257,optimal
2021-02-13 08:30:00,7,47,2.3333333333333335,0.0,0.0,0.178,10.143,6.0,1,20.643611767547227,,7000.0,0.0,0.0,0.0,48.48265059441637,optimal
2021-02-13 09:00:00,7,47,0.0,0.0,0.0,0.13556666666666667,13.0095,6.0,1,20.910665430963114,,0.0,0.0,0.0,0.0,48.434167943821954,optimal
2021-02-13 09:30:00,7,47,0.34833333333333333,0.0,0.0,0.22466666666666663,11.025,6.0,1,20.708679169691507,,0.0,0.0,1045.0,0.0,48.38573377587813,optimal
2021-02-13 10:00:00,7,47,0.0,0.0,0.0,0.332,12.789,6.0,1,20.5352358529671,,0.0,0.0,0.0,0.0,48.33734804210225,optimal
2021-02-13 10:30:00,7,47,0.0,0.0,0.0,0.2596666666666667,12.1275,6.0,1,20.418365135683516,,0.0,0.0,0.0,0.0,48.289010694060146,optimal
2021-02-13 11:00:00,7,47,0.0,0.0,0.0,0.2139333333333333,12.1695,6.0,1,20.296723353775377,,0.0,0.0,0.0,0.0,48.240721683366075,optimal
2021-02-13 11:30:00,7,47,0.0,0.0,0.0,0.3775333333333334,12.306,6.0,1,20.221483564093095,,0.0,0.0,0.0,0.0,48.192480961682705,optimal
2021-02-13 12:00:00,7,47,0.0,0.0,0.0,0.24380000000000002,13.23,6.0,1,20.154198747686713,,0.0,0.0,0.0,0.0,48.144288480721016,optimal
2021-02-13 12:30:00,7,47,0.0,0.0,0.0,0.10536666666666666,13.671,6.0,1,20.104829705473428,,0.0,0.0,0.0,0.0,48.096144192240295,optimal
2021-02-13 13:00:00,7,47,0.0,0.0,0.0,0.22353333333333333,13.9335,6.0,1,20.04736416973951,,0.0,0.0,0.0,0.0,48.048048048048045,optimal
2021-02-13 13:30:00,7,47,0.0,0.0,0.0,1.487766666666667,13.293,6.0,1,20.00635391736844,,0.0,0.0,0.0,0.0,48.0,optimal
2021-02-13 14:00:00,7,47,0.4195740172658034,0.0,0.0,0.17606666666666665,12.1065,6.0,1,20.0,,1258.7220517974101,0.0,0.0,0.0,47.02373639299682,optimal
2021-02-13 14:30:00,7,47,0.7615980770818097,0.0,0.0,0.26206666666666667,11.571,6.0,1,20.0,,2284.7942312454293,0.0,0.0,0.0,46.04844904960064,optimal
2021-02-13 15:00:00,7,47,2.3333333333333335,0.0,0.0,0.1038,11.025,6.0,1,20.08111982521976,,7000.0,0.0,0.0,0.0,45.07413699354786,optimal
2021-02-13 15:30:00,7,47,2.3333333333333335,0.0,0.0,0.2003,10.8465,6.0,1,20.456177941193257,,7000.0,0.0,0.0,0.0,44.10079924955113,optimal
2021-02-13 16:00:00,7,47,2.3333333333333335,0.0,0.0,0.6110333333333333,11.2455,6.0,1,20.832381096495816,,7000.0,0.0,0.0,0.0,43.1284348432984,optimal
2021-02-13 16:30:00,7,47,0.0,0.0,0.0,0.48660000000000003,23.8665,6.0,1,21.19575617607218,,0.0,0.0,0.0,0.0,42.15704280145192,optimal
2021-02-13 17:00:00,7,47,0.0,0.0,0.0,0.5957333333333333,27.4575,6.0,1,21.047927675212634,,0.0,0.0,0.0,0.0,42.11488575865047,optimal
2021-02-13 17:30:00,7,47,0.0,0.0,0.0,0.7449333333333332,27.3735,6.0,1,20.874968762869536,,0.0,0.0,0.0,0.0,42.07277087289182,optimal
2021-02-13 18:00:00,7,47,0.0,0.0,0.0,0.5779666666666667,30.4605,6.0,1,20.719590366338704,,0.0,0.0,0.0,0.0,42.03069810201893,optimal
2021-02-13 18:30:00,7,47,0.0,0.0,0.0,0.35063333333333335,30.0195,6.0,1,20.54427020898261,,0.0,0.0,0.0,0.0,41.988667403916914,optimal
2021-02-13 19:00:00,7,47,0.0,0.0,0.0,0.3946,26.9325,6.0,1,20.352834940637692,,0.0,0.0,0.0,0.0,41.94667873651299,optimal
2021-02-13 19:30:00,7,47,0.0,0.0,0.0,0.5922666666666666,14.595,6.0,1,20.169395071372314,,0.0,0.0,0.0,0.0,41.90473205777648,optimal
2021-02-13 20:00:00,7,47,0.7366742884726422,0.0,0.0,0.6928666666666666,12.4845,6.0,1,20.0,,2210.0228654179264,0.0,0.0,0.0,41.862827325718705,optimal
2021-02-13 20:30:00,7,47,0.0,0.0,0.0,0.358,12.1275,6.0,1,20.0,,0.0,0.0,0.0,0.0,41.82096449839299,optimal
2021-02-13 21:00:00,7,47,0.0,0.0,0.0,0.4241333333333333,12.1275,6.0,1,19.813262978138397,,0.0,0.0,0.0,0.0,41.7791435338946,optimal
2021-02-13 21:30:00,7,47,0.0,0.0,0.0,0.2298,12.789,6.0,1,19.642559052532345,,0.0,0.0,0.0,0.0,41.7373643903607,optimal
2021-02-13 22:00:00,7,47,0.0,0.0,0.0,0.3370666666666667,11.907,6.0,1,19.457490294593853,,0.0,0.0,0.0,0.0,41.695627025970346,optimal
2021-02-13 22:30:00,7,47,0.0,0.0,0.0,0.13319999999999999,11.025,6.0,1,19.27680469828829,,0.0,0.0,0.0,0.0,41.65393139894437,optimal
2021-02-13 23:00:00,7,47,0.0,0.0,0.0,0.066,8.2005,6.0,1,19.06425489969961,,0.0,0.0,0.0,0.0,41.612277467545425,optimal
2021-02-13 23:30:00,7,47,0.0,0.0,0.0,0.1257333333333333,9.5655,6.0,1,18.85000198873858,,0.0,0.0,0.0,0.0,41.57066519007788,optimal
2021-02-07 00:00:00,8,47,0.0,0.0,0.0,0.053,8.274,6.0,-2,21.0,,0.0,0.0,0.0,0.0,47.952,optimal
2021-02-07 00:30:00,8,47,0.0,0.0,0.0,0.19966666666666663,7.7175,6.0,-2,20.799171053066942,,0.0,0.0,0.0,0.0,47.904047999999996,optimal
2021-02-07 01:00:00,8,47,0.0,0.0,0.0,0.11059999999999999,6.615,6.0,-2,20.609956444739254,,0.0,0.0,0.0,0.0,47.856143952,optimal
2021-02-07 01:30:00,8,47,0.0,0.0,0.0,0.1394,6.174,6.0,-2,20.41545190715572,,0.0,0.0,0.0,0.0,47.80828780804799,optimal
2021-02-07 02:00:00,8,47,2.3333333333333335,0.0,0.0,0.2322,3.906,6.0,-2,20.22468948692265,,3168.3333333333335,0.0,3831.6666666666665,0.0,47.76047952023995,optimal
2021-02-07 02:30:00,8,47,2.3333333333333335,0.0,0.0,0.13206666666666667,2.3415,6.0,-2,20.26754725545363,,7000.0,0.0,0.0,0.0,47.712719040719705,optimal
2021-02-07 03:00:00,8,47,2.3333333333333335,0.0,0.0,0.23313333333333333,2.205,6.0,-2,20.574161762471356,,7000.0,0.0,0.0,0.0,47.66500632167899,optimal
2021-02-07 03:30:00,8,47,2.3333333333333335,0.0,1.7196350072939925,0.15273333333333333,0.882,6.0,-2,20.883200016516035,,7000.0,0.0,0.0,0.0,48.434167943821954,optimal
2021-02-07 04:00:00,8,47,2.3333333333333335,0.0,0.0,0.052333333333333336,1.5435,6.0,-2,21.182311522922127,,7000.0,0.0,0.0,0.0,48.38573377587813,optimal
2021-02-07 04:30:00,8,47,2.3333333333333335,0.0,0.0,0.1818333333333333,1.5435,6.0,-2,21.471683749976254,,7000.0,0.0,0.0,0.0,48.33734804210225,optimal
2021-02-07 05:00:00,8,47,2.3333333333333335,0.0,0.0,0.11493333333333333,5.0715,6.0,-2,21.768915373703184,,7000.0,0.0,0.0,0.0,48.289010694060146,optimal
2021-02-07 05:30:00,8,47,2.3333333333333335,0.0,0.0,0.2698666666666667,5.376,6.0,-2,22.054063751040516,,7000.0,0.0,0.0,0.0,48.240721683366075,optimal
2021-02-07 06:00:00,8,47,2.3333333333333335,0.0,0.0,0.1484,5.0715,6.0,-2,22.347199271473507,,7000.0,0.0,0.0,0.0,48.192480961682705,optimal
2021-02-07 06:30:00,8,47,0.030161814895987432,0.0,0.0,0.2079333333333333,5.5125,6.0,-2,22.62825924169373,,90.4854446879623,0.0,0.0,0.0,48.144288480721016,optimal
2021-02-07 07:00:00,8,47,0.0,0.0,0.0,0.15273333333333333,9.261,6.0,-2,22.418187357534276,,0.0,0.0,0.0,0.0,48.096144192240295,optimal
2021-02-07 07:30:00,8,47,0.0,0.0,0.0,0.1419,11.7075,6.0,-2,22.19962855542534,,0.0,0.0,0.0,0.0,48.048048048048045,optimal
2021-02-07 08:00:00,8,47,0.0,0.0,0.0,0.3258666666666667,12.348,6.0,-2,22.0,,0.0,0.0,0.0,0.0,48.0,optimal
2021-02-07 08:30:00,8,47,0.0,0.0,0.0,0.061,12.348,6.0,-2,21.813944117138178,,0.0,0.0,0.0,0.0,47.52448553532471,optimal
2021-02-07 09:00:00,8,47,0.0,0.0,0.0,0.0706,12.1275,6.0,-2,21.60390371787965,,0.0,0.0,0.0,0.0,47.04944658511409,optimal
2021-02-07 09:30:00,8,47,0.0,0.0,0.0,0.31456666666666666,12.5265,6.0,-2,21.41492368706089,,0.0,0.0,0.0,0.0,46.574882673853686,optimal
2021-02-07 10:00:00,8,47,0.0,0.0,0.0,0.22833333333333328,11.7495,6.0,-2,21.243224458622358,,0.0,0.0,0.0,0.0,46.100793326504544,optimal
2021-02-07 10:30:00,8,47,0.0,0.0,0.0,0.47986666666666666,13.23,6.0,-2,21.112561351047308,,0.0,0.0,0.0,0.0,45.62717806850275,optimal
2021-02-07 11:00:00,8,47,0.0,0.0,0.0,0.20353333333333334,14.3325,6.0,-2,20.987502389603325,,0.0,0.0,0.0,0.0,45.15403642575896,optimal
2021-02-07 11:30:00,8,47,0.0,0.0,0.0,0.3150333333333334,14.994,6.0,-2,20.85410490748241,,0.0,0.0,0.0,0.0,44.68136792465791,optimal
2021-02-07 12:00:00,8,47,0.0,0.0,0.0,0.6466333333333333,14.8155,6.0,-2,20.73244974688281,,0.0,0.0,0.0,0.0,44.20917209205796,optimal
2021-02-07 12:30:00,8,47,0.0,0.0,0.0,0.5358999999999999,14.112,6.0,-2,20.672547841046708,,0.0,0.0,0.0,0.0,43.73744845529061,optimal
2021-02-07 13:00:00,8,47,0.0,0.0,0.0,0.4086666666666667,14.007,6.0,-2,20.598334387433994,,0.0,0.0,0.0,0.0,43.26619654216003,optimal
2021-02-07 13:30:00,8,47,0.0,0.0,0.0,0.5541,13.23,6.0,-2,20.49034655717781,,0.0,0.0,0.0,0.0,42.79541588094258,optimal
2021-02-07 14:00:00,8,47,2.3333333333333335,0.0,0.0,0.5097333333333334,11.382,6.0,-2,20.387773970490656,,7000.0,0.0,0.0,0.0,42.32510600038634,optimal
2021-02-07 14:30:00,8,47,0.05818585887553305,0.0,0.0,0.4332,11.7495,6.0,-2,20.80271472497975,,174.55757662659914,0.0,0.0,0.0,41.85526642971067,optimal
2021-02-07 15:00:00,8,47,0.0,0.0,0.0,0.284,24.3285,6.0,-2,20.724498028442913,,0.0,0.0,0.0,0.0,41.38589669860566,optimal
2021-02-07 15:30:00,8,47,0.0,0.0,0.0,0.5675,28.917,6.0,-2,20.64426883736522,,0.0,0.0,0.0,0.0,40.916996337231765,optimal
2021-02-07 16:00:00,8,47,0.0,0.0,0.0,0.4925333333333334,31.3635,6.0,-2,20.580106303844005,,0.0,0.0,0.0,0.0,40.448564876219244,optimal
2021-02-07 16:30:00,8,47,0.0,0.0,0.0,0.4055666666666667,33.306,6.0,-2,20.476027495273254,,0.0,0.0,0.0,0.0,40.40811631134302,optimal
2021-02-07 17:00:00,8,47,0.0,0.0,0.0,0.33253333333333335,31.3425,6.0,-2,20.391987881997455,,0.0,0.0,0.0,0.0,40.36770819503168,optimal
2021-02-07 17:30:00,8,47,0.0,0.0,0.0,0.2066,28.2555,6.0,-2,20.25846649818794,,0.0,0.0,0.0,0.0,40.32734048683665,optimal
2021-02-07 18:00:00,8,47,0.0,0.0,0.0,0.46976666666666667,15.6975,6.0,-2,20.124644534720648,,0.0,0.0,0.0,0.0,40.28701314634981,optimal
2021-02-07 18:30:00,8,47,0.23709384141603074,0.0,0.0,2.1146333333333334,12.5475,6.0,-2,20.0,,711.2815242480922,0.0,0.0,0.0,40.24672613320346,optimal
2021-02-07 19:00:00,8,47,0.6372634434224546,0.0,0.0,0.22026666666666667,12.0855,6.0,-2,20.0,,1911.7903302673637,0.0,0.0,0.0,40.206479407070255,optimal
2021-02-07 19:30:00,8,47,0.9417010479117358,0.0,0.0,0.29306666666666664,11.907,6.0,-2,20.0,,2825.1031437352076,0.0,0.0,0.0,40.16627292766319,optimal
2021-02-07 20:00:00,8,47,0.0,0.0,0.0,1.7702666666666669,12.5685,6.0,-2,20.06912686651654,,0.0,0.0,0.0,0.0,40.12610665473552,optimal
2021-02-07 20:30:00,8,47,0.0,0.0,0.0,0.4283666666666667,13.146,6.0,-2,20.0,,0.0,0.0,0.0,0.0,40.08598054808079,optimal
2021-02-07 21:00:00,8,47,0.0,0.0,0.0,0.3508,10.584,6.0,-2,19.862836451283304,,0.0,0.0,0.0,0.0,40.04589456753271,optimal
2021-02-07 21:30:00,8,47,0.0,0.0,0.0,0.7785,6.678,6.0,-2,19.721657956133452,,0.0,0.0,0.0,0.0,40.00584867296518,optimal
2021-02-07 22:00:00,8,47,0.0,0.0,0.0,0.24053333333333332,7.938,6.0,-2,19.60383159345314,,0.0,0.0,0.0,0.0,39.96584282429222,optimal
2021-02-07 22:30:00,8,47,0.0,0.0,0.0,0.3706666666666667,5.292,6.0,-2,19.45243900591485,,0.0,0.0,0.0,0.0,39.92587698146792,optimal
2021-02-07 23:00:00,8,47,0.0,0.0,0.0,0.2292,9.261,6.0,-2,19.308319156039634,,0.0,0.0,0.0,0.0,39.88595110448645,optimal
2021-02-07 23:30:00,8,47,0.0,0.0,0.0,0.1256,10.3635,6.0,-2,19.126246523869835,,0.0,0.0,0.0,0.0,39.846065153381964,optimal
2021-02-08 00:00:00,8,47,2.3333333333333335,0.0,3.1290327286754707,0.073,5.5755,6.0,-5,19.126246523869835,,7000.0,0.0,0.0,0.0,41.29250963434943,optimal
2021-02-08 00:30:00,8,47,2.3333333333333335,0.0,5.0,0.10666666666666669,5.0925,6.0,-5,19.428396647007336,,0.0,0.0,7000.0,0.0,43.626217124715076,optimal
2021-02-08 01:00:00,8,47,2.3333333333333335,0.0,5.0,0.09813333333333334,4.1895,6.0,-5,19.232117567559268,,0.0,0.0,7000.0,0.0,45.95759090759036,optimal
2021-02-08 01:30:00,8,47,2.3333333333333335,0.0,0.0,0.064,7.056,6.0,-5,19.037531786691464,,5464.333333333331,0.0,1535.6666666666688,0.0,45.91163331668277,optimal
2021-02-08 02:00:00,8,47,2.3333333333333335,0.0,5.0,0.1408,5.271,6.0,-5,19.230900779068243,,7000.0,0.0,0.0,0.0,48.240721683366075,optimal
2021-02-08 02:30:00,8,47,2.3333333333333335,0.0,0.0,0.064,7.938,6.0,-5,19.536115386768838,,7000.0,0.0,0.0,0.0,48.192480961682705,optimal
2021-02-08 03:00:00,8,47,2.3333333333333335,0.0,0.0,0.064,7.938,6.0,-5,19.832876081689136,,7000.0,0.0,0.0,0.0,48.144288480721016,optimal
2021-02-08 03:30:00,8,47,2.3333333333333335,0.0,0.0,0.1408,11.907,6.0,-5,20.126744867286163,,7000.0,0.0,0.0,0.0,48.096144192240295,optimal
2021-02-08 04:00:00,8,47,2.3333333333333335,0.0,0.0,0.064,11.025,6.0,-5,20.42204661424716,,7000.0,0.0,0.0,0.0,48.048048048048045,optimal
2021-02-08 04:30:00,8,47,2.3333333333333335,0.0,0.0,0.07909999999999999,11.2875,6.0,-5,20.70783867316342,,7000.0,0.0,0.0,0.0,48.0,optimal
2021-02-08 05:00:00,8,47,0.0,0.0,0.0,0.1758,12.936,6.0,-5,20.994973083647032,,0.0,0.0,0.0,0.0,47.69933479487844,optimal
2021-02-08 05:30:00,8,47,0.0,0.0,0.0,0.09713333333333334,13.0095,6.0,-5,20.793662709369038,,0.0,0.0,0.0,0.0,47.398970254962,optimal
2021-02-08 06:00:00,8,47,0.0,0.0,0.0,0.14893333333333333,13.671,6.0,-5,20.589762860469612,,0.0,0.0,0.0,0.0,47.09890607958548,optimal
2021-02-08 06:30:00,8,47,0.0,0.0,0.0,1.0222333333333333,13.188,6.0,-5,20.383360789768,,0.0,0.0,0.0,0.0,46.79914196838434,optimal
2021-02-08 07:00:00,8,47,0.0,0.0,0.0,0.08120000000000001,13.8495,6.0,-5,20.19056897582425,,0.0,0.0,0.0,0.0,46.499677621294396,optimal
2021-02-08 07:30:00,8,47,1.0079543893901763,0.0,0.0,0.10186666666666666,13.23,6.0,-5,19.98637633348403,,3023.863168170529,0.0,0.0,0.0,46.200512738551545,optimal
2021-02-08 08:00:00,8,47,0.7883460857226195,0.0,0.0,0.32903333333333334,13.3665,6.0,-5,20.0,,2365.038257167859,0.0,0.0,0.0,45.901647020691435,optimal
2021-02-08 08:30:00,8,47,2.3333333333333335,0.0,0.0,1.2118,13.0515,6.0,-5,20.0,,7000.0,0.0,0.0,0.0,45.603080168549184,optimal
2021-02-08 09:00:00,8,47,0.5806700545835648,0.0,0.0,1.4928,13.5345,6.0,-5,20.336799181529535,,1742.0101637506943,0.0,0.0,0.0,45.30481188325908,optimal
2021-02-08 09:30:00,8,47,0.0,0.0,0.0,1.4501333333333335,14.154,6.0,-5,20.33178879035917,,0.0,0.0,0.0,0.0,45.006841866254256,optimal
2021-02-08 10:00:00,8,47,0.0,0.0,0.0,0.07626666666666666,14.112,6.0,-5,20.20228782139421,,0.0,0.0,0.0,0.0,44.70916981926644,optimal
2021-02-08 10:30:00,8,47,0.0,0.0,0.0,0.17866666666666667,14.2485,6.0,-5,20.089838211759425,,0.0,0.0,0.0,0.0,44.41179544432562,optimal
2021-02-08 11:00:00,8,47,0.39608313136246126,0.0,0.0,0.9659333333333332,12.789,6.0,-5,20.0,,1188.2493940873837,0.0,0.0,0.0,44.114718443759735,optimal
2021-02-08 11:30:00,8,47,0.0,0.0,0.0,1.6191,13.0095,6.0,-5,20.037844366938465,,0.0,0.0,0.0,0.0,43.81793852019442,optimal
2021-02-08 12:00:00,8,47,1.113491704342586,0.0,0.0,0.3970666666666667,12.1275,6.0,-5,20.0,,3340.4751130277577,0.0,0.0,0.0,43.521455376552666,optimal
2021-02-08 12:30:00,8,47,0.0,0.0,0.0,0.3107,12.348,6.0,-5,20.171193669587247,,0.0,0.0,0.0,0.0,43.22526871605455,optimal
2021-02-08 13:00:00,8,47,2.3333333333333335,0.0,0.0,0.19833333333333328,12.348,6.0,-5,20.11746533817353,,7000.0,0.0,0.0,0.0,42.929378242216934,optimal
2021-02-08 13:30:00,8,47,0.0,0.0,0.0,0.27636666666666665,25.389,6.0,-5,20.55166144327714,,0.0,0.0,0.0,0.0,42.63378365885316,optimal
2021-02-08 14:00:00,8,47,0.0,0.0,0.0,0.2188333333333333,29.1375,6.0,-5,20.495211609190534,,0.0,0.0,0.0,0.0,42.33848467007275,optimal
2021-02-08 14:30:00,8,47,0.0,0.0,0.0,0.11426666666666668,30.597,6.0,-5,20.44649452359267,,0.0,0.0,0.0,0.0,42.04348098028112,optimal
2021-02-08 15:00:00,8,47,0.0,0.0,0.0,0.2,33.684,6.0,-5,20.391725033787623,,0.0,0.0,0.0,0.0,41.748772294179275,optimal
2021-02-08 15:30:00,8,47,0.0,0.0,0.0,0.2213333333333333,32.445,6.0,-5,20.312971927577966,,0.0,0.0,0.0,0.0,41.45435831676354,optimal
2021-02-08 16:00:00,8,47,0.0,0.0,0.0,0.8571,28.917,6.0,-5,20.251424175529184,,0.0,0.0,0.0,0.0,41.16023875332522,optimal
2021-02-08 16:30:00,8,47,0.0,0.0,0.0,0.08253333333333333,15.876,6.0,-5,20.165338839142695,,0.0,0.0,0.0,0.0,40.86641330945033,optimal
2021-02-08 17:00:00,8,47,0.8886966945799241,0.0,0.0,0.5744,12.348,6.0,-5,20.0,,2666.090083739772,0.0,0.0,0.0,40.57288169101932,optimal
2021-02-08 17:30:00,8,47,1.5296778746594348,0.0,0.0,1.4190666666666667,12.1275,6.0,-5,20.0,,4589.033623978305,0.0,0.0,0.0,40.27964360420674,optimal
2021-02-08 18:00:00,8,47,0.0,0.0,0.0,0.46743333333333326,12.348,6.0,-5,20.168003439828272,,0.0,0.0,0.0,0.0,39.98669875548097,optimal
2021-02-08 18:30:00,8,47,0.811509263941112,0.0,0.0,0.1778,12.1275,6.0,-5,20.0,,2434.527791823336,0.0,0.0,0.0,39.69404685160393,optimal
2021-02-08 19:00:00,8,47,0.7713188659475505,0.0,0.0,0.3618,12.1275,6.0,-5,20.0,,2313.9565978426517,0.0,0.0,0.0,39.40168759963077,optimal
2021-02-08 19:30:00,8,47,0.8422011710393609,0.0,0.0,0.27936666666666665,11.2665,6.0,-5,20.0,,2317.603513118083,0.0,209.0,0.0,39.10962070690958,optimal
2021-02-08 20:00:00,8,47,0.9586945872422702,0.0,0.0,0.2586,10.143,6.0,-5,20.0,,2527.7504283934777,0.0,348.33333333333326,0.0,38.81784588108111,optimal
2021-02-08 20:30:00,8,47,0.0,0.0,0.0,0.32953333333333334,11.2455,6.0,-5,20.0,,0.0,0.0,0.0,0.0,38.52636283007847,optimal
2021-02-08 21:00:00,8,47,0.0,0.0,0.0,0.278,11.025,6.0,-5,19.819991819794453,,0.0,0.0,0.0,0.0,38.48783646724839,optimal
2021-02-08 21:30:00,8,47,0.7198888888888888,0.0,0.0,0.3103,5.9745,6.0,-5,19.636722142977128,,0.0,0.0,2159.6666666666665,0.0,38.449348630781145,optimal
2021-02-08 22:00:00,8,47,0.0,0.0,0.0,0.27253333333333335,7.938,6.0,-5,19.467503992853327,,0.0,0.0,0.0,0.0,38.41089928215036,optimal
2021-02-08 22:30:00,8,47,0.0,0.0,0.0,0.15833333333333335,8.6835,6.0,-5,19.276637579560898,,0.0,0.0,0.0,0.0,38.37248838286821,optimal
2021-02-08 23:00:00,8,47,0.0,0.0,0.0,0.1252,7.665,6.0,-5,19.077805019338186,,0.0,0.0,0.0,0.0,38.33411589448534,optimal
2021-02-08 23:30:00,8,47,0.0,0.0,0.0,0.0996,6.7725,6.0,-5,18.876866095270923,,0.0,0.0,0.0,0.0,38.29578177859086,optimal
2021-02-09 00:00:00,8,47,0.0,0.0,0.0,0.11,12.1275,6.0,5,18.876866095270923,,0.0,0.0,0.0,0.0,38.257485996812264,optimal
2021-02-09 00:30:00,8,47,0.0,0.0,0.0,0.0682,12.2955,6.0,5,18.676825596348355,,0.0,0.0,0.0,0.0,38.219228510815455,optimal
2021-02-09 01:00:00,8,47,0.0,0.0,0.0,0.14026666666666668,11.6865,6.0,5,18.47652873642557,,0.0,0.0,0.0,0.0,38.181009282304636,optimal
2021-02-09 01:30:00,8,47,0.0,0.0,0.0,0.15680000000000002,11.466,6.0,5,18.28379354180336,,0.0,0.0,0.0,0.0,38.14282827302233,optimal
2021-02-09 02:00:00,8,47,2.3333333333333335,0.0,5.0,0.054,10.8045,6.0,5,18.09353459890587,,1705.333333333333,0.0,5294.666666666667,0.0,40.47968544474931,optimal
2021-02-09 02:30:00,8,47,2.3333333333333335,0.0,5.0,0.15933333333333335,10.584,6.0,5,18.018822566852318,,7000.0,0.0,0.0,0.0,42.814205759304556,optimal
2021-02-09 03:00:00,8,47,2.3333333333333335,0.0,0.0,0.12073333333333332,11.2455,6.0,5,18.329684215264585,,7000.0,0.0,0.0,0.0,42.77139155354525,optimal
2021-02-09 03:30:00,8,47,0.0,0.0,0.0,0.08013333333333333,12.1275,6.0,5,18.63474300804692,,0.0,0.0,0.0,0.0,42.72862016199171,optimal
2021-02-09 04:00:00,8,47,0.0,0.0,0.0,0.09506666666666666,11.823,6.0,5,18.43658754501606,,0.0,0.0,0.0,0.0,42.68589154182971,optimal
2021-02-09 04:30:00,8,47,2.3333333333333335,0.0,0.0,0.057,11.7705,6.0,5,18.242988547727105,,7000.0,0.0,0.0,0.0,42.64320565028788,optimal
2021-02-09 05:00:00,8,47,2.3333333333333335,0.0,1.9456154048997945,0.061,11.13,6.0,5,18.545488451334528,,7000.0,0.0,0.0,0.0,43.52472976196499,optimal
2021-02-09 05:30:00,8,47,2.3333333333333335,0.0,0.0,0.14503333333333332,11.6865,6.0,5,18.8432712616292,,7000.0,0.0,0.0,0.0,43.48120503220302,optimal
2021-02-09 06:00:00,8,47,2.3333333333333335,0.0,5.0,0.13503333333333334,10.7205,6.0,5,19.144039581054237,,7000.0,0.0,0.0,0.0,45.812723827170814,optimal
2021-02-09 06:30:00,8,47,2.3333333333333335,0.0,0.0,0.054,11.424,6.0,5,19.440571730639462,,7000.0,0.0,0.0,0.0,45.76691110334364,optimal
2021-02-09 07:00:00,8,47,2.3333333333333335,0.0,5.0,0.1448,10.689,6.0,5,19.727278647556655,,7000.0,0.0,0.0,0.0,48.096144192240295,optimal
2021-02-09 07:30:00,8,47,2.3333333333333335,0.0,0.0,0.13526666666666667,11.361,6.0,5,20.016498305515974,,7000.0,0.0,0.0,0.0,48.048048048048045,optimal
2021-02-09 08:00:00,8,47,2.3333333333333335,0.0,0.0,0.10046666666666668,11.571,6.0,5,20.300478383994633,,7000.0,0.0,0.0,0.0,48.0,optimal
2021-02-09 08:30:00,8,47,0.0,0.0,0.0,0.0844,14.3745,6.0,5,20.581914555046843,,0.0,0.0,0.0,0.0,47.69360635767366,optimal
2021-02-09 09:00:00,8,47,0.38439245546602324,0.0,0.0,0.27726666666666666,13.23,6.0,5,20.36825948307756,,1153.1773663980698,0.0,0.0,0.0,47.38751910898964,optimal
2021-02-09 09:30:00,8,47,0.0,0.0,0.0,0.11766666666666668,13.9755,6.0,5,20.285425709978483,,0.0,0.0,0.0,0.0,47.081737947554316,optimal
2021-02-09 10:00:00,8,47,0.0,0.0,0.0,0.23683333333333328,14.994,6.0,5,20.112948983342505,,0.0,0.0,0.0,0.0,46.77626256728042,optimal
2021-02-09 10:30:00,8,47,1.5991898903371486,0.0,0.0,0.539,13.671,6.0,5,20.0,,4797.569671011446,0.0,0.0,0.0,46.4710926623868,optimal
2021-02-09 11:00:00,8,47,0.0,0.0,0.0,1.894233333333333,15.981,6.0,5,20.25191163560003,,0.0,0.0,0.0,0.0,46.166227927398076,optimal
2021-02-09 11:30:00,8,47,0.0,0.0,0.0,0.1814333333333333,15.6345,6.0,5,20.21364325137416,,0.0,0.0,0.0,0.0,45.861668057144335,optimal
2021-02-09 12:00:00,8,47,0.0,0.0,0.0,0.4263,16.5375,6.0,5,20.13023146341196,,0.0,0.0,0.0,0.0,45.55741274676085,optimal
2021-02-09 12:30:00,8,47,0.0,0.0,0.0,0.2883,14.7735,6.0,5,20.09497268036247,,0.0,0.0,0.0,0.0,45.253461691687754,optimal
2021-02-09 13:00:00,8,47,0.0,0.0,0.0,0.2334333333333333,15.2145,6.0,5,20.048768926793013,,0.0,0.0,0.0,0.0,44.94981458766973,optimal
2021-02-09 13:30:00,8,47,0.21284300380533372,0.0,0.0,0.1584,14.553,6.0,5,20.0,,638.5290114160011,0.0,0.0,0.0,44.64647113075572,optimal
2021-02-09 14:00:00,8,47,0.7493981067771923,0.0,0.0,0.439,14.3325,6.0,5,20.0,,2248.194320331577,0.0,0.0,0.0,44.34343101729863,optimal
2021-02-09 14:30:00,8,47,0.0,0.0,0.0,0.20296666666666666,14.595,6.0,5,20.126120856119318,,0.0,0.0,0.0,0.0,44.04069394395499,optimal
2021-02-09 15:00:00,8,47,0.0,0.0,0.0,0.09243333333333334,14.994,6.0,5,20.07813614844245,,0.0,0.0,0.0,0.0,43.7382596076847,optimal
2021-02-09 15:30:00,8,47,0.3460095663976161,0.0,0.0,0.1492666666666667,14.3325,6.0,5,20.0,,1038.0286991928483,0.0,0.0,0.0,43.43612770575067,optimal
2021-02-09 16:00:00,8,47,0.5426277743478735,0.0,0.0,0.25053333333333333,13.8915,6.0,5,20.0,,1627.8833230436203,0.0,0.0,0.0,43.13429793571858,optimal
2021-02-09 16:30:00,8,47,0.548675237001665,0.0,0.0,0.30619999999999997,13.8915,6.0,5,20.0,,1646.025711004995,0.0,0.0,0.0,42.83276999545652,optimal
2021-02-09 17:00:00,8,47,2.3333333333333335,0.0,0.0,0.2555,13.4715,6.0,5,20.0,,7000.0,0.0,0.0,0.0,42.53154358313473,optimal
2021-02-09 17:30:00,8,47,2.3333333333333335,0.0,0.0,0.2889,13.23,6.0,5,20.32858731664747,,7000.0,0.0,0.0,0.0,42.23061839722525,optimal
2021-02-09 18:00:00,8,47,0.8027615229704474,0.0,0.0,0.20283333333333328,13.8915,6.0,5,20.662992306408903,,2408.2845689113424,0.0,0.0,0.0,41.92999413650168,optimal
2021-02-09 18:30:00,8,47,0.0,0.0,0.0,0.22076666666666667,26.9325,6.0,5,20.644818415722757,,0.0,0.0,0.0,0.0,41.62967050003884,optimal
2021-02-09 19:00:00,8,47,0.0,0.0,0.0,0.28896666666666665,30.303,6.0,5,20.455976461664196,,0.0,0.0,0.0,0.0,41.329647187212466,optimal
2021-02-09 19:30:00,8,47,0.0,0.0,0.0,0.4662,32.886,6.0,5,20.269072917655752,,0.0,0.0,0.0,0.0,41.029923897698914,optimal
2021-02-09 20:00:00,8,47,0.0,0.0,0.0,2.5901666666666667,34.9965,6.0,5,20.08277686643021,,0.0,0.0,0.0,0.0,40.73050033147488,optimal
2021-02-09 20:30:00,8,47,0.0,0.0,0.0,0.4900333333333334,33.327,6.0,5,20.0,,0.0,0.0,0.0,0.0,40.43137618881706,optimal
2021-02-09 21:00:00,8,47,0.0,0.0,0.0,0.13119999999999998,31.122,6.0,5,19.793261310878048,,0.0,0.0,0.0,0.0,40.1325511703019,optimal
2021-02-09 21:30:00,8,47,0.0,0.0,0.0,0.16886666666666666,17.9025,6.0,5,19.576015445922796,,0.0,0.0,0.0,0.0,39.83402497680526,optimal
2021-02-09 22:00:00,8,47,0.0,0.0,0.0,0.064,15.6555,6.0,5,19.361650994281447,,0.0,0.0,0.0,0.0,39.535797309502115,optimal
2021-02-09 22:30:00,8,47,0.0,0.0,0.0,0.1641,14.553,6.0,5,19.139995524166164,,0.0,0.0,0.0,0.0,39.23786786986627,optimal
2021-02-09 23:00:00,8,47,0.0,0.0,0.0,0.6922333333333334,14.3325,6.0,5,18.928644018004515,,0.0,0.0,0.0,0.0,39.198630001996406,optimal
2021-02-09 23:30:00,8,47,0.0,0.0,0.0,0.08776666666666666,13.335,6.0,5,18.74042551335368,,0.0,0.0,0.0,0.0,39.15943137199441,optimal
2021-02-10 00:00:00,8,47,2.3333333333333335,0.0,0.0,0.051,11.508,6.0,-5,18.74042551335368,,7000.0,0.0,0.0,0.0,39.120271940622416,optimal
2021-02-10 00:30:00,8,47,2.3333333333333335,0.0,0.0,0.051,11.508,6.0,-5,19.033387806917087,,4352.666666666666,0.0,2647.3333333333335,0.0,39.08115166868179,optimal
2021-02-10 01:00:00,8,47,2.3333333333333335,0.0,5.0,0.051,10.4475,6.0,-5,19.133435002209023,,7000.0,0.0,0.0,0.0,41.41707051701311,optimal
2021-02-10 01:30:00,8,47,2.3333333333333335,0.0,5.0,0.051,10.8675,6.0,-5,19.41944752741421,,7000.0,0.0,0.0,0.0,43.750653446496095,optimal
2021-02-10 02:00:00,8,47,2.3333333333333335,0.0,5.0,0.051,10.542,6.0,-5,19.70093618296138,,7000.0,0.0,0.0,0.0,46.0819027930496,optimal
2021-02-10 02:30:00,8,47,2.3333333333333335,0.0,0.04414668671162908,0.051,11.025,6.0,-5,19.977953986292583,,7000.0,0.0,0.0,0.0,46.056790566444576,optimal
2021-02-10 03:00:00,8,47,2.3333333333333335,0.0,5.0,0.051,11.025,6.0,-5,20.251725282442308,,7000.0,0.0,0.0,0.0,48.38573377587813,optimal
2021-02-10 03:30:00,8,47,2.3333333333333335,0.0,0.0,0.051,14.553,6.0,-5,20.522288118816718,,7000.0,0.0,0.0,0.0,48.33734804210225,optimal
2021-02-10 04:00:00,8,47,2.3333333333333335,0.0,0.0,0.051,13.0935,6.0,-5,20.78968009692582,,7000.0,0.0,0.0,0.0,48.289010694060146,optimal
2021-02-10 04:30:00,8,47,2.3333333333333335,0.0,0.0,0.051,15.6345,6.0,-5,21.053938377609114,,7000.0,0.0,0.0,0.0,48.240721683366075,optimal
2021-02-10 05:00:00,8,47,0.0,0.0,0.0,0.051,18.102,6.0,-5,21.313927737270255,,0.0,0.0,0.0,0.0,48.192480961682705,optimal
2021-02-10 05:30:00,8,47,0.0,0.0,0.0,0.051,17.199,6.0,-5,21.07177508807868,,0.0,0.0,0.0,0.0,48.144288480721016,optimal
2021-02-10 06:00:00,8,47,0.0,0.0,0.0,0.051,18.2805,6.0,-5,20.83128839533798,,0.0,0.0,0.0,0.0,48.096144192240295,optimal
2021-02-10 06:30:00,8,47,0.0,0.0,0.0,0.051,17.4615,6.0,-5,20.592448134889363,,0.0,0.0,0.0,0.0,48.048048048048045,optimal
2021-02-10 07:00:00,8,47,0.0,0.0,0.0,0.05066666666666666,18.3225,6.0,-5,20.358750858176577,,0.0,0.0,0.0,0.0,48.0,optimal
2021-02-10 07:30:00,8,47,0.39880133352642133,0.0,0.0,0.7956666666666666,17.094,6.0,-5,20.131606350784352,,1196.404000579264,0.0,0.0,0.0,47.59482437572321,optimal
2021-02-10 08:00:00,8,47,1.1082852453046332,0.0,0.0,0.051,17.094,6.0,-5,20.0,,3324.8557359138995,0.0,0.0,0.0,47.19005392707071,optimal
2021-02-10 08:30:00,8,47,2.0549937948892176,0.0,0.0,0.051,17.094,6.0,-5,20.0,,6164.9813846676525,0.0,0.0,0.0,46.785688248866855,optimal
2021-02-10 09:00:00,8,47,0.0,0.0,0.0,0.051,17.3565,6.0,-5,20.20436735740941,,0.0,0.0,0.0,0.0,46.3817269363412,optimal
2021-02-10 09:30:00,8,47,0.935484884176515,0.0,0.0,0.053666666666666654,17.115,6.0,-5,20.0,,2806.454652529545,0.0,0.0,0.0,45.97816958512808,optimal
2021-02-10 10:00:00,8,47,0.6978493744173419,0.0,0.0,0.061,17.241,6.0,-5,20.0,,2093.5481232520256,0.0,0.0,0.0,45.57501579126617,optimal
2021-02-10 10:30:00,8,47,0.6896115137699794,0.0,0.0,0.05266666666666666,17.094,6.0,-5,20.0,,2068.8345413099382,0.0,0.0,0.0,45.17226515119812,optimal
2021-02-10 11:00:00,8,47,2.3333333333333335,0.0,0.0,0.051,16.5165,6.0,-5,20.0,,7000.0,0.0,0.0,0.0,44.76991726177013,optimal
2021-02-10 11:30:00,8,47,0.0,0.0,0.0,0.05553333333333333,17.8185,6.0,-5,20.385965869089272,,0.0,0.0,0.0,0.0,44.36797172023158,optimal
2021-02-10 12:00:00,8,47,0.3130274511090702,0.0,0.0,0.097,17.094,6.0,-5,20.277950634970132,,939.0823533272106,0.0,0.0,0.0,43.96642812423456,optimal
2021-02-10 12:30:00,8,47,2.3333333333333335,0.0,0.0,0.09623333333333332,16.8945,6.0,-5,20.299284479041233,,7000.0,0.0,0.0,0.0,43.56528607183354,optimal
2021-02-10 13:00:00,8,47,0.0,0.0,0.0,0.15,18.123,6.0,-5,20.750892852403855,,0.0,0.0,0.0,0.0,43.164545161484924,optimal
2021-02-10 13:30:00,8,47,0.0,0.0,0.0,0.4413,31.647,6.0,-5,20.69645183876152,,0.0,0.0,0.0,0.0,42.76420499204665,optimal
2021-02-10 14:00:00,8,47,0.0,0.0,0.0,0.32576666666666665,34.9965,6.0,-5,20.666510135714795,,0.0,0.0,0.0,0.0,42.36426516277782,optimal
2021-02-10 14:30:00,8,47,0.0,0.0,0.0,0.06366666666666666,34.9965,6.0,-5,20.619324786664034,,0.0,0.0,0.0,0.0,41.96472527333826,optimal
2021-02-10 15:00:00,8,47,0.0,0.0,0.0,0.061,34.9965,6.0,-5,20.54556035803286,,0.0,0.0,0.0,0.0,41.56558492378814,optimal
2021-02-10 15:30:00,8,47,0.0,0.0,0.0,0.05333333333333334,34.9965,6.0,-5,20.43372657750286,,0.0,0.0,0.0,0.0,41.166843714587564,optimal
2021-02-10 16:00:00,8,47,0.0,0.0,0.0,0.051,34.9965,6.0,-5,20.320859533907342,,0.0,0.0,0.0,0.0,40.768501246596195,optimal
2021-02-10 16:30:00,8,47,0.0,0.0,0.0,0.051,27.741,6.0,-5,20.160663005131184,,0.0,0.0,0.0,0.0,40.370557121072814,optimal
2021-02-10 17:00:00,8,47,0.9386001345386807,0.0,0.0,0.058333333333333334,19.026,6.0,-5,20.0,,2815.8004036160423,0.0,0.0,0.0,39.97301093967496,optimal
2021-02-10 17:30:00,8,47,0.6257919587673447,0.0,0.0,1.4423333333333332,18.7215,6.0,-5,20.0,,1877.375876302034,0.0,0.0,0.0,39.5758623044585,optimal
2021-02-10 18:00:00,8,47,0.6890774397124575,0.0,0.0,0.9663999999999999,17.4195,6.0,-5,20.0,,2067.2323191373725,0.0,0.0,0.0,39.53628644215404,optimal
2021-02-10 18:30:00,8,47,0.8462450681054278,0.0,0.0,0.18573333333333328,16.758,6.0,-5,20.0,,2538.735204316283,0.0,0.0,0.0,39.49675015571188,optimal
2021-02-10 19:00:00,8,47,0.9018460298317209,0.0,0.0,0.16533333333333333,14.217,6.0,-5,20.0,,2705.5380894951627,0.0,0.0,0.0,39.457253405556166,optimal
2021-02-10 19:30:00,8,47,0.959042464243989,0.0,0.0,0.09720000000000001,13.3665,6.0,-5,20.0,,2737.7940593986336,0.0,139.33333333333331,0.0,39.41779615215061,optimal
2021-02-10 20:00:00,8,47,0.9240611208784686,0.0,0.0,0.26089999999999997,12.789,6.0,-5,20.0,,2563.183362635406,0.0,209.0,0.0,39.37837835599846,optimal
2021-02-10 20:30:00,8,47,0.046444444444444434,0.0,0.0,0.29086666666666666,11.907,6.0,-5,20.0,,0.0,0.0,139.33333333333331,0.0,39.33899997764246,optimal
2021-02-10 21:00:00,8,47,0.06966666666666667,0.0,0.0,0.29186666666666666,11.7075,6.0,-5,19.80926311257006,,0.0,0.0,209.0,0.0,39.299660977664814,optimal
2021-02-10 21:30:00,8,47,0.0,0.0,0.0,0.18619999999999998,10.8045,6.0,-5,19.62082526070127,,0.0,0.0,0.0,0.0,39.26036131668715,optimal
2021-02-10 22:00:00,8,47,0.0,0.0,0.0,0.061,11.508,6.0,-5,19.39867198202753,,0.0,0.0,0.0,0.0,39.22110095537047,optimal
2021-02-10 22:30:00,8,47,0.0,0.0,0.0,0.061,11.508,6.0,-5,19.14146278640893,,0.0,0.0,0.0,0.0,39.181879854415094,optimal
2021-02-10 23:00:00,8,47,0.0,0.0,0.0,0.21766666666666662,11.508,6.0,-5,18.88433807888123,,0.0,0.0,0.0,0.0,39.142697974560676,optimal
2021-02-10 23:30:00,8,47,0.0,0.0,0.0,0.4970333333333334,11.844,6.0,-5,18.647593163977554,,0.0,0.0,0.0,0.0,39.103555276586114,optimal
2021-02-11 00:00:00,8,47,2.3333333333333335,0.0,0.0,0.045,12.0855,6.0,-1,18.647593163977554,,7000.0,0.0,0.0,0.0,39.06445172130953,optimal
2021-02-11 00:30:00,8,47,2.3333333333333335,0.0,0.0,0.045,11.6865,6.0,-1,18.89306001009005,,0.0,0.0,7000.0,0.0,39.02538726958822,optimal
2021-02-11 01:00:00,8,47,2.3333333333333335,0.0,0.0,0.045,11.2245,6.0,-1,18.638898941651533,,6894.0,0.0,106.0,0.0,38.98636188231863,optimal
2021-02-11 01:30:00,8,47,2.3333333333333335,0.0,0.0,0.045,11.025,6.0,-1,18.879271598834134,,7000.0,0.0,0.0,0.0,38.94737552043632,optimal
2021-02-11 02:00:00,8,47,2.3333333333333335,0.0,5.0,0.045,10.7835,6.0,-1,19.12436718986835,,7000.0,0.0,0.0,0.0,41.28342814491588,optimal
2021-02-11 02:30:00,8,47,2.3333333333333335,0.0,0.6224178783299438,0.045,11.025,6.0,-1,19.36659038574647,,7000.0,0.0,0.0,0.0,41.53779320897769,optimal
2021-02-11 03:00:00,8,47,2.3333333333333335,0.0,5.0,0.045,10.584,6.0,-1,19.60480290054299,,7000.0,0.0,0.0,0.0,43.8712554157687,optimal
2021-02-11 03:30:00,8,47,2.3333333333333335,0.0,5.0,0.045,11.025,6.0,-1,19.839051737391916,,7000.0,0.0,0.0,0.0,46.20238416035293,optimal
2021-02-11 04:00:00,8,47,2.3333333333333335,0.0,5.0,0.045,10.4265,6.0,-1,20.073485169828825,,7000.0,0.0,0.0,0.0,48.53118177619257,optimal
2021-02-11 04:30:00,8,47,2.3333333333333335,0.0,0.0,0.045,12.789,6.0,-1,20.308101034487695,,7000.0,0.0,0.0,0.0,48.48265059441637,optimal
2021-02-11 05:00:00,8,47,2.3333333333333335,0.0,0.0,0.045,12.684,6.0,-1,20.53996732103157,,7000.0,0.0,0.0,0.0,48.434167943821954,optimal
2021-02-11 05:30:00,8,47,2.3333333333333335,0.0,0.0,0.045,16.254,6.0,-1,20.769116253111736,,7000.0,0.0,0.0,0.0,48.38573377587813,optimal
2021-02-11 06:00:00,8,47,2.3333333333333335,0.0,0.0,0.045,17.64,6.0,-1,20.99850954905924,,7000.0,0.0,0.0,0.0,48.33734804210225,optimal
2021-02-11 06:30:00,8,47,0.0,0.0,0.0,0.045,19.1625,6.0,-1,21.22814434505435,,0.0,0.0,0.0,0.0,48.289010694060146,optimal
2021-02-11 07:00:00,8,47,0.0,0.0,0.0,0.045,26.46,6.0,-1,20.96009469343506,,0.0,0.0,0.0,0.0,48.240721683366075,optimal
2021-02-11 07:30:00,8,47,0.0,0.0,0.0,0.045,20.79,6.0,-1,20.698116319163724,,0.0,0.0,0.0,0.0,48.192480961682705,optimal
2021-02-11 08:00:00,8,47,0.0,0.0,0.0,0.045,29.106,6.0,-1,20.43979417211085,,0.0,0.0,0.0,0.0,48.144288480721016,optimal
2021-02-11 08:30:00,8,47,1.0004429643581707,0.0,0.0,0.2626,19.1835,6.0,-1,20.186629014208368,,3001.328893074512,0.0,0.0,0.0,48.096144192240295,optimal
2021-02-11 09:00:00,8,47,0.0,0.0,0.0,1.0411,19.6665,6.0,-1,20.18145750678651,,0.0,0.0,0.0,0.0,48.048048048048045,optimal
2021-02-11 09:30:00,8,47,0.7771262848422925,0.0,0.0,0.404,19.404,6.0,-1,20.0,,2331.3788545268776,0.0,0.0,0.0,48.0,optimal
2021-02-11 10:00:00,8,47,0.6266746657035164,0.0,0.0,0.055,19.047,6.0,-1,20.0,,1880.0239971105489,0.0,0.0,0.0,47.539681297640904,optimal
2021-02-11 10:30:00,8,47,1.1481555974876663,0.0,0.0,0.055,18.858,6.0,-1,20.0,,3444.466792462999,0.0,0.0,0.0,47.07982291398417,optimal
2021-02-11 11:00:00,8,47,0.0,0.0,0.0,0.055,19.2675,6.0,-1,20.104250054087426,,0.0,0.0,0.0,0.0,46.620424388711086,optimal
2021-02-11 11:30:00,8,47,0.4416148698375673,0.0,0.0,0.055,18.963,6.0,-1,20.0,,1324.844609512702,0.0,0.0,0.0,46.16148526196328,optimal
2021-02-11 12:00:00,8,47,0.31851225267029876,0.0,0.0,0.055,18.438,6.0,-1,20.0,,955.5367580108964,0.0,0.0,0.0,45.70300507434222,optimal
2021-02-11 12:30:00,8,47,0.0,0.0,0.0,0.9628666666666668,18.7425,6.0,-1,20.016994037509594,,0.0,0.0,0.0,0.0,45.244983366908784,optimal
2021-02-11 13:00:00,8,47,2.3333333333333335,0.0,0.0,0.2726,15.2145,6.0,-1,20.0,,7000.0,0.0,0.0,0.0,44.78741968118278,optimal
2021-02-11 13:30:00,8,47,0.0,0.0,0.0,0.05433333333333334,17.7765,6.0,-1,20.480124574946327,,0.0,0.0,0.0,0.0,44.3303135591425,optimal
2021-02-11 14:00:00,8,47,1.028176456174576,0.0,0.0,0.053,16.758,6.0,-1,20.432503169299352,,3084.5293685237284,0.0,0.0,0.0,43.873664543224265,optimal
2021-02-11 14:30:00,8,47,2.3333333333333335,0.0,0.0,0.055,16.422,6.0,-1,20.616007212052462,,7000.0,0.0,0.0,0.0,43.417472176321944,optimal
2021-02-11 15:00:00,8,47,2.3333333333333335,0.0,0.0,0.055,16.758,6.0,-1,21.053777259061576,,7000.0,0.0,0.0,0.0,42.96173600178653,optimal
2021-02-11 15:30:00,8,47,0.0,0.0,0.0,0.055,29.358,6.0,-1,21.446811989338762,,0.0,0.0,0.0,0.0,42.50645556342565,optimal
2021-02-11 16:00:00,8,47,0.0,0.0,0.0,0.055,34.9965,6.0,-1,21.323840023203317,,0.0,0.0,0.0,0.0,42.051630405503126,optimal
2021-02-11 16:30:00,8,47,0.0,0.0,0.0,0.09333333333333331,34.65,6.0,-1,21.143552555617543,,0.0,0.0,0.0,0.0,41.59726007273853,optimal
2021-02-11 17:00:00,8,47,0.0,0.0,0.0,0.055,34.9965,6.0,-1,20.961042608365783,,0.0,0.0,0.0,0.0,41.14334411030669,optimal
2021-02-11 17:30:00,8,47,0.0,0.0,0.0,0.2927666666666667,34.9965,6.0,-1,20.70834186274755,,0.0,0.0,0.0,0.0,40.68988206383729,optimal
2021-02-11 18:00:00,8,47,0.0,0.0,0.0,0.055666666666666656,30.4815,6.0,-1,20.480626912775193,,0.0,0.0,0.0,0.0,40.236873479414356,optimal
2021-02-11 18:30:00,8,47,0.0,0.0,0.0,0.0747,21.4305,6.0,-1,20.23716819643736,,0.0,0.0,0.0,0.0,39.78431790357585,optimal
2021-02-11 19:00:00,8,47,1.5730686816583668,0.0,0.0,0.17733333333333334,14.3325,6.0,-1,20.0,,2977.5393783084337,0.0,1741.6666666666667,0.0,39.74453358567227,optimal
2021-02-11 19:30:00,8,47,2.3333333333333335,0.0,0.0,0.053,13.692,6.0,-1,20.0,,6791.0,0.0,209.0,0.0,39.7047890520866,optimal
2021-02-11 20:00:00,8,47,0.08365902117691798,0.0,0.0,0.0858,14.007,6.0,-1,20.23942904715102,,250.97706353075392,0.0,0.0,0.0,39.665084263034515,optimal
2021-02-11 20:30:00,8,47,0.0,0.0,0.0,0.08713333333333334,12.873,6.0,-1,20.0,,0.0,0.0,0.0,0.0,39.62541917877148,optimal
2021-02-11 21:00:00,8,47,0.0,0.0,0.0,0.0823,12.684,6.0,-1,19.75602654989104,,0.0,0.0,0.0,0.0,39.58579375959271,optimal
2021-02-11 21:30:00,8,47,0.0,0.0,0.0,0.055,12.306,6.0,-1,19.490339296717117,,0.0,0.0,0.0,0.0,39.54620796583312,optimal
2021-02-11 22:00:00,8,47,0.0,0.0,0.0,0.055,10.6365,6.0,-1,19.203981518080514,,0.0,0.0,0.0,0.0,39.506661757867285,optimal
2021-02-11 22:30:00,8,47,0.0,0.0,0.0,0.055,11.2455,6.0,-1,18.925081527620303,,0.0,0.0,0.0,0.0,39.467155096109416,optimal
2021-02-11 23:00:00,8,47,0.0,0.0,0.0,0.055,11.2455,6.0,-1,18.642418409034722,,0.0,0.0,0.0,0.0,39.4276879410133,optimal
2021-02-11 23:30:00,8,47,0.0,0.0,0.0,0.05166666666666666,11.025,6.0,-1,18.35603626426356,,0.0,0.0,0.0,0.0,39.38826025307229,optimal
2021-02-12 00:00:00,8,47,2.3333333333333335,0.0,4.916305193781596,0.051,10.584,6.0,-6,18.35603626426356,,7000.0,0.0,0.0,0.0,41.68411695986547,optimal
2021-02-12 00:30:00,8,47,2.3333333333333335,0.0,5.0,0.11663333333333334,9.4185,6.0,-6,18.562011620171038,,5606.666666666667,0.0,1393.3333333333333,0.0,44.017432842905606,optimal
2021-02-12 01:00:00,8,47,2.3333333333333335,0.0,5.0,0.11303333333333332,10.3635,6.0,-6,18.671131261102413,,7000.0,0.0,0.0,0.0,46.3484154100627,optimal
2021-02-12 01:30:00,8,47,2.3333333333333335,0.0,5.0,0.11766666666666668,9.8385,6.0,-6,18.877826411811792,,7000.0,0.0,0.0,0.0,48.67706699465263,optimal
2021-02-12 02:00:00,8,47,2.3333333333333335,0.0,0.0,0.14646666666666666,11.067,6.0,-6,19.08360072752677,,7000.0,0.0,0.0,0.0,48.62838992765797,optimal
2021-02-12 02:30:00,8,47,2.3333333333333335,0.0,0.0,0.07486666666666666,10.8465,6.0,-6,19.290184020249473,,7000.0,0.0,0.0,0.0,48.579761537730306,optimal
2021-02-12 03:00:00,8,47,0.04202192377728945,0.0,0.0,0.126,13.671,6.0,-6,19.49276906690105,,126.06577133186836,0.0,0.0,0.0,48.53118177619257,optimal
2021-02-12 03:30:00,8,47,2.3333333333333335,0.0,0.0,0.051,12.348,6.0,-6,19.211177154021954,,7000.0,0.0,0.0,0.0,48.48265059441637,optimal
2021-02-12 04:00:00,8,47,0.0,0.0,0.0,0.056966666666666665,14.3325,6.0,-6,19.42470992937059,,0.0,0.0,0.0,0.0,48.434167943821954,optimal
2021-02-12 04:30:00,8,47,0.0,0.0,0.0,0.16436666666666666,15.393,6.0,-6,19.14644515492856,,0.0,0.0,0.0,0.0,48.38573377587813,optimal
2021-02-12 05:00:00,8,47,2.3333333333333335,0.0,0.0,0.126,13.587,6.0,-6,18.887284707299624,,7000.0,0.0,0.0,0.0,48.33734804210225,optimal
2021-02-12 05:30:00,8,47,0.0,0.0,0.0,0.09513333333333333,16.1385,6.0,-6,19.13455915478061,,0.0,0.0,0.0,0.0,48.289010694060146,optimal
2021-02-12 06:00:00,8,47,2.3333333333333335,0.0,0.0,0.1442,14.595,6.0,-6,18.887599776596787,,7000.0,0.0,0.0,0.0,48.240721683366075,optimal
2021-02-12 06:30:00,8,47,2.3333333333333335,0.0,0.0,0.1466,14.637,6.0,-6,19.15631524146214,,7000.0,0.0,0.0,0.0,48.192480961682705,optimal
2021-02-12 07:00:00,8,47,2.3333333333333335,0.0,0.0,0.1574,13.9125,6.0,-6,19.438375252883883,,7000.0,0.0,0.0,0.0,48.144288480721016,optimal
2021-02-12 07:30:00,8,47,2.3333333333333335,0.0,0.0,0.1495,13.3665,6.0,-6,19.725504901715315,,7000.0,0.0,0.0,0.0,48.096144192240295,optimal
2021-02-12 08:00:00,8,47,2.2698582884058993,0.0,0.0,0.21416666666666662,13.0095,6.0,-6,20.0,,6809.574865217697,0.0,0.0,0.0,48.048048048048045,optimal
2021-02-12 08:30:00,8,47,0.0,0.0,0.0,0.5409666666666667,13.8915,6.0,-6,20.24981961865332,,0.0,0.0,0.0,0.0,48.0,optimal
2021-02-12 09:00:00,8,47,1.1322216801266018,0.0,0.0,0.051,13.188,6.0,-6,20.0,,3396.6650403798053,0.0,0.0,0.0,47.60907702980587,optimal
2021-02-12 09:30:00,8,47,1.0058441684097534,0.0,0.0,0.06766666666666667,12.5685,6.0,-6,20.0,,3017.5325052292606,0.0,0.0,0.0,47.21854498258193,optimal
2021-02-12 10:00:00,8,47,0.6251921217915427,0.0,0.0,0.10933333333333331,12.285,6.0,-6,20.0,,1875.5763653746283,0.0,0.0,0.0,46.82840346740522,optimal
2021-02-12 10:30:00,8,47,2.0387161996965775,0.0,0.0,0.17033333333333334,11.487,6.0,-6,20.0,,2384.934156729927,0.0,3731.214442359806,0.0,46.43865209374368,optimal
2021-02-12 11:00:00,8,47,0.0,0.0,0.0,1.1969333333333334,11.802,6.0,-6,20.045258414220278,,0.0,0.0,0.0,0.0,46.049290471455805,optimal
2021-02-12 11:30:00,8,47,2.3333333333333335,0.0,0.0,0.187,11.2245,6.0,-6,20.0,,7000.0,0.0,0.0,0.0,45.660318210790216,optimal
2021-02-12 12:00:00,8,47,2.3333333333333335,0.0,0.0,0.11966666666666669,11.025,6.0,-6,20.424246180676022,,7000.0,0.0,0.0,0.0,45.27173492238529,optimal
2021-02-12 12:30:00,8,47,0.06884607928090263,0.0,0.0,0.086,11.907,6.0,-6,20.862160183602224,,206.5382378427079,0.0,0.0,0.0,44.883540217268774,optimal
2021-02-12 13:00:00,8,47,0.0,0.0,0.0,0.051,25.83,6.0,-6,20.803404882771297,,0.0,0.0,0.0,0.0,44.49573370685737,optimal
2021-02-12 13:30:00,8,47,0.0,0.0,0.0,0.17033333333333334,28.035,6.0,-6,20.727832550136082,,0.0,0.0,0.0,0.0,44.10831500295638,optimal
2021-02-12 14:00:00,8,47,0.0,0.0,0.0,0.126,28.119,6.0,-6,20.660462341335137,,0.0,0.0,0.0,0.0,43.72128371775929,optimal
2021-02-12 14:30:00,8,47,0.0,0.0,0.0,0.06933333333333333,30.156,6.0,-6,20.576100023955203,,0.0,0.0,0.0,0.0,43.3346394638474,optimal
2021-02-12 15:00:00,8,47,0.0,0.0,0.0,0.197,29.1585,6.0,-6,20.487405081609452,,0.0,0.0,0.0,0.0,42.94838185418942,optimal
2021-02-12 15:30:00,8,47,0.0,0.0,0.0,0.101,26.712,6.0,-6,20.38818464099404,,0.0,0.0,0.0,0.0,42.5625105021411,optimal
2021-02-12 16:00:00,8,47,0.0,0.0,0.0,0.21396666666666667,15.435,6.0,-6,20.28165898310322,,0.0,0.0,0.0,0.0,42.17702502144483,optimal
2021-02-12 16:30:00,8,47,0.0,0.0,0.0,0.1505,13.566,6.0,-6,20.142762248596934,,0.0,0.0,0.0,0.0,41.79192502622925,optimal
2021-02-12 17:00:00,8,47,0.838545000732544,0.0,0.0,0.1348,12.789,6.0,-6,20.0,,2515.6350021976323,0.0,0.0,0.0,41.40721013100889,optimal
2021-02-12 17:30:00,8,47,1.5276890677095882,0.0,0.0,0.6053,12.1275,6.0,-6,20.0,,4583.067203128765,0.0,0.0,0.0,41.36580292087788,optimal
2021-02-12 18:00:00,8,47,0.0,0.0,0.0,0.2548,13.671,6.0,-6,20.181564806182887,,0.0,0.0,0.0,0.0,41.324437117957004,optimal
2021-02-12 18:30:00,8,47,2.3333333333333335,0.0,0.0,0.20176666666666668,10.668,6.0,-6,20.0,,4391.5477756931405,0.0,2608.4522243068595,0.0,41.28311268083905,optimal
2021-02-12 19:00:00,8,47,0.0,0.0,0.0,1.7222666666666668,11.7285,6.0,-6,20.132211454017035,,0.0,0.0,0.0,0.0,41.24182956815821,optimal
2021-02-12 19:30:00,8,47,0.8439490480410726,0.0,0.0,0.38816666666666666,11.025,6.0,-6,20.0,,2322.8471441232177,0.0,209.0,0.0,41.20058773859005,optimal
2021-02-12 20:00:00,8,47,1.441563177361537,0.0,0.0,0.3061333333333333,10.689,6.0,-6,20.0,,2374.022865417944,0.0,1950.6666666666667,0.0,41.159387150851465,optimal
2021-02-12 20:30:00,8,47,0.1857777777777778,0.0,0.0,0.3624333333333333,8.1585,6.0,-6,20.0,,0.0,0.0,557.3333333333334,0.0,41.11822776370062,optimal
2021-02-12 21:00:00,8,47,0.0,0.0,0.0,0.3262,10.3635,6.0,-6,19.82429693673608,,0.0,0.0,0.0,0.0,41.07710953593691,optimal
2021-02-12 21:30:00,8,47,0.0,0.0,0.0,0.2992333333333333,10.8045,6.0,-6,19.63993959732111,,0.0,0.0,0.0,0.0,41.03603242640098,optimal
2021-02-12 22:00:00,8,47,0.0,0.0,0.0,0.2673666666666667,11.025,6.0,-6,19.463859546540448,,0.0,0.0,0.0,0.0,40.99499639397458,optimal
2021-02-12 22:30:00,8,47,0.0,0.0,0.0,0.2942666666666667,10.3635,6.0,-6,19.28898838094236,,0.0,0.0,0.0,0.0,40.954001397580605,optimal
2021-02-12 23:00:00,8,47,0.0,0.0,0.0,0.4664666666666666,10.8045,6.0,-6,19.129959086450132,,0.0,0.0,0.0,0.0,40.913047396183025,optimal
2021-02-12 23:30:00,8,47,0.0,0.0,0.0,0.11983333333333332,10.059,6.0,-6,18.980750819701385,,0.0,0.0,0.0,0.0,40.872134348786844,optimal
2021-02-13 00:00:00,8,47,0.0,0.0,0.0,0.058,12.789,6.0,6,18.980750819701385,,0.0,0.0,0.0,0.0,40.831262214438055,optimal
2021-02-13 00:30:00,8,47,0.0,0.0,0.0,0.058,11.907,6.0,6,18.76532469211221,,0.0,0.0,0.0,0.0,40.790430952223616,optimal
2021-02-13 01:00:00,8,47,0.0,0.0,0.0,0.058,11.025,6.0,6,18.55300922318471,,0.0,0.0,0.0,0.0,40.749640521271395,optimal
2021-02-13 01:30:00,8,47,2.3333333333333335,0.0,0.0,0.058,8.2005,6.0,6,18.343767957587993,,4004.3333333333335,0.0,2995.6666666666665,0.0,40.708890880750126,optimal
2021-02-13 02:00:00,8,47,0.0,0.0,0.0,0.058,9.5655,6.0,6,18.422400601009198,,0.0,0.0,0.0,0.0,40.668181989869375,optimal
2021-02-13 02:30:00,8,47,2.3333333333333335,0.0,5.0,0.058,7.056,6.0,6,18.21586195069208,,7000.0,0.0,0.0,0.0,43.0025138078795,optimal
2021-02-13 03:00:00,8,47,0.0,0.0,0.0,0.058,9.3975,6.0,6,18.509666945281758,,0.0,0.0,0.0,0.0,42.959511294071625,optimal
2021-02-13 03:30:00,8,47,0.0,0.0,0.0,0.058,10.059,6.0,6,18.302105577976867,,0.0,0.0,0.0,0.0,42.91655178277755,optimal
2021-02-13 04:00:00,8,47,2.3333333333333335,0.0,0.0,0.058,9.261,6.0,6,18.096390749429876,,7000.0,0.0,0.0,0.0,42.87363523099478,optimal
2021-02-13 04:30:00,8,47,2.3333333333333335,0.0,0.0,0.058,8.1585,6.0,6,18.390423936554363,,7000.0,0.0,0.0,0.0,42.83076159576378,optimal
2021-02-13 05:00:00,8,47,2.3333333333333335,0.0,0.0,0.058,9.4815,6.0,6,18.679839255959312,,7000.0,0.0,0.0,0.0,42.787930834168016,optimal
2021-02-13 05:30:00,8,47,2.3333333333333335,0.0,0.0,0.058,8.379,6.0,6,18.96469082669604,,7000.0,0.0,0.0,0.0,42.74514290333385,optimal
2021-02-13 06:00:00,8,47,2.3333333333333335,0.0,0.0,0.058,9.5235,6.0,6,19.24503213356822,,7000.0,0.0,0.0,0.0,42.702397760430514,optimal
2021-02-13 06:30:00,8,47,2.3333333333333335,0.0,2.33597895836826,0.058,8.1375,6.0,6,19.520916034564944,,7000.0,0.0,0.0,0.0,43.769285367895,optimal
2021-02-13 07:00:00,8,47,0.7883393669996229,0.0,0.0,0.058,10.0905,6.0,6,19.792980742671567,,2365.0181009988687,0.0,0.0,0.0,43.7255160825271,optimal
2021-02-13 07:30:00,8,47,2.3333333333333335,0.0,5.0,0.05866666666666666,7.539,6.0,6,19.73157606884037,,7000.0,0.0,0.0,0.0,46.056790566444576,optimal
2021-02-13 08:00:00,8,47,2.3333333333333335,0.0,5.0,0.068,7.938,6.0,6,20.0,,7000.0,0.0,0.0,0.0,48.38573377587813,optimal
2021-02-13 08:30:00,8,47,2.3333333333333335,0.0,0.0,0.068,8.274,6.0,6,20.266235776353884,,7000.0,0.0,0.0,0.0,48.33734804210225,optimal
2021-02-13 09:00:00,8,47,2.3333333333333335,0.0,0.0,0.068,9.261,6.0,6,20.52993737984096,,7000.0,0.0,0.0,0.0,48.289010694060146,optimal
2021-02-13 09:30:00,8,47,0.0,0.0,0.0,0.066,9.9225,6.0,6,20.818919508531344,,0.0,0.0,0.0,0.0,48.240721683366075,optimal
2021-02-13 10:00:00,8,47,2.3333333333333335,0.0,0.0,0.06533333333333333,9.702,6.0,6,20.621673364304083,,7000.0,0.0,0.0,0.0,48.192480961682705,optimal
2021-02-13 10:30:00,8,47,0.0,0.0,0.0,0.057466666666666666,10.584,6.0,6,20.973162797809223,,0.0,0.0,0.0,0.0,48.144288480721016,optimal
2021-02-13 11:00:00,8,47,0.5432987237326949,0.0,0.0,0.0761,10.143,6.0,6,20.82621654529909,,1629.8961711980849,0.0,0.0,0.0,48.096144192240295,optimal
2021-02-13 11:30:00,8,47,0.0,0.0,0.0,0.1484,13.0095,6.0,6,20.855976294091754,,0.0,0.0,0.0,0.0,48.048048048048045,optimal
2021-02-13 12:00:00,8,47,0.0,0.0,0.0,0.18380000000000002,11.025,6.0,6,20.7798613621978,,0.0,0.0,0.0,0.0,48.0,optimal
2021-02-13 12:30:00,8,47,0.0,0.0,0.0,0.09426666666666668,12.789,6.0,6,20.724703435333584,,0.0,0.0,0.0,0.0,46.86160273697938,optimal
2021-02-13 13:00:00,8,47,0.0,0.0,0.0,0.07516666666666667,12.1275,6.0,6,20.659446920189524,,0.0,0.0,0.0,0.0,45.72434387122178,optimal
2021-02-13 13:30:00,8,47,0.0,0.0,0.0,0.12883333333333336,12.1695,6.0,6,20.600909889220528,,0.0,0.0,0.0,0.0,44.588222264329936,optimal
2021-02-13 14:00:00,8,47,0.0,0.0,0.0,0.3312,12.306,6.0,6,20.547408054990832,,0.0,0.0,0.0,0.0,43.453236779044985,optimal
2021-02-13 14:30:00,8,47,0.0,0.0,0.0,0.2355,13.23,6.0,6,20.481273564349006,,0.0,0.0,0.0,0.0,43.40978354226594,optimal
2021-02-13 15:00:00,8,47,0.0,0.0,0.0,0.21603333333333333,13.671,6.0,6,20.41548324686672,,0.0,0.0,0.0,0.0,43.366373758723675,optimal
2021-02-13 15:30:00,8,47,0.0,0.0,0.0,0.23266666666666663,13.9335,6.0,6,20.333235343151976,,0.0,0.0,0.0,0.0,43.32300738496495,optimal
2021-02-13 16:00:00,8,47,0.0,0.0,0.0,0.22346666666666667,13.293,6.0,6,20.25332591502096,,0.0,0.0,0.0,0.0,43.27968437757999,optimal
2021-02-13 16:30:00,8,47,0.0,0.0,0.0,0.26780000000000004,12.1065,6.0,6,20.130137887687475,,0.0,0.0,0.0,0.0,43.23640469320241,optimal
2021-02-13 17:00:00,8,47,0.7382014819627588,0.0,0.0,0.1803333333333333,11.571,6.0,6,20.0,,2214.6044458882766,0.0,0.0,0.0,43.193168288509206,optimal
2021-02-13 17:30:00,8,47,0.6386445001721172,0.0,0.0,1.37,11.025,6.0,6,20.0,,1915.9335005163516,0.0,0.0,0.0,43.149975120220695,optimal
2021-02-13 18:00:00,8,47,2.3333333333333335,0.0,0.0,0.6543666666666667,10.8465,6.0,6,20.0,,7000.0,0.0,0.0,0.0,43.10682514510047,optimal
2021-02-13 18:30:00,8,47,1.8315051210053495,0.0,0.0,0.5578,11.2455,6.0,6,20.358974420657248,,5494.5153630160485,0.0,0.0,0.0,43.06371831995537,optimal
2021-02-13 19:00:00,8,47,0.0,0.0,0.0,0.21619999999999998,23.8665,6.0,6,20.584545792605393,,0.0,0.0,0.0,0.0,43.020654601635414,optimal
2021-02-13 19:30:00,8,47,0.0,0.0,0.0,0.066,27.4575,6.0,6,20.393721768498878,,0.0,0.0,0.0,0.0,42.97763394703378,optimal
2021-02-13 20:00:00,8,47,0.0,0.0,0.0,0.15733333333333335,27.3735,6.0,6,20.19012463503195,,0.0,0.0,0.0,0.0,42.93465631308675,optimal
2021-02-13 20:30:00,8,47,0.0,0.0,0.0,0.36219999999999997,30.4605,6.0,6,20.0,,0.0,0.0,0.0,0.0,42.89172165677366,optimal
2021-02-13 21:00:00,8,47,0.0,0.0,0.0,0.41156666666666664,30.0195,6.0,6,19.842775592625717,,0.0,0.0,0.0,0.0,42.84882993511689,optimal
2021-02-13 21:30:00,8,47,0.0,0.0,0.0,0.17933333333333334,26.9325,6.0,6,19.69797108466219,,0.0,0.0,0.0,0.0,42.80598110518177,optimal
2021-02-13 22:00:00,8,47,0.0,0.0,0.0,0.068,14.595,6.0,6,19.51618177650874,,0.0,0.0,0.0,0.0,42.76317512407659,optimal
2021-02-13 22:30:00,8,47,0.0,0.0,0.0,0.068,12.4845,6.0,6,19.29565262048127,,0.0,0.0,0.0,0.0,42.72041194895251,optimal
2021-02-13 23:00:00,8,47,0.0,0.0,0.0,0.068,12.1275,6.0,6,19.078293928002644,,0.0,0.0,0.0,0.0,42.677691537003554,optimal
2021-02-13 23:30:00,8,47,0.0,0.0,0.0,0.068,12.1275,6.0,6,18.864068542859233,,0.0,0.0,0.0,0.0,42.63501384546655,optimal
2021-02-07 00:00:00,9,47,0.0,0.0,0.0,0.048,7.7175,6.0,-3,21.0,,0.0,0.0,0.0,0.0,47.952,optimal
2021-02-07 00:30:00,9,47,0.0,0.0,0.0,0.10556666666666667,6.615,6.0,-3,20.798758488198235,,0.0,0.0,0.0,0.0,47.904047999999996,optimal
2021-02-07 01:00:00,9,47,0.0,0.0,0.0,0.09509999999999999,6.174,6.0,-3,20.602798300085578,,0.0,0.0,0.0,0.0,47.856143952,optimal
2021-02-07 01:30:00,9,47,2.3333333333333335,0.0,0.0,0.048,3.906,6.0,-3,20.40721820275689,,2053.666666666667,0.0,4946.333333333333,0.0,47.80828780804799,optimal
2021-02-07 02:00:00,9,47,2.3333333333333335,0.0,0.0,0.048,2.3415,6.0,-3,20.356075076956156,,7000.0,0.0,0.0,0.0,47.76047952023995,optimal
2021-02-07 02:30:00,9,47,2.3333333333333335,0.0,0.0,0.11603333333333332,2.205,6.0,-3,20.65678730701409,,7000.0,0.0,0.0,0.0,47.712719040719705,optimal
2021-02-07 03:00:00,9,47,2.3333333333333335,0.0,2.0281760125873474,0.08463333333333334,0.882,6.0,-3,20.957642732868987,,7000.0,0.0,0.0,0.0,48.62838992765797,optimal
2021-02-07 03:30:00,9,47,2.3333333333333335,0.0,0.0,0.048,1.5435,6.0,-3,21.251566797009627,,7000.0,0.0,0.0,0.0,48.579761537730306,optimal
2021-02-07 04:00:00,9,47,2.3333333333333335,0.0,0.0,0.048,1.5435,6.0,-3,21.53885444911351,,7000.0,0.0,0.0,0.0,48.53118177619257,optimal
2021-02-07 04:30:00,9,47,2.3333333333333335,0.0,0.0,0.048,5.0715,6.0,-3,21.822189262188235,,7000.0,0.0,0.0,0.0,48.48265059441637,optimal
2021-02-07 05:00:00,9,47,2.3333333333333335,0.0,0.0,0.1108,5.376,6.0,-3,22.102203535953397,,7000.0,0.0,0.0,0.0,48.434167943821954,optimal
2021-02-07 05:30:00,9,47,2.3333333333333335,0.0,0.0,0.08986666666666666,5.0715,6.0,-3,22.383403267115753,,7000.0,0.0,0.0,0.0,48.38573377587813,optimal
2021-02-07 06:00:00,9,47,0.9564564481393499,0.0,0.0,0.048,5.5125,6.0,-3,22.659818453810882,,2869.36934441805,0.0,0.0,0.0,48.33734804210225,optimal
2021-02-07 06:30:00,9,47,0.0,0.0,0.0,0.09476666666666668,9.261,6.0,-3,22.63619664224701,,0.0,0.0,0.0,0.0,48.289010694060146,optimal
2021-02-07 07:00:00,9,47,0.0,0.0,0.0,0.07293333333333334,11.7075,6.0,-3,22.4178668320279,,0.0,0.0,0.0,0.0,48.240721683366075,optimal
2021-02-07 07:30:00,9,47,0.0,0.0,0.0,0.34836666666666666,12.348,6.0,-3,22.196068172863686,,0.0,0.0,0.0,0.0,48.192480961682705,optimal
2021-02-07 08:00:00,9,47,0.0,0.0,0.0,0.06566666666666666,12.348,6.0,-3,22.0,,0.0,0.0,0.0,0.0,48.144288480721016,optimal
2021-02-07 08:30:00,9,47,0.0,0.0,0.0,0.12756666666666666,12.1275,6.0,-3,21.79427852506315,,0.0,0.0,0.0,0.0,48.096144192240295,optimal
2021-02-07 09:00:00,9,47,0.0,0.0,0.0,0.802,12.5265,6.0,-3,21.60008204282482,,0.0,0.0,0.0,0.0,48.048048048048045,optimal
2021-02-07 09:30:00,9,47,0.0,0.0,0.0,2.806966666666667,11.7495,6.0,-3,21.43646690192474,,0.0,0.0,0.0,0.0,48.0,optimal
2021-02-07 10:00:00,9,47,0.0,0.0,0.0,2.224766666666667,13.23,6.0,-3,21.29957846972532,,0.0,0.0,0.0,0.0,47.476275968152876,optimal
2021-02-07 10:30:00,9,47,0.0,0.0,0.0,0.058,14.3325,6.0,-3,21.142249583029432,,0.0,0.0,0.0,0.0,46.9530756603376,optimal
2021-02-07 11:00:00,9,47,0.0,0.0,0.0,0.11033333333333331,14.994,6.0,-3,20.950002439813026,,0.0,0.0,0.0,0.0,46.43039855283014,optimal
2021-02-07 11:30:00,9,47,0.0,0.0,0.0,0.11033333333333331,14.8155,6.0,-3,20.788800341883178,,0.0,0.0,0.0,0.0,45.90824412243019,optimal
2021-02-07 12:00:00,9,47,0.0,0.0,0.0,0.08416666666666667,14.112,6.0,-3,20.629487450214825,,0.0,0.0,0.0,0.0,45.38661184646064,optimal
2021-02-07 12:30:00,9,47,0.0,0.0,0.0,0.1365,14.007,6.0,-3,20.488189135797622,,0.0,0.0,0.0,0.0,44.86550120276706,optimal
2021-02-07 13:00:00,9,47,0.0,0.0,0.0,0.058,13.23,6.0,-3,20.35226933353227,,0.0,0.0,0.0,0.0,44.34491166971717,optimal
2021-02-07 13:30:00,9,47,2.3333333333333335,0.0,0.0,0.09263333333333335,11.382,6.0,-3,20.195893405323975,,7000.0,0.0,0.0,0.0,43.82484272620033,optimal
2021-02-07 14:00:00,9,47,1.7277692353310614,0.0,0.0,0.1575,11.7495,6.0,-3,20.5522337900012,,5183.307705993185,0.0,0.0,0.0,43.305293851627006,optimal
2021-02-07 14:30:00,9,47,0.0,0.0,0.0,0.06863333333333334,24.3285,6.0,-3,20.802035622839433,,0.0,0.0,0.0,0.0,42.78626452592826,optimal
2021-02-07 15:00:00,9,47,0.0,0.0,0.0,0.16543333333333335,28.917,6.0,-3,20.680071944916882,,0.0,0.0,0.0,0.0,42.26775422955521,optimal
2021-02-07 15:30:00,9,47,0.0,0.0,0.0,0.08979999999999999,31.3635,6.0,-3,20.589658057825417,,0.0,0.0,0.0,0.0,41.74976244347853,optimal
2021-02-07 16:00:00,9,47,0.0,0.0,0.0,0.8666666666666666,33.306,6.0,-3,20.4875464931517,,0.0,0.0,0.0,0.0,41.23228864918793,optimal
2021-02-07 16:30:00,9,47,0.0,0.0,0.0,1.487,31.3425,6.0,-3,20.387369260498808,,0.0,0.0,0.0,0.0,40.715332328691616,optimal
2021-02-07 17:00:00,9,47,0.0,0.0,0.0,0.27366666666666667,28.2555,6.0,-3,20.314959738270073,,0.0,0.0,0.0,0.0,40.67461699636292,optimal
2021-02-07 17:30:00,9,47,0.0,0.0,0.0,0.3238666666666667,15.6975,6.0,-3,20.159417653066278,,0.0,0.0,0.0,0.0,40.63394237936656,optimal
2021-02-07 18:00:00,9,47,0.7432109060762565,0.0,0.0,0.3975,12.5475,6.0,-3,20.0,,2229.6327182287696,0.0,0.0,0.0,40.59330843698719,optimal
2021-02-07 18:30:00,9,47,0.9081044825985699,0.0,0.0,0.22,12.0855,6.0,-3,20.0,,2724.3134477957096,0.0,0.0,0.0,40.552715128550204,optimal
2021-02-07 19:00:00,9,47,2.3333333333333335,0.0,0.0,0.21013333333333334,11.907,6.0,-3,20.01982814667934,,7000.0,0.0,0.0,0.0,40.512162413421656,optimal
2021-02-07 19:30:00,9,47,0.0,0.0,0.0,0.32230000000000003,12.5685,6.0,-3,20.345567755217942,,0.0,0.0,0.0,0.0,40.471650251008235,optimal
2021-02-07 20:00:00,9,47,0.0,0.0,0.0,0.2469,13.146,6.0,-3,20.1744748437957,,0.0,0.0,0.0,0.0,40.43117860075723,optimal
2021-02-07 20:30:00,9,47,0.0,0.0,0.0,0.40003333333333335,10.584,6.0,-3,20.0,,0.0,0.0,0.0,0.0,40.39074742215647,optimal
2021-02-07 21:00:00,9,47,0.0,0.0,0.0,0.2134,6.678,6.0,-3,19.83695867555304,,0.0,0.0,0.0,0.0,40.350356674734314,optimal
2021-02-07 21:30:00,9,47,0.0,0.0,0.0,0.4386666666666667,7.938,6.0,-3,19.671256059660127,,0.0,0.0,0.0,0.0,40.31000631805958,optimal
2021-02-07 22:00:00,9,47,0.0,0.0,0.0,0.058,5.292,6.0,-3,19.52552258171333,,0.0,0.0,0.0,0.0,40.26969631174152,optimal
2021-02-07 22:30:00,9,47,0.0,0.0,0.0,0.058,9.261,6.0,-3,19.328669754007496,,0.0,0.0,0.0,0.0,40.22942661542978,optimal
2021-02-07 23:00:00,9,47,0.0,0.0,0.0,0.12603333333333333,10.3635,6.0,-3,19.13412394090923,,0.0,0.0,0.0,0.0,40.18919718881435,optimal
2021-02-07 23:30:00,9,47,0.0,0.0,0.0,0.08996666666666667,8.274,6.0,-3,18.946697443874214,,0.0,0.0,0.0,0.0,40.14900799162553,optimal
2021-02-08 00:00:00,9,47,2.3333333333333335,0.0,0.0,0.06066666666666666,7.938,6.0,-1,18.946697443874214,,7000.0,0.0,0.0,0.0,40.10885898363391,optimal
2021-02-08 00:30:00,9,47,2.3333333333333335,0.0,0.0,0.08013333333333333,8.6835,6.0,-1,19.250453867415775,,3447.0,0.0,3553.0,0.0,40.06875012465027,optimal
2021-02-08 01:00:00,9,47,2.3333333333333335,0.0,0.0,0.14553333333333332,7.665,6.0,-1,19.29935099451072,,7000.0,0.0,0.0,0.0,40.02868137452562,optimal
2021-02-08 01:30:00,9,47,2.3333333333333335,0.0,0.0,0.065,6.7725,6.0,-1,19.604702985452334,,7000.0,0.0,0.0,0.0,39.988652693151096,optimal
2021-02-08 02:00:00,9,47,2.3333333333333335,0.0,3.648565043389379,0.16566666666666666,5.5755,6.0,-1,19.900161945626486,,7000.0,0.0,0.0,0.0,41.68173243606789,optimal
2021-02-08 02:30:00,9,47,2.3333333333333335,0.0,5.0,0.065,5.0925,6.0,-1,20.198732911854773,,7000.0,0.0,0.0,0.0,44.01505070363182,optimal
2021-02-08 03:00:00,9,47,2.3333333333333335,0.0,5.0,0.15056666666666665,4.1895,6.0,-1,20.487230144663794,,7000.0,0.0,0.0,0.0,46.34603565292819,optimal
2021-02-08 03:30:00,9,47,2.3333333333333335,0.0,0.0,0.08009999999999999,7.056,6.0,-1,20.779018829049978,,7000.0,0.0,0.0,0.0,46.299689617275256,optimal
2021-02-08 04:00:00,9,47,2.3333333333333335,0.0,5.0,0.1405,5.271,6.0,-1,21.061789498558795,,7000.0,0.0,0.0,0.0,48.62838992765797,optimal
2021-02-08 04:30:00,9,47,2.3333333333333335,0.0,0.0,0.09016666666666669,7.938,6.0,-1,21.3449566309521,,7000.0,0.0,0.0,0.0,48.579761537730306,optimal
2021-02-08 05:00:00,9,47,2.3333333333333335,0.0,0.0,0.065,7.938,6.0,-1,21.620052935917613,,7000.0,0.0,0.0,0.0,48.53118177619257,optimal
2021-02-08 05:30:00,9,47,0.0,0.0,0.0,0.16566666666666666,11.907,6.0,-1,21.88896315159119,,0.0,0.0,0.0,0.0,48.48265059441637,optimal
2021-02-08 06:00:00,9,47,2.1142049118060147,0.0,0.0,0.065,11.025,6.0,-1,21.66337339364116,,6342.614735418043,0.0,0.0,0.0,48.434167943821954,optimal
2021-02-08 06:30:00,9,47,0.0,0.0,0.0,0.065,11.2875,6.0,-1,21.883842920990464,,0.0,0.0,0.0,0.0,48.38573377587813,optimal
2021-02-08 07:00:00,9,47,0.0,0.0,0.0,0.065,12.936,6.0,-1,21.649980611957588,,0.0,0.0,0.0,0.0,48.33734804210225,optimal
2021-02-08 07:30:00,9,47,0.0,0.0,0.0,0.16566666666666666,13.0095,6.0,-1,21.41827307528772,,0.0,0.0,0.0,0.0,48.289010694060146,optimal
2021-02-08 08:00:00,9,47,0.0,0.0,0.0,0.06906666666666667,13.671,6.0,-1,21.197613590184673,,0.0,0.0,0.0,0.0,48.240721683366075,optimal
2021-02-08 08:30:00,9,47,0.0,0.0,0.0,1.0377,13.188,6.0,-1,20.983151910222105,,0.0,0.0,0.0,0.0,48.192480961682705,optimal
2021-02-08 09:00:00,9,47,0.0,0.0,0.0,0.17523333333333332,13.8495,6.0,-1,20.785894307682167,,0.0,0.0,0.0,0.0,48.144288480721016,optimal
2021-02-08 09:30:00,9,47,0.0,0.0,0.0,1.1243666666666665,13.23,6.0,-1,20.61577200674625,,0.0,0.0,0.0,0.0,48.096144192240295,optimal
2021-02-08 10:00:00,9,47,0.0,0.0,0.0,0.063,13.3665,6.0,-1,20.453376936123295,,0.0,0.0,0.0,0.0,48.048048048048045,optimal
2021-02-08 10:30:00,9,47,0.0,0.0,0.0,0.42469999999999997,13.0515,6.0,-1,20.31918690708235,,0.0,0.0,0.0,0.0,48.0,optimal
2021-02-08 11:00:00,9,47,0.0,0.0,0.0,1.1925999999999999,13.5345,6.0,-1,20.17999881066686,,0.0,0.0,0.0,0.0,47.616175041622114,optimal
2021-02-08 11:30:00,9,47,0.0,0.0,0.0,1.2349666666666668,14.154,6.0,-1,20.094694544384826,,0.0,0.0,0.0,0.0,47.232733908202604,optimal
2021-02-08 12:00:00,9,47,0.0,0.0,0.0,1.0635666666666665,14.112,6.0,-1,20.074758825741856,,0.0,0.0,0.0,0.0,46.84967621591652,optimal
2021-02-08 12:30:00,9,47,0.0,0.0,0.0,0.4589333333333333,14.2485,6.0,-1,20.05828677785214,,0.0,0.0,0.0,0.0,46.46700158132272,optimal
2021-02-08 13:00:00,9,47,0.6934924036601238,0.0,0.0,1.2052,12.789,6.0,-1,20.0,,2080.477210980371,0.0,0.0,0.0,46.084709621363515,optimal
2021-02-08 13:30:00,9,47,0.0,0.0,0.0,0.09566666666666669,13.0095,6.0,-1,20.07989775900815,,0.0,0.0,0.0,0.0,45.70279995336427,optimal
2021-02-08 14:00:00,9,47,2.3333333333333335,0.0,0.0,0.426,12.1275,6.0,-1,20.0,,7000.0,0.0,0.0,0.0,45.321272195033025,optimal
2021-02-08 14:30:00,9,47,1.2288226711140218,0.0,0.0,0.1057,12.348,6.0,-1,20.446746506274597,,3686.4680133420648,0.0,0.0,0.0,44.94012596446011,optimal
2021-02-08 15:00:00,9,47,2.3333333333333335,0.0,0.0,0.2036,12.348,6.0,-1,20.633803561963934,,7000.0,0.0,0.0,0.0,44.559360880117765,optimal
2021-02-08 15:30:00,9,47,0.0,0.0,0.0,0.0798,25.389,6.0,-1,21.03329725082071,,0.0,0.0,0.0,0.0,44.178976560859766,optimal
2021-02-08 16:00:00,9,47,0.0,0.0,0.0,0.07233333333333333,29.1375,6.0,-1,20.921373043119804,,0.0,0.0,0.0,0.0,44.13479758429891,optimal
2021-02-08 16:30:00,9,47,0.0,0.0,0.0,0.2335,30.597,6.0,-1,20.782226251726545,,0.0,0.0,0.0,0.0,44.09066278671461,optimal
2021-02-08 17:00:00,9,47,0.0,0.0,0.0,0.836,33.684,6.0,-1,20.65970856470307,,0.0,0.0,0.0,0.0,44.046572123927895,optimal
2021-02-08 17:30:00,9,47,0.0,0.0,0.0,0.5408,32.445,6.0,-1,20.5062262418872,,0.0,0.0,0.0,0.0,44.00252555180397,optimal
2021-02-08 18:00:00,9,47,0.0,0.0,0.0,0.16716666666666666,28.917,6.0,-1,20.346397240014905,,0.0,0.0,0.0,0.0,43.958523026252166,optimal
2021-02-08 18:30:00,9,47,0.0,0.0,0.0,0.1316,15.876,6.0,-1,20.174748647403238,,0.0,0.0,0.0,0.0,43.91456450322591,optimal
2021-02-08 19:00:00,9,47,0.6709810881697691,0.0,0.0,0.6545666666666667,12.348,6.0,-1,20.0,,2012.9432645093073,0.0,0.0,0.0,43.870649938722686,optimal
2021-02-08 19:30:00,9,47,1.5844410304244423,0.0,0.0,0.22506666666666664,12.1275,6.0,-1,20.0,,4753.323091273327,0.0,0.0,0.0,43.82677928878396,optimal
2021-02-08 20:00:00,9,47,0.0,0.0,0.0,0.43560000000000004,12.348,6.0,-1,20.166725020837706,,0.0,0.0,0.0,0.0,43.782952509495175,optimal
2021-02-08 20:30:00,9,47,0.0,0.0,0.0,0.21830000000000002,12.1275,6.0,-1,20.0,,0.0,0.0,0.0,0.0,43.73916955698568,optimal
2021-02-08 21:00:00,9,47,0.0,0.0,0.0,0.19603333333333334,12.1275,6.0,-1,19.79979748078999,,0.0,0.0,0.0,0.0,43.695430387428694,optimal
2021-02-08 21:30:00,9,47,0.0,0.0,0.0,0.2805666666666667,11.2665,6.0,-1,19.596624666744713,,0.0,0.0,0.0,0.0,43.65173495704126,optimal
2021-02-08 22:00:00,9,47,0.0,0.0,0.0,0.13140000000000002,10.143,6.0,-1,19.416561728487086,,0.0,0.0,0.0,0.0,43.608083222084225,optimal
2021-02-08 22:30:00,9,47,0.0,0.0,0.0,0.16366666666666665,11.2455,6.0,-1,19.2323764787989,,0.0,0.0,0.0,0.0,43.56447513886214,optimal
2021-02-08 23:00:00,9,47,0.0,0.0,0.0,0.15619999999999998,11.025,6.0,-1,19.05390842889516,,0.0,0.0,0.0,0.0,43.52091066372328,optimal
2021-02-08 23:30:00,9,47,0.0,0.0,0.0,0.16063333333333332,5.9745,6.0,-1,18.86968576566314,,0.0,0.0,0.0,0.0,43.477389753059555,optimal
2021-02-09 00:00:00,9,47,0.0,0.0,0.0,0.058,12.1275,6.0,5,18.86968576566314,,0.0,0.0,0.0,0.0,43.4339123633065,optimal
2021-02-09 00:30:00,9,47,0.0,0.0,0.0,0.18046666666666666,12.2955,6.0,5,18.66588829534515,,0.0,0.0,0.0,0.0,43.39047845094319,optimal
2021-02-09 01:00:00,9,47,0.0,0.0,0.0,0.058,11.6865,6.0,5,18.473776485256526,,0.0,0.0,0.0,0.0,43.34708797249225,optimal
2021-02-09 01:30:00,9,47,0.0,0.0,0.0,0.060333333333333336,11.466,6.0,5,18.275790818443017,,0.0,0.0,0.0,0.0,43.303740884519755,optimal
2021-02-09 02:00:00,9,47,2.3333333333333335,0.0,0.0,0.18580000000000002,10.8045,6.0,5,18.07895349360308,,1496.333333333333,0.0,5503.666666666667,0.0,43.26043714363524,optimal
2021-02-09 02:30:00,9,47,2.3333333333333335,0.0,5.0,0.058,10.584,6.0,5,17.9983993302488,,7000.0,0.0,0.0,0.0,45.5921767064916,optimal
2021-02-09 03:00:00,9,47,2.3333333333333335,0.0,0.0,0.09140000000000001,11.2455,6.0,5,18.30215003492599,,7000.0,0.0,0.0,0.0,45.54658452978511,optimal
2021-02-09 03:30:00,9,47,0.0,0.0,0.0,0.14706666666666665,12.1275,6.0,5,18.60530271552413,,0.0,0.0,0.0,0.0,45.50103794525532,optimal
2021-02-09 04:00:00,9,47,0.0,0.0,0.0,0.058,11.823,6.0,5,18.41211110736596,,0.0,0.0,0.0,0.0,45.45553690731006,optimal
2021-02-09 04:30:00,9,47,2.3333333333333335,0.0,0.0,0.18180000000000002,11.7705,6.0,5,18.216020076218488,,7000.0,0.0,0.0,0.0,45.41008137040275,optimal
2021-02-09 05:00:00,9,47,2.3333333333333335,0.0,0.0,0.06633333333333333,11.13,6.0,5,18.527689583779086,,7000.0,0.0,0.0,0.0,45.364671289032344,optimal
2021-02-09 05:30:00,9,47,2.3333333333333335,0.0,0.0,0.18046666666666666,11.6865,6.0,5,18.82582325145942,,7000.0,0.0,0.0,0.0,45.319306617743315,optimal
2021-02-09 06:00:00,9,47,2.3333333333333335,0.0,1.0327242843864402,0.058,10.7205,6.0,5,19.129174228304134,,7000.0,0.0,0.0,0.0,45.764531346209125,optimal
2021-02-09 06:30:00,9,47,2.3333333333333335,0.0,0.0,0.0747,11.424,6.0,5,19.42025880313008,,7000.0,0.0,0.0,0.0,45.71876681486292,optimal
2021-02-09 07:00:00,9,47,2.3333333333333335,0.0,5.0,0.16243333333333335,10.689,6.0,5,19.708533943226037,,7000.0,0.0,0.0,0.0,48.048048048048045,optimal
2021-02-09 07:30:00,9,47,2.3333333333333335,0.0,0.0,0.3482333333333333,11.361,6.0,5,20.036161611589634,,7000.0,0.0,0.0,0.0,48.0,optimal
2021-02-09 08:00:00,9,47,2.3333333333333335,0.0,0.0,0.1348,11.571,6.0,5,20.402597307464426,,7000.0,0.0,0.0,0.0,47.7842627878852,optimal
2021-02-09 08:30:00,9,47,0.0,0.0,0.0,0.12366666666666669,14.3745,6.0,5,20.668558158728715,,0.0,0.0,0.0,0.0,47.56874131298251,optimal
2021-02-09 09:00:00,9,47,0.7686245434968614,0.0,0.0,0.068,13.23,6.0,5,20.43444495576992,,2305.873630490584,0.0,0.0,0.0,47.35343535955473,optimal
2021-02-09 09:30:00,9,47,0.0,0.0,0.0,0.068,13.9755,6.0,5,20.391650726242254,,0.0,0.0,0.0,0.0,47.138344712080375,optimal
2021-02-09 10:00:00,9,47,0.0,0.0,0.0,0.19046666666666667,14.994,6.0,5,20.188852757671025,,0.0,0.0,0.0,0.0,46.92346915525349,optimal
2021-02-09 10:30:00,9,47,2.3333333333333335,0.0,0.0,0.068,13.671,6.0,5,20.046452402418275,,7000.0,0.0,0.0,0.0,46.70880847398344,optimal
2021-02-09 11:00:00,9,47,0.0,0.0,0.0,0.11253333333333332,15.981,6.0,5,20.397862612842093,,0.0,0.0,0.0,0.0,46.49436245339466,optimal
2021-02-09 11:30:00,9,47,0.0,0.0,0.0,0.14593333333333333,15.6345,6.0,5,20.296035541756332,,0.0,0.0,0.0,0.0,46.28013087882646,optimal
2021-02-09 12:00:00,9,47,0.0,0.0,0.0,0.07913333333333333,16.5375,6.0,5,20.198363610994054,,0.0,0.0,0.0,0.0,46.066113535832834,optimal
2021-02-09 12:30:00,9,47,0.0,0.0,0.0,0.17933333333333334,14.7735,6.0,5,20.12751385758835,,0.0,0.0,0.0,0.0,45.8523102101822,optimal
2021-02-09 13:00:00,9,47,0.0,0.0,0.0,0.068,15.2145,6.0,5,20.064035866410826,,0.0,0.0,0.0,0.0,45.63872068785722,optimal
2021-02-09 13:30:00,9,47,0.2584874482497809,0.0,0.0,0.19046666666666667,14.553,6.0,5,20.0,,775.4623447493427,0.0,0.0,0.0,45.42534475505457,optimal
2021-02-09 14:00:00,9,47,1.1735991854146108,0.0,0.0,0.068,14.3325,6.0,5,20.0,,3520.797556243833,0.0,0.0,0.0,45.21218219818471,optimal
2021-02-09 14:30:00,9,47,0.0,0.0,0.0,0.1181,14.595,6.0,5,20.17723645089112,,0.0,0.0,0.0,0.0,44.99923280387173,optimal
2021-02-09 15:00:00,9,47,0.0,0.0,0.0,0.14036666666666667,14.994,6.0,5,20.104932585660187,,0.0,0.0,0.0,0.0,44.78649635895305,optimal
2021-02-09 15:30:00,9,47,0.46302067750872855,0.0,0.0,0.09773333333333332,14.3325,6.0,5,20.0,,1389.0620325261857,0.0,0.0,0.0,44.5739726504793,optimal
2021-02-09 16:00:00,9,47,0.4229966632367494,0.0,0.0,1.8272,13.8915,6.0,5,20.0,,1268.9899897102482,0.0,0.0,0.0,44.361661465714015,optimal
2021-02-09 16:30:00,9,47,0.5644085703349985,0.0,0.0,0.2556,13.8915,6.0,5,20.0,,1693.2257110049954,0.0,0.0,0.0,44.1495625921335,optimal
2021-02-09 17:00:00,9,47,1.985285518064884,0.0,0.0,0.23996666666666666,13.4715,6.0,5,20.0,,5955.856554194653,0.0,0.0,0.0,43.937675817426566,optimal
2021-02-09 17:30:00,9,47,2.3333333333333335,0.0,0.0,1.584,13.23,6.0,5,20.267875542941955,,7000.0,0.0,0.0,0.0,43.72600092949434,optimal
2021-02-09 18:00:00,9,47,0.0,0.0,0.0,0.1799,13.8915,6.0,5,20.628051802865826,,0.0,0.0,0.0,0.0,43.682274928564844,optimal
2021-02-09 18:30:00,9,47,0.0,0.0,0.0,0.6771333333333334,26.9325,6.0,5,20.432406172305146,,0.0,0.0,0.0,0.0,43.63859265363628,optimal
2021-02-09 19:00:00,9,47,0.0,0.0,0.0,2.9285,30.303,6.0,5,20.302764653270014,,0.0,0.0,0.0,0.0,43.594954060982644,optimal
2021-02-09 19:30:00,9,47,0.0,0.0,0.0,4.1572,32.886,6.0,5,20.19466404011071,,0.0,0.0,0.0,0.0,43.55135910692166,optimal
2021-02-09 20:00:00,9,47,0.0,0.0,0.0,2.1236333333333333,34.9965,6.0,5,20.107843974975143,,0.0,0.0,0.0,0.0,43.50780774781474,optimal
2021-02-09 20:30:00,9,47,0.0,0.0,0.0,0.28203333333333336,33.327,6.0,5,20.0,,0.0,0.0,0.0,0.0,43.46429994006692,optimal
2021-02-09 21:00:00,9,47,0.0,0.0,0.0,0.26116666666666666,31.122,6.0,5,19.87830895039325,,0.0,0.0,0.0,0.0,43.42083564012685,optimal
2021-02-09 21:30:00,9,47,0.0,0.0,0.0,0.5570333333333333,17.9025,6.0,5,19.744006723881473,,0.0,0.0,0.0,0.0,43.377414804486726,optimal
2021-02-09 22:00:00,9,47,0.0,0.0,0.0,0.41103333333333336,15.6555,6.0,5,19.644370081538376,,0.0,0.0,0.0,0.0,43.33403738968224,optimal
2021-02-09 22:30:00,9,47,0.0,0.0,0.0,0.4598666666666667,14.553,6.0,5,19.521354602987987,,0.0,0.0,0.0,0.0,43.29070335229255,optimal
2021-02-09 23:00:00,9,47,0.0,0.0,0.0,0.32593333333333335,14.3325,6.0,5,19.3977609798391,,0.0,0.0,0.0,0.0,43.24741264894026,optimal
2021-02-09 23:30:00,9,47,0.0,0.0,0.0,0.06766666666666667,13.335,6.0,5,19.242262397191595,,0.0,0.0,0.0,0.0,43.204165236291324,optimal
2021-02-10 00:00:00,9,47,2.3333333333333335,0.0,0.0,0.06,11.508,6.0,-2,19.242262397191595,,7000.0,0.0,0.0,0.0,43.160961071055034,optimal
2021-02-10 00:30:00,9,47,2.3333333333333335,0.0,0.0,0.06,11.508,6.0,-2,19.529933813319044,,0.0,0.0,7000.0,0.0,43.11780010998398,optimal
2021-02-10 01:00:00,9,47,2.3333333333333335,0.0,0.0,0.2008,11.844,6.0,-2,19.31513880102928,,5918.666666666667,0.0,1081.3333333333333,0.0,43.074682309874,optimal
2021-02-10 01:30:00,9,47,2.3333333333333335,0.0,0.0,0.06,11.508,6.0,-2,19.532710346582803,,7000.0,0.0,0.0,0.0,43.03160762756413,optimal
2021-02-10 02:00:00,9,47,2.3333333333333335,0.0,0.0,0.06,11.508,6.0,-2,19.81346201428637,,7000.0,0.0,0.0,0.0,42.988576019936566,optimal
2021-02-10 02:30:00,9,47,2.3333333333333335,0.0,5.0,0.0856,10.4475,6.0,-2,20.08975146689511,,7000.0,0.0,0.0,0.0,45.32058744391663,optimal
2021-02-10 03:00:00,9,47,2.3333333333333335,0.0,1.6453130736249777,0.1752,10.8675,6.0,-2,20.364623924193094,,7000.0,0.0,0.0,0.0,46.056790566444576,optimal
2021-02-10 03:30:00,9,47,2.3333333333333335,0.0,5.0,0.06,10.542,6.0,-2,20.64264843257225,,7000.0,0.0,0.0,0.0,48.38573377587813,optimal
2021-02-10 04:00:00,9,47,2.3333333333333335,0.0,0.0,0.2008,11.025,6.0,-2,20.90922024382589,,7000.0,0.0,0.0,0.0,48.33734804210225,optimal
2021-02-10 04:30:00,9,47,2.3333333333333335,0.0,0.0,0.06,11.025,6.0,-2,21.182683337437638,,7000.0,0.0,0.0,0.0,48.289010694060146,optimal
2021-02-10 05:00:00,9,47,2.3333333333333335,0.0,0.0,0.07479999999999999,14.553,6.0,-2,21.441754266473396,,7000.0,0.0,0.0,0.0,48.240721683366075,optimal
2021-02-10 05:30:00,9,47,2.3333333333333335,0.0,0.0,0.196,13.0935,6.0,-2,21.697527555585232,,7000.0,0.0,0.0,0.0,48.192480961682705,optimal
2021-02-10 06:00:00,9,47,0.0,0.0,0.0,0.10586666666666666,15.6345,6.0,-2,21.957325755317832,,0.0,0.0,0.0,0.0,48.144288480721016,optimal
2021-02-10 06:30:00,9,47,0.0,0.0,0.0,0.14959999999999998,18.102,6.0,-2,21.718697270312816,,0.0,0.0,0.0,0.0,48.096144192240295,optimal
2021-02-10 07:00:00,9,47,0.0,0.0,0.0,0.3201333333333333,17.199,6.0,-2,21.489932443571544,,0.0,0.0,0.0,0.0,48.048048048048045,optimal
2021-02-10 07:30:00,9,47,0.0,0.0,0.0,0.35733333333333334,18.2805,6.0,-2,21.28842360328949,,0.0,0.0,0.0,0.0,48.0,optimal
2021-02-10 08:00:00,9,47,0.0,0.0,0.0,0.10016666666666668,17.4615,6.0,-2,21.091810687442074,,0.0,0.0,0.0,0.0,47.554488662680654,optimal
2021-02-10 08:30:00,9,47,0.0,0.0,0.0,0.4058,18.3225,6.0,-2,20.86834235926371,,0.0,0.0,0.0,0.0,47.10942283669863,optimal
2021-02-10 09:00:00,9,47,0.0,0.0,0.0,0.26280000000000003,17.094,6.0,-2,20.6692060728925,,0.0,0.0,0.0,0.0,46.664802076542585,optimal
2021-02-10 09:30:00,9,47,0.0,0.0,0.0,0.06933333333333333,17.094,6.0,-2,20.499777350078173,,0.0,0.0,0.0,0.0,46.2206259371467,optimal
2021-02-10 10:00:00,9,47,0.0,0.0,0.0,0.1404,17.094,6.0,-2,20.303536608827248,,0.0,0.0,0.0,0.0,45.77689397389021,optimal
2021-02-10 10:30:00,9,47,0.0,0.0,0.0,0.1404,17.3565,6.0,-2,20.156659392127587,,0.0,0.0,0.0,0.0,45.33360574259698,optimal
2021-02-10 11:00:00,9,47,0.46046327142347016,0.0,0.0,0.07,17.115,6.0,-2,20.013261424791843,,1381.3898142704104,0.0,0.0,0.0,44.89076079953504,optimal
2021-02-10 11:30:00,9,47,0.46945450973101965,0.0,0.0,0.21080000000000002,17.241,6.0,-2,20.0,,1408.3635291930589,0.0,0.0,0.0,44.44835870141616,optimal
2021-02-10 12:00:00,9,47,0.30835612291008235,0.0,0.0,0.07,17.094,6.0,-2,20.0,,925.0683687302471,0.0,0.0,0.0,44.0063990053954,optimal
2021-02-10 12:30:00,9,47,2.3333333333333335,0.0,0.0,0.07,16.5165,6.0,-2,20.0,,7000.0,0.0,0.0,0.0,43.56488126907066,optimal
2021-02-10 13:00:00,9,47,0.0,0.0,0.0,0.0828,17.8185,6.0,-2,20.43212127083754,,0.0,0.0,0.0,0.0,43.12380505048225,optimal
2021-02-10 13:30:00,9,47,2.3333333333333335,0.0,0.0,0.198,17.094,6.0,-2,20.35496215342488,,7000.0,0.0,0.0,0.0,42.68316990811242,optimal
2021-02-10 14:00:00,9,47,2.3333333333333335,0.0,0.0,0.07,16.8945,6.0,-2,20.78716870860236,,7000.0,0.0,0.0,0.0,42.242975400884966,optimal
2021-02-10 14:30:00,9,47,0.2352879988015359,0.0,0.0,0.07,18.123,6.0,-2,21.20188913450556,,705.8639964046076,0.0,0.0,0.0,41.80322108816474,optimal
2021-02-10 15:00:00,9,47,0.0,0.0,0.0,0.07,31.647,6.0,-2,21.164035560204326,,0.0,0.0,0.0,0.0,41.36390652975723,optimal
2021-02-10 15:30:00,9,47,0.0,0.0,0.0,0.17880000000000001,34.9965,6.0,-2,21.04554396071493,,0.0,0.0,0.0,0.0,40.925031285908126,optimal
2021-02-10 16:00:00,9,47,0.0,0.0,0.0,0.102,34.9965,6.0,-2,20.93383627228001,,0.0,0.0,0.0,0.0,40.486594917302874,optimal
2021-02-10 16:30:00,9,47,0.0,0.0,0.0,0.07,34.9965,6.0,-2,20.769322583697377,,0.0,0.0,0.0,0.0,40.048596985066226,optimal
2021-02-10 17:00:00,9,47,0.0,0.0,0.0,0.21080000000000002,34.9965,6.0,-2,20.60211679370259,,0.0,0.0,0.0,0.0,39.611037050761816,optimal
2021-02-10 17:30:00,9,47,0.0,0.0,0.0,0.0792,34.9965,6.0,-2,20.395661023651805,,0.0,0.0,0.0,0.0,39.17391467639171,optimal
2021-02-10 18:00:00,9,47,0.0,0.0,0.0,0.139,27.741,6.0,-2,20.193069108865433,,0.0,0.0,0.0,0.0,38.73722942439598,optimal
2021-02-10 18:30:00,9,47,0.9049672903276366,0.0,0.0,0.2542,19.026,6.0,-2,20.0,,2714.9018709829097,0.0,0.0,0.0,38.300980857652235,optimal
2021-02-10 19:00:00,9,47,0.9498793631650546,0.0,0.0,0.2114333333333333,18.7215,6.0,-2,20.0,,2849.638089495164,0.0,0.0,0.0,37.86516853947524,optimal
2021-02-10 19:30:00,9,47,0.9203757975773106,0.0,0.0,0.3068,17.4195,6.0,-2,20.0,,2761.1273927319316,0.0,0.0,0.0,37.42979203361642,optimal
2021-02-10 20:00:00,9,47,0.9110611208784811,0.0,0.0,0.3452,16.758,6.0,-2,20.0,,2733.1833626354432,0.0,0.0,0.0,37.39236224158281,optimal
2021-02-10 20:30:00,9,47,0.0,0.0,0.0,0.24716666666666662,14.217,6.0,-2,20.0,,0.0,0.0,0.0,0.0,37.354969879341226,optimal
2021-02-10 21:00:00,9,47,0.0,0.0,0.0,0.25843333333333335,13.3665,6.0,-2,19.799584435592696,,0.0,0.0,0.0,0.0,37.31761490946189,optimal
2021-02-10 21:30:00,9,47,0.0,0.0,0.0,0.4039,12.789,6.0,-2,19.60413734123381,,0.0,0.0,0.0,0.0,37.280297294552426,optimal
2021-02-10 22:00:00,9,47,0.046444444444444434,0.0,0.0,0.3502,11.907,6.0,-2,19.41100701388895,,0.0,0.0,139.33333333333331,0.0,37.243016997257875,optimal
2021-02-10 22:30:00,9,47,0.0,0.0,0.0,0.465,11.7075,6.0,-2,19.212823121781398,,0.0,0.0,0.0,0.0,37.205773980260616,optimal
2021-02-10 23:00:00,9,47,0.0,0.0,0.0,0.3402,10.8045,6.0,-2,19.01506101246124,,0.0,0.0,0.0,0.0,37.168568206280355,optimal
2021-02-10 23:30:00,9,47,0.0,0.0,0.0,0.15319999999999998,11.508,6.0,-2,18.806163926525823,,0.0,0.0,0.0,0.0,37.13139963807407,optimal
2021-02-11 00:00:00,9,47,2.3333333333333335,0.0,0.0,0.06233333333333334,11.2455,6.0,2,18.806163926525823,,7000.0,0.0,0.0,0.0,37.094268238436,optimal
2021-02-11 00:30:00,9,47,2.3333333333333335,0.0,0.0,0.06766666666666667,11.2455,6.0,2,19.051052778014135,,0.0,0.0,7000.0,0.0,37.05717397019757,optimal
2021-02-11 01:00:00,9,47,2.3333333333333335,0.0,0.0,0.15106666666666665,11.025,6.0,2,18.79632048875325,,2435.333333333333,0.0,4564.666666666667,0.0,37.02011679622737,optimal
2021-02-11 01:30:00,9,47,2.3333333333333335,0.0,0.0,0.20033333333333328,12.0855,6.0,2,18.725381915144858,,7000.0,0.0,0.0,0.0,36.98309667943114,optimal
2021-02-11 02:00:00,9,47,2.3333333333333335,0.0,0.0,0.061,11.6865,6.0,2,18.983472429509423,,7000.0,0.0,0.0,0.0,36.946113582751714,optimal
2021-02-11 02:30:00,9,47,2.3333333333333335,0.0,0.0,0.2714,11.2245,6.0,2,19.228627213754173,,7000.0,0.0,0.0,0.0,36.90916746916896,optimal
2021-02-11 03:00:00,9,47,2.3333333333333335,0.0,0.2909844199835208,0.084,11.025,6.0,2,19.48470310647054,,7000.0,0.0,0.0,0.0,37.01047590119196,optimal
2021-02-11 03:30:00,9,47,2.3333333333333335,0.0,5.0,0.06666666666666667,10.7835,6.0,2,19.72299133090564,,7000.0,0.0,0.0,0.0,39.34846542529077,optimal
2021-02-11 04:00:00,9,47,2.3333333333333335,0.0,5.0,0.061,11.025,6.0,2,19.960065305764747,,7000.0,0.0,0.0,0.0,41.68411695986547,optimal
2021-02-11 04:30:00,9,47,2.3333333333333335,0.0,5.0,0.15106666666666665,10.584,6.0,2,20.197290767037156,,7000.0,0.0,0.0,0.0,44.017432842905606,optimal
2021-02-11 05:00:00,9,47,2.3333333333333335,0.0,5.0,0.175,11.025,6.0,2,20.43814267783226,,7000.0,0.0,0.0,0.0,46.3484154100627,optimal
2021-02-11 05:30:00,9,47,2.3333333333333335,0.0,5.0,0.09509999999999999,10.4265,6.0,2,20.677874350085446,,7000.0,0.0,0.0,0.0,48.67706699465263,optimal
2021-02-11 06:00:00,9,47,2.3333333333333335,0.0,0.0,0.21563333333333332,12.789,6.0,2,20.91187695079749,,7000.0,0.0,0.0,0.0,48.62838992765797,optimal
2021-02-11 06:30:00,9,47,2.3333333333333335,0.0,0.0,0.13133333333333333,12.684,6.0,2,21.15471192660242,,7000.0,0.0,0.0,0.0,48.579761537730306,optimal
2021-02-11 07:00:00,9,47,0.06457286837581487,0.0,0.0,0.1492,16.254,6.0,2,21.397135320776783,,193.71860512744465,0.0,0.0,0.0,48.53118177619257,optimal
2021-02-11 07:30:00,9,47,0.0,0.0,0.0,0.44830000000000003,17.64,6.0,2,21.169412611304995,,0.0,0.0,0.0,0.0,48.48265059441637,optimal
2021-02-11 08:00:00,9,47,0.0,0.0,0.0,0.2089333333333333,19.1625,6.0,2,20.956684848057968,,0.0,0.0,0.0,0.0,48.434167943821954,optimal
2021-02-11 08:30:00,9,47,0.0,0.0,0.0,0.17466666666666666,26.46,6.0,2,20.73615299269533,,0.0,0.0,0.0,0.0,48.38573377587813,optimal
2021-02-11 09:00:00,9,47,0.0,0.0,0.0,0.4387,20.79,6.0,2,20.519368883612223,,0.0,0.0,0.0,0.0,48.33734804210225,optimal
2021-02-11 09:30:00,9,47,0.0,0.0,0.0,0.3012666666666666,29.106,6.0,2,20.36857277083949,,0.0,0.0,0.0,0.0,48.289010694060146,optimal
2021-02-11 10:00:00,9,47,0.0,0.0,0.0,0.4029666666666666,19.1835,6.0,2,20.229010335801235,,0.0,0.0,0.0,0.0,48.240721683366075,optimal
2021-02-11 10:30:00,9,47,0.0,0.0,0.0,1.8700333333333332,19.6665,6.0,2,20.1726889406679,,0.0,0.0,0.0,0.0,48.192480961682705,optimal
2021-02-11 11:00:00,9,47,0.0,0.0,0.0,0.16503333333333334,19.404,6.0,2,20.115495826434415,,0.0,0.0,0.0,0.0,48.144288480721016,optimal
2021-02-11 11:30:00,9,47,0.0,0.0,0.0,0.25566666666666665,19.047,6.0,2,20.04511738443214,,0.0,0.0,0.0,0.0,48.096144192240295,optimal
2021-02-11 12:00:00,9,47,0.0,0.0,0.0,0.36119999999999997,18.858,6.0,2,20.0,,0.0,0.0,0.0,0.0,48.048048048048045,optimal
2021-02-11 12:30:00,9,47,0.0,0.0,0.0,0.4468666666666667,19.2675,6.0,2,20.02793482453897,,0.0,0.0,0.0,0.0,48.0,optimal
2021-02-11 13:00:00,9,47,0.0,0.0,0.0,0.24786666666666668,18.963,6.0,2,20.05817027139549,,0.0,0.0,0.0,0.0,47.57611596925624,optimal
2021-02-11 13:30:00,9,47,0.0,0.0,0.0,0.26,18.438,6.0,2,20.04975042109799,,0.0,0.0,0.0,0.0,47.15265582254323,optimal
2021-02-11 14:00:00,9,47,0.0,0.0,0.0,0.32239999999999996,18.7425,6.0,2,20.03459648919784,,0.0,0.0,0.0,0.0,46.72961913597693,optimal
2021-02-11 14:30:00,9,47,2.3333333333333335,0.0,0.0,0.3044,15.2145,6.0,2,20.02678628016872,,7000.0,0.0,0.0,0.0,46.307005486097204,optimal
2021-02-11 15:00:00,9,47,0.24860057529368898,0.0,0.0,0.116,17.7765,6.0,2,20.51047041523814,,745.801725881067,0.0,0.0,0.0,45.88481444986735,optimal
2021-02-11 15:30:00,9,47,2.3333333333333335,0.0,0.0,1.5363,16.758,6.0,2,20.488283414577996,,7000.0,0.0,0.0,0.0,45.463045604673724,optimal
2021-02-11 16:00:00,9,47,2.3333333333333335,0.0,0.0,0.35433333333333333,16.422,6.0,2,20.913173729093117,,7000.0,0.0,0.0,0.0,45.04169852832529,optimal
2021-02-11 16:30:00,9,47,2.3333333333333335,0.0,0.0,0.23666666666666664,16.758,6.0,2,21.270671223491348,,7000.0,0.0,0.0,0.0,44.99665682979697,optimal
2021-02-11 17:00:00,9,47,0.0,0.0,0.0,0.22119999999999998,29.358,6.0,2,21.60840483703847,,0.0,0.0,0.0,0.0,44.95166017296717,optimal
2021-02-11 17:30:00,9,47,0.0,0.0,0.0,0.7823666666666667,34.9965,6.0,2,21.39115212042797,,0.0,0.0,0.0,0.0,44.906708512794204,optimal
2021-02-11 18:00:00,9,47,0.0,0.0,0.0,1.2654666666666667,34.65,6.0,2,21.20633884877173,,0.0,0.0,0.0,0.0,44.86180180428141,optimal
2021-02-11 18:30:00,9,47,0.0,0.0,0.0,1.7079666666666666,34.9965,6.0,2,20.96849080533253,,0.0,0.0,0.0,0.0,44.81694000247713,optimal
2021-02-11 19:00:00,9,47,0.0,0.0,0.0,0.48353333333333337,34.9965,6.0,2,20.753102903581407,,0.0,0.0,0.0,0.0,44.772123062474655,optimal
2021-02-11 19:30:00,9,47,0.0,0.0,0.0,0.45626666666666665,30.4815,6.0,2,20.51697458907694,,0.0,0.0,0.0,0.0,44.72735093941218,optimal
2021-02-11 20:00:00,9,47,0.0,0.0,0.0,0.30626666666666663,21.4305,6.0,2,20.26520898052662,,0.0,0.0,0.0,0.0,44.68262358847277,optimal
2021-02-11 20:30:00,9,47,0.0,0.0,0.0,1.5691666666666668,14.3325,6.0,2,20.0,,0.0,0.0,0.0,0.0,44.6379409648843,optimal
2021-02-11 21:00:00,9,47,0.0,0.0,0.0,0.40976666666666667,13.692,6.0,2,19.771723694720347,,0.0,0.0,0.0,0.0,44.59330302391942,optimal
2021-02-11 21:30:00,9,47,0.0,0.0,0.0,0.4656,14.007,6.0,2,19.548631187998048,,0.0,0.0,0.0,0.0,44.5487097208955,optimal
2021-02-11 22:00:00,9,47,0.0,0.0,0.0,1.5528333333333333,12.873,6.0,2,19.342675852303557,,0.0,0.0,0.0,0.0,44.50416101117461,optimal
2021-02-11 22:30:00,9,47,0.1161111111111111,0.0,0.0,0.504,12.684,6.0,2,19.151608962094404,,0.0,0.0,348.3333333333333,0.0,44.459656850163434,optimal
2021-02-11 23:00:00,9,47,0.023222222222222217,0.0,0.0,0.3108666666666667,12.306,6.0,2,18.94735768330324,,0.0,0.0,69.66666666666666,0.0,44.41519719331327,optimal
2021-02-11 23:30:00,9,47,0.0,0.0,0.0,0.23203333333333334,10.6365,6.0,2,18.708275322194755,,0.0,0.0,0.0,0.0,44.37078199611995,optimal
2021-02-12 00:00:00,9,47,0.0,0.0,0.0,0.1504,11.7285,6.0,4,18.708275322194755,,0.0,0.0,0.0,0.0,44.32641121412383,optimal
2021-02-12 00:30:00,9,47,0.0,0.0,0.0,0.0856,11.025,6.0,4,18.425294876815446,,0.0,0.0,0.0,0.0,44.28208480290971,optimal
2021-02-12 01:00:00,9,47,0.41942888888888885,0.0,0.0,0.1643,10.689,6.0,4,18.141021472307596,,0.0,0.0,1258.2866666666666,0.0,44.2378027181068,optimal
2021-02-12 01:30:00,9,47,2.3333333333333335,0.0,5.0,0.2015,8.1585,6.0,4,17.865677685398676,,0.0,0.0,7000.0,0.0,46.56856491538869,optimal
2021-02-12 02:00:00,9,47,2.3333333333333335,0.0,0.0,0.07033333333333333,10.3635,6.0,4,17.59737884169312,,7000.0,0.0,0.0,0.0,46.5219963504733,optimal
2021-02-12 02:30:00,9,47,2.3333333333333335,0.0,0.0,0.19746666666666668,10.8045,6.0,4,17.821538757086298,,7000.0,0.0,0.0,0.0,46.47547435412283,optimal
2021-02-12 03:00:00,9,47,1.9175449061722976,0.0,0.0,0.064,11.025,6.0,4,18.055820396773544,,5752.6347185168925,0.0,0.0,0.0,46.428998879768706,optimal
2021-02-12 03:30:00,9,47,2.3333333333333335,0.0,0.0,0.172,10.3635,6.0,4,18.19291187491862,,7000.0,0.0,0.0,0.0,46.38256988088894,optimal
2021-02-12 04:00:00,9,47,2.3333333333333335,0.0,0.0,0.1938,10.8045,6.0,4,18.433010025772486,,7000.0,0.0,0.0,0.0,46.33618731100805,optimal
2021-02-12 04:30:00,9,47,2.3333333333333335,0.0,0.0,0.172,10.059,6.0,4,18.680048666276868,,7000.0,0.0,0.0,0.0,46.28985112369704,optimal
2021-02-12 05:00:00,9,47,2.3333333333333335,0.0,0.0,0.182,10.584,6.0,4,18.930845107734893,,7000.0,0.0,0.0,0.0,46.243561272573345,optimal
2021-02-12 05:30:00,9,47,2.3333333333333335,0.0,4.811227122348648,0.11359999999999999,9.4185,6.0,4,19.187617304229,,7000.0,0.0,0.0,0.0,48.48265059441637,optimal
2021-02-12 06:00:00,9,47,2.3333333333333335,0.0,0.0,0.15780000000000002,10.3635,6.0,4,19.445890432976853,,7000.0,0.0,0.0,0.0,48.434167943821954,optimal
2021-02-12 06:30:00,9,47,2.3333333333333335,0.0,0.0,0.17653333333333332,9.8385,6.0,4,19.713656352821797,,7000.0,0.0,0.0,0.0,48.38573377587813,optimal
2021-02-12 07:00:00,9,47,2.3333333333333335,0.0,0.0,0.1118,11.067,6.0,4,19.9803381770011,,7000.0,0.0,0.0,0.0,48.33734804210225,optimal
2021-02-12 07:30:00,9,47,2.3333333333333335,0.0,0.0,0.267,10.8465,6.0,4,20.240201155149993,,7000.0,0.0,0.0,0.0,48.289010694060146,optimal
2021-02-12 08:00:00,9,47,0.0,0.0,0.0,0.064,13.671,6.0,4,20.4980087214884,,0.0,0.0,0.0,0.0,48.240721683366075,optimal
2021-02-12 08:30:00,9,47,2.3333333333333335,0.0,0.0,0.4007,12.348,6.0,4,20.231641493303922,,7000.0,0.0,0.0,0.0,48.192480961682705,optimal
2021-02-12 09:00:00,9,47,0.0,0.0,0.0,1.7256666666666667,14.3325,6.0,4,20.49526987757982,,0.0,0.0,0.0,0.0,48.144288480721016,optimal
2021-02-12 09:30:00,9,47,0.0,0.0,0.0,0.25693333333333335,15.393,6.0,4,20.312770788938522,,0.0,0.0,0.0,0.0,48.096144192240295,optimal
2021-02-12 10:00:00,9,47,0.0,0.0,0.0,0.4157666666666667,13.587,6.0,4,20.12848965074701,,0.0,0.0,0.0,0.0,48.048048048048045,optimal
2021-02-12 10:30:00,9,47,0.0,0.0,0.0,1.6665,16.1385,6.0,4,20.033260244915038,,0.0,0.0,0.0,0.0,48.0,optimal
2021-02-12 11:00:00,9,47,0.0,0.0,0.0,2.1975,14.595,6.0,4,20.000252683494153,,0.0,0.0,0.0,0.0,47.4686781572144,optimal
2021-02-12 11:30:00,9,47,0.0,0.0,0.0,3.0109,14.637,6.0,4,20.0,,0.0,0.0,0.0,0.0,46.93788763627158,optimal
2021-02-12 12:00:00,9,47,0.0,0.0,0.0,1.5703,13.9125,6.0,4,20.005734687309904,,0.0,0.0,0.0,0.0,46.407627905849715,optimal
2021-02-12 12:30:00,9,47,0.14073941545591956,0.0,0.0,0.2543,13.3665,6.0,4,20.00123400311449,,422.2182463677587,0.0,0.0,0.0,45.877898435158265,optimal
2021-02-12 13:00:00,9,47,0.21175040435854944,0.0,0.0,0.33926666666666666,13.0095,6.0,4,20.0,,635.2512130756484,0.0,0.0,0.0,45.34869869393751,optimal
2021-02-12 13:30:00,9,47,0.0,0.0,0.0,0.40603333333333336,13.8915,6.0,4,20.020378729789943,,0.0,0.0,0.0,0.0,44.82002815245797,optimal
2021-02-12 14:00:00,9,47,0.16219428975047992,0.0,0.0,0.4300333333333334,13.188,6.0,4,20.0,,486.5828692514398,0.0,0.0,0.0,44.291886281519915,optimal
2021-02-12 14:30:00,9,47,0.12031953018206777,0.0,0.0,0.5357333333333334,12.5685,6.0,4,20.0,,360.9585905462033,0.0,0.0,0.0,43.764272552452795,optimal
2021-02-12 15:00:00,9,47,0.15463444572298274,0.0,0.0,1.5704666666666667,12.285,6.0,4,20.0,,463.9033371689482,0.0,0.0,0.0,43.237186437114744,optimal
2021-02-12 15:30:00,9,47,0.710327465271692,0.0,0.0,0.4511,11.487,6.0,4,20.0,,2130.982395815076,0.0,0.0,0.0,42.71062740789203,optimal
2021-02-12 16:00:00,9,47,0.0,0.0,0.0,0.38496666666666657,11.802,6.0,4,20.102042856399187,,0.0,0.0,0.0,0.0,42.184594937698535,optimal
2021-02-12 16:30:00,9,47,2.3333333333333335,0.0,0.0,0.072,11.2245,6.0,4,20.0,,7000.0,0.0,0.0,0.0,41.65908849997523,optimal
2021-02-12 17:00:00,9,47,2.3333333333333335,0.0,0.0,0.3811666666666667,11.025,6.0,4,20.362254218244757,,7000.0,0.0,0.0,0.0,41.13410756868966,optimal
2021-02-12 17:30:00,9,47,1.788923424167264,0.0,0.0,0.3993,11.907,6.0,4,20.692240743190656,,5366.7702725017925,0.0,0.0,0.0,40.60965161833537,optimal
2021-02-12 18:00:00,9,47,0.0,0.0,0.0,0.1822333333333333,25.83,6.0,4,20.90661854627311,,0.0,0.0,0.0,0.0,40.56904196671704,optimal
2021-02-12 18:30:00,9,47,0.0,0.0,0.0,0.3648,28.035,6.0,4,20.700774688783532,,0.0,0.0,0.0,0.0,40.52847292475032,optimal
2021-02-12 19:00:00,9,47,0.0,0.0,0.0,0.26293333333333335,28.119,6.0,4,20.519645107677324,,0.0,0.0,0.0,0.0,40.48794445182557,optimal
2021-02-12 19:30:00,9,47,0.0,0.0,0.0,0.5517666666666666,30.156,6.0,4,20.336443541223584,,0.0,0.0,0.0,0.0,40.447456507373744,optimal
2021-02-12 20:00:00,9,47,0.0,0.0,0.0,0.4348333333333333,29.1585,6.0,4,20.17189806743027,,0.0,0.0,0.0,0.0,40.40700905086637,optimal
2021-02-12 20:30:00,9,47,0.0,0.0,0.0,0.42410000000000003,26.712,6.0,4,20.0,,0.0,0.0,0.0,0.0,40.366602041815504,optimal
2021-02-12 21:00:00,9,47,0.0,0.0,0.0,0.2455,15.435,6.0,4,19.827073450881226,,0.0,0.0,0.0,0.0,40.32623543977369,optimal
2021-02-12 21:30:00,9,47,0.0,0.0,0.0,0.0917,13.566,6.0,4,19.613211265713012,,0.0,0.0,0.0,0.0,40.28590920433392,optimal
2021-02-12 22:00:00,9,47,0.0,0.0,0.0,0.182,12.789,6.0,4,19.391501328391886,,0.0,0.0,0.0,0.0,40.24562329512958,optimal
2021-02-12 22:30:00,9,47,0.0,0.0,0.0,0.2038,12.1275,6.0,4,19.179398900987863,,0.0,0.0,0.0,0.0,40.205377671834455,optimal
2021-02-12 23:00:00,9,47,0.0,0.0,0.0,0.155,13.671,6.0,4,18.971332880563214,,0.0,0.0,0.0,0.0,40.16517229416262,optimal
2021-02-12 23:30:00,9,47,0.0,0.0,0.0,0.22056666666666663,10.668,6.0,4,18.762234052191147,,0.0,0.0,0.0,0.0,40.125007121868464,optimal
2021-02-13 00:00:00,9,47,0.1576595618764667,0.0,0.0,0.12179999999999999,9.261,6.0,-2,18.762234052191147,,403.31201896273353,0.0,69.66666666666666,0.0,40.0848821147466,optimal
2021-02-13 00:30:00,9,47,2.3333333333333335,0.0,3.190484313526868,0.0927,8.1585,6.0,-2,18.591707375805758,,0.0,0.0,7000.0,0.0,41.560277281557106,optimal
2021-02-13 01:00:00,9,47,1.7537777777777777,0.0,0.0,0.063,9.4815,6.0,-2,18.39097725276297,,0.0,0.0,5261.333333333333,0.0,41.518717004275544,optimal
2021-02-13 01:30:00,9,47,2.3333333333333335,0.0,0.0,0.21553333333333333,8.379,6.0,-2,18.183912333417798,,7000.0,0.0,0.0,0.0,41.477198287271264,optimal
2021-02-13 02:00:00,9,47,2.3333333333333335,0.0,0.0,0.063,9.5235,6.0,-2,18.48863318288306,,7000.0,0.0,0.0,0.0,41.435721088983996,optimal
2021-02-13 02:30:00,9,47,2.3333333333333335,0.0,5.0,0.21553333333333333,8.1375,6.0,-2,18.779518852244554,,7000.0,0.0,0.0,0.0,43.769285367895,optimal
2021-02-13 03:00:00,9,47,0.0,0.0,0.0,0.063,10.0905,6.0,-2,19.077845471951537,,0.0,0.0,0.0,0.0,43.7255160825271,optimal
2021-02-13 03:30:00,9,47,2.3333333333333335,0.0,5.0,0.1254,7.539,6.0,-2,18.86390275679229,,7000.0,0.0,0.0,0.0,46.056790566444576,optimal
2021-02-13 04:00:00,9,47,2.3333333333333335,0.0,5.0,0.15313333333333332,7.938,6.0,-2,19.154243112865903,,7000.0,0.0,0.0,0.0,48.38573377587813,optimal
2021-02-13 04:30:00,9,47,2.3333333333333335,0.0,0.0,0.0838,8.274,6.0,-2,19.442567577748765,,7000.0,0.0,0.0,0.0,48.33734804210225,optimal
2021-02-13 05:00:00,9,47,2.3333333333333335,0.0,0.0,0.19473333333333329,9.261,6.0,-2,19.721409268296533,,7000.0,0.0,0.0,0.0,48.289010694060146,optimal
2021-02-13 05:30:00,9,47,2.3333333333333335,0.0,0.0,0.063,9.9225,6.0,-2,20.003702023585944,,7000.0,0.0,0.0,0.0,48.240721683366075,optimal
2021-02-13 06:00:00,9,47,2.3333333333333335,0.0,0.0,0.13233333333333333,9.702,6.0,-2,20.272144064163996,,7000.0,0.0,0.0,0.0,48.192480961682705,optimal
2021-02-13 06:30:00,9,47,2.3333333333333335,0.0,0.0,0.14686666666666667,10.584,6.0,-2,20.54119996211535,,7000.0,0.0,0.0,0.0,48.144288480721016,optimal
2021-02-13 07:00:00,9,47,2.3333333333333335,0.0,0.0,0.1833333333333333,10.143,6.0,-2,20.807503049870174,,7000.0,0.0,0.0,0.0,48.096144192240295,optimal
2021-02-13 07:30:00,9,47,0.0,0.0,0.0,0.33526666666666666,13.0095,6.0,-2,21.07983718051211,,0.0,0.0,0.0,0.0,48.048048048048045,optimal
2021-02-13 08:00:00,9,47,2.3333333333333335,0.0,0.0,1.4653333333333332,11.025,6.0,-2,20.877441437880925,,7000.0,0.0,0.0,0.0,48.0,optimal
2021-02-13 08:30:00,9,47,0.0,0.0,0.0,0.14633333333333334,12.789,6.0,-2,21.19401215743184,,0.0,0.0,0.0,0.0,47.83521821289857,optimal
2021-02-13 09:00:00,9,47,0.0,0.0,0.0,0.15619999999999998,12.1275,6.0,-2,20.952443348028908,,0.0,0.0,0.0,0.0,47.67060120758424,optimal
2021-02-13 09:30:00,9,47,0.0,0.0,0.0,0.2825,12.1695,6.0,-2,20.73279623654229,,0.0,0.0,0.0,0.0,47.506148819275225,optimal
2021-02-13 10:00:00,9,47,0.0,0.0,0.0,0.2278,12.306,6.0,-2,20.541578952315337,,0.0,0.0,0.0,0.0,47.34186088335452,optimal
2021-02-13 10:30:00,9,47,0.0,0.0,0.0,0.103,13.23,6.0,-2,20.395825488211255,,0.0,0.0,0.0,0.0,47.17773723536973,optimal
2021-02-13 11:00:00,9,47,0.0,0.0,0.0,0.07873333333333334,13.671,6.0,-2,20.24736558399856,,0.0,0.0,0.0,0.0,47.01377771103293,optimal
2021-02-13 11:30:00,9,47,0.0,0.0,0.0,0.2179333333333333,13.9335,6.0,-2,20.14710625181141,,0.0,0.0,0.0,0.0,46.84998214622047,optimal
2021-02-13 12:00:00,9,47,0.0,0.0,0.0,0.12766666666666668,13.293,6.0,-2,20.055868075524,,0.0,0.0,0.0,0.0,46.68635037697282,optimal
2021-02-13 12:30:00,9,47,0.1886783663809605,0.0,0.0,0.103,12.1065,6.0,-2,20.0,,566.0350991428816,0.0,0.0,0.0,46.522882239494415,optimal
2021-02-13 13:00:00,9,47,0.10047380538048808,0.0,0.0,0.25553333333333333,11.571,6.0,-2,20.0,,301.42141614146425,0.0,0.0,0.0,46.35957757015349,optimal
2021-02-13 13:30:00,9,47,2.3333333333333335,0.0,0.0,0.2555666666666666,11.025,6.0,-2,20.0,,7000.0,0.0,0.0,0.0,46.19643620548191,optimal
2021-02-13 14:00:00,9,47,2.3333333333333335,0.0,0.0,1.0150666666666668,10.8465,6.0,-2,20.487828625198645,,7000.0,0.0,0.0,0.0,46.033457982174994,optimal
2021-02-13 14:30:00,9,47,2.3333333333333335,0.0,0.0,0.8908333333333334,11.2455,6.0,-2,20.93023412095014,,7000.0,0.0,0.0,0.0,45.87064273709139,optimal
2021-02-13 15:00:00,9,47,0.0,0.0,0.0,0.145,23.8665,6.0,-2,21.354151937029414,,0.0,0.0,0.0,0.0,45.707990307252864,optimal
2021-02-13 15:30:00,9,47,0.0,0.0,0.0,0.3211333333333333,27.4575,6.0,-2,21.199310226023023,,0.0,0.0,0.0,0.0,45.54550052984418,optimal
2021-02-13 16:00:00,9,47,0.0,0.0,0.0,0.24630000000000002,27.3735,6.0,-2,21.056296956141228,,0.0,0.0,0.0,0.0,45.383173242212905,optimal
2021-02-13 16:30:00,9,47,0.0,0.0,0.0,0.2047333333333333,30.4605,6.0,-2,20.864938374093597,,0.0,0.0,0.0,0.0,45.22100828186926,optimal
2021-02-13 17:00:00,9,47,0.0,0.0,0.0,0.10073333333333331,30.0195,6.0,-2,20.682727425007517,,0.0,0.0,0.0,0.0,45.05900548648596,optimal
2021-02-13 17:30:00,9,47,0.0,0.0,0.0,0.08586666666666666,26.9325,6.0,-2,20.465505711266264,,0.0,0.0,0.0,0.0,44.89716469389804,optimal
2021-02-13 18:00:00,9,47,0.0,0.0,0.0,0.323,14.595,6.0,-2,20.272363070298344,,0.0,0.0,0.0,0.0,44.73548574210271,optimal
2021-02-13 18:30:00,9,47,0.43969645682901576,0.0,0.0,0.46003333333333335,12.4845,6.0,-2,20.086232095571802,,1319.0893704870473,0.0,0.0,0.0,44.57396846925918,optimal
2021-02-13 19:00:00,9,47,0.8815238076094971,0.0,0.0,0.4315,12.1275,6.0,-2,20.0,,2644.5714228284914,0.0,0.0,0.0,44.52939450078992,optimal
2021-02-13 19:30:00,9,47,1.5824510429329814,0.0,0.0,1.8167,12.1275,6.0,-2,20.0,,4747.353128798944,0.0,0.0,0.0,44.48486510628913,optimal
2021-02-13 20:00:00,9,47,0.0,0.0,0.0,0.3502333333333333,12.789,6.0,-2,20.19064285783068,,0.0,0.0,0.0,0.0,44.44038024118284,optimal
2021-02-13 20:30:00,9,47,0.0,0.0,0.0,0.5537333333333333,11.907,6.0,-2,20.0,,0.0,0.0,0.0,0.0,44.39593986094165,optimal
2021-02-13 21:00:00,9,47,0.0,0.0,0.0,0.4239,11.025,6.0,-2,19.830500602250456,,0.0,0.0,0.0,0.0,44.35154392108071,optimal
2021-02-13 21:30:00,9,47,0.0,0.0,0.0,0.4461666666666667,8.2005,6.0,-2,19.66833439673479,,0.0,0.0,0.0,0.0,44.30719237715963,optimal
2021-02-13 22:00:00,9,47,0.0,0.0,0.0,0.7523666666666666,9.5655,6.0,-2,19.509132981339082,,0.0,0.0,0.0,0.0,44.26288518478247,optimal
2021-02-13 22:30:00,9,47,0.023222222222222217,0.0,0.0,0.385,7.056,6.0,-2,19.357288383857227,,0.0,0.0,69.66666666666666,0.0,44.21862229959768,optimal
2021-02-13 23:00:00,9,47,0.0,0.0,0.0,0.6574,9.3975,6.0,-2,19.181153817757007,,0.0,0.0,0.0,0.0,44.17440367729809,optimal
2021-02-13 23:30:00,9,47,0.0,0.0,0.0,0.07233333333333333,10.059,6.0,-2,19.0162242266536,,0.0,0.0,0.0,0.0,44.13022927362079,optimal
2021-02-07 00:00:00,10,47,2.3333333333333335,0.0,0.0,0.063,3.906,6.0,-6,21.0,,7000.0,0.0,0.0,0.0,47.952,optimal
2021-02-07 00:30:00,10,47,2.3333333333333335,0.0,0.0,0.063,2.3415,6.0,-6,21.29775569689914,,7000.0,0.0,0.0,0.0,47.904047999999996,optimal
2021-02-07 01:00:00,10,47,2.3333333333333335,0.0,0.0,0.09416666666666669,2.205,6.0,-6,21.590849900165278,,7000.0,0.0,0.0,0.0,47.856143952,optimal
2021-02-07 01:30:00,10,47,2.3333333333333335,0.0,1.624155220383832,0.16896666666666668,0.882,6.0,-6,21.881554183526838,,7000.0,0.0,0.0,0.0,48.579761537730306,optimal
2021-02-07 02:00:00,10,47,2.3333333333333335,0.0,0.0,0.063,1.5435,6.0,-6,22.173586250854616,,7000.0,0.0,0.0,0.0,48.53118177619257,optimal
2021-02-07 02:30:00,10,47,2.3333333333333335,0.0,0.0,0.1565,1.5435,6.0,-6,22.454072269457267,,7000.0,0.0,0.0,0.0,48.48265059441637,optimal
2021-02-07 03:00:00,10,47,2.3333333333333335,0.0,0.0,0.10663333333333334,5.0715,6.0,-6,22.73675001644794,,7000.0,0.0,0.0,0.0,48.434167943821954,optimal
2021-02-07 03:30:00,10,47,2.3333333333333335,0.0,0.0,0.06333333333333334,5.376,6.0,-6,23.0113958662323,,7000.0,0.0,0.0,0.0,48.38573377587813,optimal
2021-02-07 04:00:00,10,47,2.3333333333333335,0.0,0.0,0.073,5.0715,6.0,-6,23.279133311689336,,7000.0,0.0,0.0,0.0,48.33734804210225,optimal
2021-02-07 04:30:00,10,47,0.023803967458726035,0.0,0.0,0.07033333333333333,5.5125,6.0,-6,23.543147036554785,,71.4119023761781,0.0,0.0,0.0,48.289010694060146,optimal
2021-02-07 05:00:00,10,47,0.0,0.0,0.0,0.20013333333333333,9.261,6.0,-6,23.311223200428216,,0.0,0.0,0.0,0.0,48.240721683366075,optimal
2021-02-07 05:30:00,10,47,0.0,0.0,0.0,0.063,11.7075,6.0,-6,23.086692281757433,,0.0,0.0,0.0,0.0,48.192480961682705,optimal
2021-02-07 06:00:00,10,47,0.0,0.0,0.0,0.20013333333333333,12.348,6.0,-6,22.855038199808856,,0.0,0.0,0.0,0.0,48.144288480721016,optimal
2021-02-07 06:30:00,10,47,0.0,0.0,0.0,0.06333333333333334,12.348,6.0,-6,22.635853536370714,,0.0,0.0,0.0,0.0,48.096144192240295,optimal
2021-02-07 07:00:00,10,47,0.0,0.0,0.0,0.07856666666666666,12.1275,6.0,-6,22.4088970798089,,0.0,0.0,0.0,0.0,48.048048048048045,optimal
2021-02-07 07:30:00,10,47,0.0,0.0,0.0,0.3843666666666667,12.5265,6.0,-6,22.18723199430939,,0.0,0.0,0.0,0.0,48.0,optimal
2021-02-07 08:00:00,10,47,0.0,0.0,0.0,0.085,11.7495,6.0,-6,22.0,,0.0,0.0,0.0,0.0,47.688546475383845,optimal
2021-02-07 08:30:00,10,47,0.0,0.0,0.0,0.18159999999999998,13.23,6.0,-6,21.78944629976186,,0.0,0.0,0.0,0.0,47.37740440429231,optimal
2021-02-07 09:00:00,10,47,0.0,0.0,0.0,0.31110000000000004,14.3325,6.0,-6,21.587373822157236,,0.0,0.0,0.0,0.0,47.06657347527186,optimal
2021-02-07 09:30:00,10,47,0.0,0.0,0.0,0.084,14.994,6.0,-6,21.412904936856098,,0.0,0.0,0.0,0.0,46.756053377180436,optimal
2021-02-07 10:00:00,10,47,0.0,0.0,0.0,0.2297333333333333,14.8155,6.0,-6,21.22118677613221,,0.0,0.0,0.0,0.0,46.4458437991871,optimal
2021-02-07 10:30:00,10,47,0.0,0.0,0.0,0.3611333333333333,14.112,6.0,-6,21.06864095765399,,0.0,0.0,0.0,0.0,46.135944430771765,optimal
2021-02-07 11:00:00,10,47,0.0,0.0,0.0,0.2393333333333333,14.007,6.0,-6,20.928751204524417,,0.0,0.0,0.0,0.0,45.82635496172484,optimal
2021-02-07 11:30:00,10,47,0.0,0.0,0.0,1.6203666666666665,13.23,6.0,-6,20.796624115016897,,0.0,0.0,0.0,0.0,45.51707508214696,optimal
2021-02-07 12:00:00,10,47,1.9879838510707522,0.0,0.0,0.1948666666666667,11.382,6.0,-6,20.661550427301894,,5963.951553212256,0.0,0.0,0.0,45.20810448244866,optimal
2021-02-07 12:30:00,10,47,0.0,0.0,0.0,0.15680000000000002,11.7495,6.0,-6,20.947887616778218,,0.0,0.0,0.0,0.0,44.89944285335006,optimal
2021-02-07 13:00:00,10,47,0.0,0.0,0.0,0.1686,24.3285,6.0,-6,20.803262792485334,,0.0,0.0,0.0,0.0,44.59108988588056,optimal
2021-02-07 13:30:00,10,47,0.0,0.0,0.0,0.4058333333333333,28.917,6.0,-6,20.644035583986767,,0.0,0.0,0.0,0.0,44.28304527137852,optimal
2021-02-07 14:00:00,10,47,0.0,0.0,0.0,0.4476,31.3635,6.0,-6,20.517178477687672,,0.0,0.0,0.0,0.0,43.97530870149099,optimal
2021-02-07 14:30:00,10,47,0.0,0.0,0.0,0.41076666666666667,33.306,6.0,-6,20.417307962081747,,0.0,0.0,0.0,0.0,43.667879868173344,optimal
2021-02-07 15:00:00,10,47,0.0,0.0,0.0,0.3741333333333333,31.3425,6.0,-6,20.309899287521326,,0.0,0.0,0.0,0.0,43.36075846368902,optimal
2021-02-07 15:30:00,10,47,0.0,0.0,0.0,0.2322333333333333,28.2555,6.0,-6,20.21932810049518,,0.0,0.0,0.0,0.0,43.05394418060917,optimal
2021-02-07 16:00:00,10,47,0.0,0.0,0.0,0.224,15.6975,6.0,-6,20.123332539578513,,0.0,0.0,0.0,0.0,42.74743671181241,optimal
2021-02-07 16:30:00,10,47,0.5155066017578251,0.0,0.0,0.4619333333333333,12.5475,6.0,-6,20.0,,1546.5198052734754,0.0,0.0,0.0,42.441235750484445,optimal
2021-02-07 17:00:00,10,47,0.7730822977891745,0.0,0.0,0.1271,12.0855,6.0,-6,20.0,,2319.2468933675236,0.0,0.0,0.0,42.135340990117804,optimal
2021-02-07 17:30:00,10,47,1.4813854417023056,0.0,0.0,0.24309999999999998,11.907,6.0,-6,20.0,,4444.1563251069165,0.0,0.0,0.0,41.829752124511536,optimal
2021-02-07 18:00:00,10,47,0.0,0.0,0.0,3.5863666666666667,12.5685,6.0,-6,20.153622452001652,,0.0,0.0,0.0,0.0,41.52446884777087,optimal
2021-02-07 18:30:00,10,47,0.0,0.0,0.0,2.0252,13.146,6.0,-6,20.10128339686894,,0.0,0.0,0.0,0.0,41.21949085430695,optimal
2021-02-07 19:00:00,10,47,0.7564078878668996,0.0,0.0,0.41853333333333337,10.584,6.0,-6,20.0,,2269.2236636006987,0.0,0.0,0.0,40.914817838836484,optimal
2021-02-07 19:30:00,10,47,1.6649439138494444,0.0,0.0,0.20813333333333334,6.678,6.0,-6,20.0,,4994.831741548333,0.0,0.0,0.0,40.61044949638149,optimal
2021-02-07 20:00:00,10,47,0.0,0.0,0.0,0.10413333333333334,7.938,6.0,-6,20.18259846600174,,0.0,0.0,0.0,0.0,40.306385522268954,optimal
2021-02-07 20:30:00,10,47,0.0,0.0,0.0,0.35746666666666665,5.292,6.0,-6,20.0,,0.0,0.0,0.0,0.0,40.26607913674668,optimal
2021-02-07 21:00:00,10,47,0.0,0.0,0.0,0.6145333333333333,9.261,6.0,-6,19.835955716130837,,0.0,0.0,0.0,0.0,40.22581305760993,optimal
2021-02-07 21:30:00,10,47,0.0,0.0,0.0,0.3118666666666667,10.3635,6.0,-6,19.702968918973777,,0.0,0.0,0.0,0.0,40.18558724455232,optimal
2021-02-07 22:00:00,10,47,0.0,0.0,0.0,1.1260666666666665,8.274,6.0,-6,19.553034516632554,,0.0,0.0,0.0,0.0,40.14540165730777,optimal
2021-02-07 22:30:00,10,47,0.0,0.0,0.0,1.5629333333333333,7.7175,6.0,-6,19.437433296105556,,0.0,0.0,0.0,0.0,40.10525625565047,optimal
2021-02-07 23:00:00,10,47,0.0,0.0,0.0,0.21013333333333334,6.615,6.0,-6,19.352607005896587,,0.0,0.0,0.0,0.0,40.06515099939482,optimal
2021-02-07 23:30:00,10,47,0.0,0.0,0.0,0.073,6.174,6.0,-6,19.16860930270331,,0.0,0.0,0.0,0.0,40.02508584839542,optimal
2021-02-08 00:00:00,10,47,0.0,0.0,0.0,0.068,12.1275,6.0,5,19.16860930270331,,0.0,0.0,0.0,0.0,39.98506076254702,optimal
2021-02-08 00:30:00,10,47,0.0,0.0,0.0,0.068,11.2665,6.0,5,18.972674158110248,,0.0,0.0,0.0,0.0,39.945075701784475,optimal
2021-02-08 01:00:00,10,47,0.0,0.0,0.0,0.068,10.143,6.0,5,18.779035273347336,,0.0,0.0,0.0,0.0,39.90513062608269,optimal
2021-02-08 01:30:00,10,47,0.0,0.0,0.0,0.068,11.2455,6.0,5,18.58766573742207,,0.0,0.0,0.0,0.0,39.865225495456606,optimal
2021-02-08 02:00:00,10,47,0.0,0.0,0.0,0.068,11.025,6.0,5,18.397952980260136,,0.0,0.0,0.0,0.0,39.82536026996115,optimal
2021-02-08 02:30:00,10,47,2.3333333333333335,0.0,0.0,0.068,5.9745,6.0,5,18.209877585260546,,1357.0,0.0,5643.0,0.0,39.785534909691194,optimal
2021-02-08 03:00:00,10,47,2.3333333333333335,0.0,0.0,0.068,7.938,6.0,5,18.12111826520737,,7000.0,0.0,0.0,0.0,39.745749374781504,optimal
2021-02-08 03:30:00,10,47,2.3333333333333335,0.0,0.0,0.06866666666666667,8.6835,6.0,5,18.435382298022727,,7000.0,0.0,0.0,0.0,39.70600362540672,optimal
2021-02-08 04:00:00,10,47,2.3333333333333335,0.0,0.0,0.078,7.665,6.0,5,18.745377342403877,,7000.0,0.0,0.0,0.0,39.66629762178132,optimal
2021-02-08 04:30:00,10,47,2.3333333333333335,0.0,0.0,0.068,6.7725,6.0,5,19.051153428715093,,7000.0,0.0,0.0,0.0,39.62663132415954,optimal
2021-02-08 05:00:00,10,47,2.3333333333333335,0.0,3.0817220197364374,0.068,5.5755,6.0,5,19.35217402652542,,7000.0,0.0,0.0,0.0,41.05082265221018,optimal
2021-02-08 05:30:00,10,47,2.3333333333333335,0.0,5.0,0.068,5.0925,6.0,5,19.648494867731458,,7000.0,0.0,0.0,0.0,43.38477182955796,optimal
2021-02-08 06:00:00,10,47,2.3333333333333335,0.0,5.0,0.068,4.1895,6.0,5,19.940757005545326,,7000.0,0.0,0.0,0.0,45.716387057728404,optimal
2021-02-08 06:30:00,10,47,2.3333333333333335,0.0,0.0,0.2447666666666667,7.056,6.0,5,20.23116567274008,,7000.0,0.0,0.0,0.0,45.670670670670674,optimal
2021-02-08 07:00:00,10,47,2.3333333333333335,0.0,5.0,0.066,5.271,6.0,5,20.542037691392217,,7000.0,0.0,0.0,0.0,48.0,optimal
2021-02-08 07:30:00,10,47,2.3333333333333335,0.0,0.0,0.06733333333333333,7.938,6.0,5,20.84237819025497,,7000.0,0.0,0.0,0.0,46.415587290158356,optimal
2021-02-08 08:00:00,10,47,2.3333333333333335,0.0,0.0,0.068,7.938,6.0,5,21.12102767320541,,7000.0,0.0,0.0,0.0,44.83275899302656,optimal
2021-02-08 08:30:00,10,47,0.0,0.0,0.0,0.068,11.907,6.0,5,21.385182835227734,,0.0,0.0,0.0,0.0,43.25151352419189,optimal
2021-02-08 09:00:00,10,47,0.0,0.0,0.0,0.068,11.025,6.0,5,21.147147167321155,,0.0,0.0,0.0,0.0,41.67184930082606,optimal
2021-02-08 09:30:00,10,47,0.0,0.0,0.0,0.068,11.2875,6.0,5,20.936456057742095,,0.0,0.0,0.0,0.0,40.09376474168359,optimal
2021-02-08 10:00:00,10,47,0.0,0.0,0.0,0.068,12.936,6.0,5,20.72999206376161,,0.0,0.0,0.0,0.0,38.51725826710027,optimal
2021-02-08 10:30:00,10,47,0.0,0.0,0.0,0.06866666666666667,13.0095,6.0,5,20.568354069999394,,0.0,0.0,0.0,0.0,36.94232829899153,optimal
2021-02-08 11:00:00,10,47,0.0,0.0,0.0,0.078,13.671,6.0,5,20.406852467580524,,0.0,0.0,0.0,0.0,35.36897326085089,optimal
2021-02-08 11:30:00,10,47,0.0,0.0,0.0,0.07466666666666667,13.188,6.0,5,20.29333760054636,,0.0,0.0,0.0,0.0,33.7971915777484,optimal
2021-02-08 12:00:00,10,47,0.0,0.0,0.0,0.8013333333333333,13.8495,6.0,5,20.18232501871135,,0.0,0.0,0.0,0.0,33.76339438617065,optimal
2021-02-08 12:30:00,10,47,0.0,0.0,0.0,1.0199,13.23,6.0,5,20.17401542641807,,0.0,0.0,0.0,0.0,33.72963099178448,optimal
2021-02-08 13:00:00,10,47,0.0,0.0,0.0,1.5238333333333332,13.3665,6.0,5,20.187596941553146,,0.0,0.0,0.0,0.0,33.695901360792696,optimal
2021-02-08 13:30:00,10,47,0.0,0.0,0.0,0.5901333333333333,13.0515,6.0,5,20.21916330756059,,0.0,0.0,0.0,0.0,33.6622054594319,optimal
2021-02-08 14:00:00,10,47,0.0,0.0,0.0,0.19603333333333334,13.5345,6.0,5,20.198112117711574,,0.0,0.0,0.0,0.0,33.628543253972474,optimal
2021-02-08 14:30:00,10,47,0.0,0.0,0.0,1.101,14.154,6.0,5,20.157839520161325,,0.0,0.0,0.0,0.0,33.5949147107185,optimal
2021-02-08 15:00:00,10,47,0.0,0.0,0.0,0.6505666666666667,14.112,6.0,5,20.178457344481448,,0.0,0.0,0.0,0.0,33.56131979600778,optimal
2021-02-08 15:30:00,10,47,0.0,0.0,0.0,0.203,14.2485,6.0,5,20.135284690169605,,0.0,0.0,0.0,0.0,33.52775847621177,optimal
2021-02-08 16:00:00,10,47,0.7975286286323177,0.0,0.0,0.22093333333333331,12.789,6.0,5,20.06800906204215,,2392.585885896953,0.0,0.0,0.0,33.49423071773556,optimal
2021-02-08 16:30:00,10,47,0.0,0.0,0.0,0.2112,13.0095,6.0,5,20.122423273704783,,0.0,0.0,0.0,0.0,33.460736487017826,optimal
2021-02-08 17:00:00,10,47,2.3333333333333335,0.0,0.0,0.15756666666666666,12.1275,6.0,5,20.0,,7000.0,0.0,0.0,0.0,33.42727575053081,optimal
2021-02-08 17:30:00,10,47,0.42480376810555137,0.0,0.0,1.4788,12.348,6.0,5,20.334996265564723,,1274.4113043166542,0.0,0.0,0.0,33.39384847478028,optimal
2021-02-08 18:00:00,10,47,2.3333333333333335,0.0,0.0,0.2787333333333333,12.348,6.0,5,20.27707002832837,,7000.0,0.0,0.0,0.0,33.3604546263055,optimal
2021-02-08 18:30:00,10,47,0.0,0.0,0.0,0.2839333333333333,25.389,6.0,5,20.591461415780564,,0.0,0.0,0.0,0.0,33.32709417167919,optimal
2021-02-08 19:00:00,10,47,0.0,0.0,0.0,0.19663333333333333,29.1375,6.0,5,20.437647606716684,,0.0,0.0,0.0,0.0,33.29376707750751,optimal
2021-02-08 19:30:00,10,47,0.0,0.0,0.0,0.5036666666666667,30.597,6.0,5,20.27833766028967,,0.0,0.0,0.0,0.0,33.26047331043,optimal
2021-02-08 20:00:00,10,47,0.0,0.0,0.0,0.31260000000000004,33.684,6.0,5,20.14054277360365,,0.0,0.0,0.0,0.0,33.22721283711957,optimal
2021-02-08 20:30:00,10,47,0.0,0.0,0.0,0.42360000000000003,32.445,6.0,5,20.0,,0.0,0.0,0.0,0.0,33.193985624282455,optimal
2021-02-08 21:00:00,10,47,0.0,0.0,0.0,0.5176333333333333,28.917,6.0,5,19.874587904086656,,0.0,0.0,0.0,0.0,33.160791638658175,optimal
2021-02-08 21:30:00,10,47,0.0,0.0,0.0,0.078,15.876,6.0,5,19.78091865535475,,0.0,0.0,0.0,0.0,33.12763084701952,optimal
2021-02-08 22:00:00,10,47,0.0,0.0,0.0,0.078,12.348,6.0,5,19.56784599195301,,0.0,0.0,0.0,0.0,33.0945032161725,optimal
2021-02-08 22:30:00,10,47,0.0,0.0,0.0,0.078,12.1275,6.0,5,19.359028354744385,,0.0,0.0,0.0,0.0,33.06140871295633,optimal
2021-02-08 23:00:00,10,47,0.0,0.0,0.0,0.078,12.348,6.0,5,19.15207197913535,,0.0,0.0,0.0,0.0,33.028347304243376,optimal
2021-02-08 23:30:00,10,47,0.0,0.0,0.0,0.078,12.1275,6.0,5,18.94695505209051,,0.0,0.0,0.0,0.0,32.99531895693913,optimal
2021-02-09 00:00:00,10,47,2.3333333333333335,0.0,5.0,0.058,11.6865,6.0,-6,18.94695505209051,,7000.0,0.0,0.0,0.0,35.33732363798219,optimal
2021-02-09 00:30:00,10,47,2.3333333333333335,0.0,5.0,0.058,10.7205,6.0,-6,19.240424104160674,,4352.666666666666,0.0,2647.3333333333335,0.0,37.676986314344205,optimal
2021-02-09 01:00:00,10,47,2.3333333333333335,0.0,5.0,0.14466666666666667,11.424,6.0,-6,19.342730042403158,,7000.0,0.0,0.0,0.0,40.01430932802986,optimal
2021-02-09 01:30:00,10,47,2.3333333333333335,0.0,5.0,0.12179999999999999,10.689,6.0,-6,19.638897525045717,,7000.0,0.0,0.0,0.0,42.34929501870183,optimal
2021-02-09 02:00:00,10,47,2.3333333333333335,0.0,5.0,0.2985333333333334,11.361,6.0,-6,19.928795578265063,,7000.0,0.0,0.0,0.0,44.68194572368313,optimal
2021-02-09 02:30:00,10,47,2.3333333333333335,0.0,5.0,0.058,11.571,6.0,-6,20.22669559860566,,7000.0,0.0,0.0,0.0,47.01226377795945,optimal
2021-02-09 03:00:00,10,47,0.0,0.0,0.0,0.16103333333333333,14.3745,6.0,-6,20.5045807705719,,0.0,0.0,0.0,0.0,46.96525151418149,optimal
2021-02-09 03:30:00,10,47,2.3333333333333335,0.0,3.1913298550624125,0.25930000000000003,13.23,6.0,-6,20.289201081375033,,7000.0,0.0,0.0,0.0,48.434167943821954,optimal
2021-02-09 04:00:00,10,47,0.41983915759557683,0.0,0.0,0.058,13.9755,6.0,-6,20.58243049061867,,1259.5174727867304,0.0,0.0,0.0,48.38573377587813,optimal
2021-02-09 04:30:00,10,47,0.0,0.0,0.0,0.298,14.994,6.0,-6,20.45074522431272,,0.0,0.0,0.0,0.0,48.33734804210225,optimal
2021-02-09 05:00:00,10,47,2.3333333333333335,0.0,0.0,0.12233333333333331,13.671,6.0,-6,20.246911104817766,,7000.0,0.0,0.0,0.0,48.289010694060146,optimal
2021-02-09 05:30:00,10,47,0.0,0.0,0.0,0.14466666666666667,15.981,6.0,-6,20.52972148639539,,0.0,0.0,0.0,0.0,48.240721683366075,optimal
2021-02-09 06:00:00,10,47,0.0,0.0,0.0,0.26923333333333327,15.6345,6.0,-6,20.312882969178744,,0.0,0.0,0.0,0.0,48.192480961682705,optimal
2021-02-09 06:30:00,10,47,0.0,0.0,0.0,0.14909999999999998,16.5375,6.0,-6,20.107446349071342,,0.0,0.0,0.0,0.0,48.144288480721016,optimal
2021-02-09 07:00:00,10,47,2.3333333333333335,0.0,0.0,0.16240000000000002,14.7735,6.0,-6,19.906880553098283,,7000.0,0.0,0.0,0.0,48.096144192240295,optimal
2021-02-09 07:30:00,10,47,0.0,0.0,0.0,0.25989999999999996,15.2145,6.0,-6,20.195353987239493,,0.0,0.0,0.0,0.0,48.048048048048045,optimal
2021-02-09 08:00:00,10,47,0.7574732496067874,0.0,0.0,0.29436666666666667,14.553,6.0,-6,20.0,,2272.419748820362,0.0,0.0,0.0,48.0,optimal
2021-02-09 08:30:00,10,47,2.3333333333333335,0.0,0.0,0.2241,14.3325,6.0,-6,20.0,,7000.0,0.0,0.0,0.0,47.832847272460704,optimal
2021-02-09 09:00:00,10,47,0.35387073342320974,0.0,0.0,0.18713333333333332,14.595,6.0,-6,20.303469475021828,,1061.6122002696293,0.0,0.0,0.0,47.66586169764895,optimal
2021-02-09 09:30:00,10,47,0.0,0.0,0.0,0.23753333333333332,14.994,6.0,-6,20.18313802161093,,0.0,0.0,0.0,0.0,47.499043108412,optimal
2021-02-09 10:00:00,10,47,0.6228463201563571,0.0,0.0,0.12456666666666666,14.3325,6.0,-6,20.0,,1868.5389604690715,0.0,0.0,0.0,47.3323913377643,optimal
2021-02-09 10:30:00,10,47,0.6007165524107492,0.0,0.0,0.30443333333333333,13.8915,6.0,-6,20.0,,1802.1496572322476,0.0,0.0,0.0,47.165906218887244,optimal
2021-02-09 11:00:00,10,47,0.46900260430424506,0.0,0.0,0.058,13.8915,6.0,-6,20.0,,1407.007812912735,0.0,0.0,0.0,46.99958758512906,optimal
2021-02-09 11:30:00,10,47,2.3333333333333335,0.0,0.0,0.2044,13.4715,6.0,-6,20.0,,7000.0,0.0,0.0,0.0,46.83343527000464,optimal
2021-02-09 12:00:00,10,47,2.3333333333333335,0.0,0.0,0.17886666666666667,13.23,6.0,-6,20.408839695865353,,7000.0,0.0,0.0,0.0,46.667449107195345,optimal
2021-02-09 12:30:00,10,47,0.07451854049984127,0.0,0.0,0.1534,13.8915,6.0,-6,20.840836989340083,,223.55562149952382,0.0,0.0,0.0,46.501628930548854,optimal
2021-02-09 13:00:00,10,47,0.0,0.0,0.0,0.2521333333333333,26.9325,6.0,-6,20.78330542059735,,0.0,0.0,0.0,0.0,46.33597457407901,optimal
2021-02-09 13:30:00,10,47,0.0,0.0,0.0,0.18819999999999998,30.303,6.0,-6,20.724186792952807,,0.0,0.0,0.0,0.0,46.17048587196564,optimal
2021-02-09 14:00:00,10,47,0.0,0.0,0.0,0.11566666666666668,32.886,6.0,-6,20.660627333161727,,0.0,0.0,0.0,0.0,46.005162658554376,optimal
2021-02-09 14:30:00,10,47,0.0,0.0,0.0,0.15806666666666666,34.9965,6.0,-6,20.583320222123042,,0.0,0.0,0.0,0.0,45.84000476835653,optimal
2021-02-09 15:00:00,10,47,0.0,0.0,0.0,0.21146666666666666,33.327,6.0,-6,20.509349127933927,,0.0,0.0,0.0,0.0,45.67501203604888,optimal
2021-02-09 15:30:00,10,47,0.0,0.0,0.0,0.1838333333333333,31.122,6.0,-6,20.404983424728705,,0.0,0.0,0.0,0.0,45.51018429647353,optimal
2021-02-09 16:00:00,10,47,0.0,0.0,0.0,0.19996666666666668,17.9025,6.0,-6,20.299875223482754,,0.0,0.0,0.0,0.0,45.34552138463776,optimal
2021-02-09 16:30:00,10,47,0.0,0.0,0.0,0.19533333333333328,15.6555,6.0,-6,20.149809025446576,,0.0,0.0,0.0,0.0,45.18102313571383,optimal
2021-02-09 17:00:00,10,47,0.9141520958563825,0.0,0.0,0.17446666666666666,14.553,6.0,-6,20.0,,2742.4562875691477,0.0,0.0,0.0,45.01668938503882,optimal
2021-02-09 17:30:00,10,47,0.7131328918435118,0.0,0.0,0.6156666666666666,14.3325,6.0,-6,20.0,,2139.3986755305355,0.0,0.0,0.0,44.97167269565379,optimal
2021-02-09 18:00:00,10,47,0.6670491810715299,0.0,0.0,0.6171,13.335,6.0,-6,20.0,,2001.1475432145896,0.0,0.0,0.0,44.926701022958135,optimal
2021-02-09 18:30:00,10,47,1.0341632535959298,0.0,0.0,1.167266666666667,12.1275,6.0,-6,20.0,,2823.8230941211227,0.0,278.66666666666663,0.0,44.881774321935175,optimal
2021-02-09 19:00:00,10,47,0.0,0.0,0.0,0.35960000000000003,12.2955,6.0,-6,20.13531985986233,,0.0,0.0,0.0,0.0,44.83689254761324,optimal
2021-02-09 19:30:00,10,47,0.5834794961955148,0.0,0.0,1.8187,11.6865,6.0,-6,20.0,,1750.4384885865445,0.0,0.0,0.0,44.792055655065624,optimal
2021-02-09 20:00:00,10,47,0.5840750517510743,0.0,0.0,1.5469000000000002,11.466,6.0,-6,20.0,,1752.2251552532227,0.0,0.0,0.0,44.74726359941056,optimal
2021-02-09 20:30:00,10,47,0.09288888888888887,0.0,0.0,0.46073333333333333,10.8045,6.0,-6,20.0,,0.0,0.0,278.66666666666663,0.0,44.70251633581115,optimal
2021-02-09 21:00:00,10,47,0.1857777777777778,0.0,0.0,0.4334333333333333,10.584,6.0,-6,19.878268642331367,,0.0,0.0,557.3333333333334,0.0,44.65781381947534,optimal
2021-02-09 21:30:00,10,47,0.0,0.0,0.0,0.4445,11.2455,6.0,-6,19.75001309749226,,0.0,0.0,0.0,0.0,44.61315600565586,optimal
2021-02-09 22:00:00,10,47,0.0,0.0,0.0,0.5808333333333334,12.1275,6.0,-6,19.636855026160593,,0.0,0.0,0.0,0.0,44.56854284965021,optimal
2021-02-09 22:30:00,10,47,0.0,0.0,0.0,0.39039999999999997,11.823,6.0,-6,19.507978624499522,,0.0,0.0,0.0,0.0,44.523974306800554,optimal
2021-02-09 23:00:00,10,47,0.0,0.0,0.0,0.5559666666666667,11.7705,6.0,-6,19.360904639285433,,0.0,0.0,0.0,0.0,44.479450332493755,optimal
2021-02-09 23:30:00,10,47,0.0,0.0,0.0,0.5047333333333334,11.13,6.0,-6,19.23291552746358,,0.0,0.0,0.0,0.0,44.43497088216126,optimal
2021-02-10 00:00:00,10,47,0.0,0.0,0.0,0.071,12.789,6.0,3,19.23291552746358,,0.0,0.0,0.0,0.0,44.390535911279095,optimal
2021-02-10 00:30:00,10,47,1.5146013659302489,0.0,0.0,0.13419999999999999,11.907,6.0,3,19.011086399841755,,0.0,0.0,4543.804097790747,0.0,44.34614537536782,optimal
2021-02-10 01:00:00,10,47,2.3333333333333335,0.0,0.0,0.17346666666666666,11.7075,6.0,3,18.79560737305219,,4159.13743112408,0.0,2840.8625688759203,0.0,44.30179922999245,optimal
2021-02-10 01:30:00,10,47,2.3333333333333335,0.0,0.0,0.063,10.8045,6.0,3,18.880264316157195,,7000.0,0.0,0.0,0.0,44.257497430762456,optimal
2021-02-10 02:00:00,10,47,2.3333333333333335,0.0,0.0,0.10113333333333334,11.508,6.0,3,19.156975351247592,,7000.0,0.0,0.0,0.0,44.21323993333169,optimal
2021-02-10 02:30:00,10,47,2.3333333333333335,0.0,0.0,0.2122,11.508,6.0,3,19.431984020852454,,7000.0,0.0,0.0,0.0,44.16902669339836,optimal
2021-02-10 03:00:00,10,47,2.3333333333333335,0.0,0.0,0.06566666666666666,11.508,6.0,3,19.711124765059843,,7000.0,0.0,0.0,0.0,44.12485766670496,optimal
2021-02-10 03:30:00,10,47,2.3333333333333335,0.0,0.0,0.063,11.844,6.0,3,19.976926591081448,,7000.0,0.0,0.0,0.0,44.08073280903826,optimal
2021-02-10 04:00:00,10,47,2.3333333333333335,0.0,0.0,0.063,11.508,6.0,3,20.239613355447617,,7000.0,0.0,0.0,0.0,44.036652076229224,optimal
2021-02-10 04:30:00,10,47,2.3333333333333335,0.0,0.0,0.19653333333333334,11.508,6.0,3,20.49922156509008,,7000.0,0.0,0.0,0.0,43.992615424152994,optimal
2021-02-10 05:00:00,10,47,2.3333333333333335,0.0,5.0,0.10913333333333335,10.4475,6.0,3,20.7641138263983,,7000.0,0.0,0.0,0.0,46.32362280872884,optimal
2021-02-10 05:30:00,10,47,2.3333333333333335,0.0,0.0,0.071,10.8675,6.0,3,21.01851281097505,,7000.0,0.0,0.0,0.0,46.277299185920114,optimal
2021-02-10 06:00:00,10,47,2.3333333333333335,0.0,4.8424418725439535,0.24866666666666662,10.542,6.0,3,21.26547686999491,,7000.0,0.0,0.0,0.0,48.53118177619257,optimal
2021-02-10 06:30:00,10,47,2.3333333333333335,0.0,0.0,0.063,11.025,6.0,3,21.521154714118367,,7000.0,0.0,0.0,0.0,48.48265059441637,optimal
2021-02-10 07:00:00,10,47,2.3333333333333335,0.0,0.0,0.06886666666666666,11.025,6.0,3,21.763400015663432,,7000.0,0.0,0.0,0.0,48.434167943821954,optimal
2021-02-10 07:30:00,10,47,0.0,0.0,0.0,0.2368,14.553,6.0,3,22.005567530842786,,0.0,0.0,0.0,0.0,48.38573377587813,optimal
2021-02-10 08:00:00,10,47,2.3333333333333335,0.0,0.0,0.063,13.0935,6.0,3,21.758333287242785,,7000.0,0.0,0.0,0.0,48.33734804210225,optimal
2021-02-10 08:30:00,10,47,0.0,0.0,0.0,0.14373333333333332,15.6345,6.0,3,22.0,,0.0,0.0,0.0,0.0,48.289010694060146,optimal
2021-02-10 09:00:00,10,47,0.0,0.0,0.0,0.16193333333333335,18.102,6.0,3,21.74899799604559,,0.0,0.0,0.0,0.0,48.240721683366075,optimal
2021-02-10 09:30:00,10,47,0.0,0.0,0.0,0.071,17.199,6.0,3,21.534419252277043,,0.0,0.0,0.0,0.0,48.192480961682705,optimal
2021-02-10 10:00:00,10,47,0.0,0.0,0.0,0.14756666666666665,18.2805,6.0,3,21.317661846266592,,0.0,0.0,0.0,0.0,48.144288480721016,optimal
2021-02-10 10:30:00,10,47,0.0,0.0,0.0,0.23713333333333333,17.4615,6.0,3,21.182126527595692,,0.0,0.0,0.0,0.0,48.096144192240295,optimal
2021-02-10 11:00:00,10,47,0.0,0.0,0.0,0.0658,18.3225,6.0,3,21.08236655835397,,0.0,0.0,0.0,0.0,48.048048048048045,optimal
2021-02-10 11:30:00,10,47,0.0,0.0,0.0,0.18830000000000002,17.094,6.0,3,20.994452284306135,,0.0,0.0,0.0,0.0,48.0,optimal
2021-02-10 12:00:00,10,47,0.0,0.0,0.0,0.2437333333333333,17.094,6.0,3,20.901387604881588,,0.0,0.0,0.0,0.0,47.43101995704331,optimal
2021-02-10 12:30:00,10,47,0.0,0.0,0.0,0.29246666666666665,17.094,6.0,3,20.85037572685139,,0.0,0.0,0.0,0.0,46.86260889412958,optimal
2021-02-10 13:00:00,10,47,0.0,0.0,0.0,0.20126666666666668,17.3565,6.0,3,20.80466112778315,,0.0,0.0,0.0,0.0,46.29476624227876,optimal
2021-02-10 13:30:00,10,47,0.0,0.0,0.0,0.3561,17.115,6.0,3,20.755109810828735,,0.0,0.0,0.0,0.0,45.7274914330798,optimal
2021-02-10 14:00:00,10,47,0.0,0.0,0.0,0.14203333333333334,17.241,6.0,3,20.7192121655115,,0.0,0.0,0.0,0.0,45.160783898690035,optimal
2021-02-10 14:30:00,10,47,0.0,0.0,0.0,0.22686666666666666,17.094,6.0,3,20.658505853658383,,0.0,0.0,0.0,0.0,44.59464307183466,optimal
2021-02-10 15:00:00,10,47,2.3333333333333335,0.0,0.0,0.10426666666666667,16.5165,6.0,3,20.612464691377,,7000.0,0.0,0.0,0.0,44.02906838580614,optimal
2021-02-10 15:30:00,10,47,0.0,0.0,0.0,0.16783333333333333,17.8185,6.0,3,21.022922174249516,,0.0,0.0,0.0,0.0,43.46405927446365,optimal
2021-02-10 16:00:00,10,47,1.859754232913697,0.0,0.0,0.12490000000000001,17.094,6.0,3,20.921395384822723,,5579.26269874109,0.0,0.0,0.0,42.8996151722325,optimal
2021-02-10 16:30:00,10,47,2.3333333333333335,0.0,0.0,0.11336666666666666,16.8945,6.0,3,21.155569620137246,,7000.0,0.0,0.0,0.0,42.33573551410358,optimal
2021-02-10 17:00:00,10,47,0.0,0.0,0.0,0.21230000000000002,18.123,6.0,3,21.484894874114513,,0.0,0.0,0.0,0.0,41.772419735632795,optimal
2021-02-10 17:30:00,10,47,0.0,0.0,0.0,0.073,31.647,6.0,3,21.268249885920497,,0.0,0.0,0.0,0.0,41.20966727294048,optimal
2021-02-10 18:00:00,10,47,0.0,0.0,0.0,0.11993333333333334,34.9965,6.0,3,21.04482117077561,,0.0,0.0,0.0,0.0,40.647477562710854,optimal
2021-02-10 18:30:00,10,47,0.0,0.0,0.0,0.2054,34.9965,6.0,3,20.810955634956155,,0.0,0.0,0.0,0.0,40.08585004219146,optimal
2021-02-10 19:00:00,10,47,0.0,0.0,0.0,0.2826,34.9965,6.0,3,20.586106880894476,,0.0,0.0,0.0,0.0,39.524784149192584,optimal
2021-02-10 19:30:00,10,47,0.0,0.0,0.0,0.14746666666666666,34.9965,6.0,3,20.38235175545243,,0.0,0.0,0.0,0.0,38.9642793220867,optimal
2021-02-10 20:00:00,10,47,0.0,0.0,0.0,0.4869,34.9965,6.0,3,20.17225030278646,,0.0,0.0,0.0,0.0,38.40433499980793,optimal
2021-02-10 20:30:00,10,47,0.0,0.0,0.0,0.25643333333333335,27.741,6.0,3,20.0,,0.0,0.0,0.0,0.0,38.36593066480812,optimal
2021-02-10 21:00:00,10,47,0.0,0.0,0.0,0.2091,19.026,6.0,3,19.829979085316563,,0.0,0.0,0.0,0.0,38.32756473414331,optimal
2021-02-10 21:30:00,10,47,0.0,0.0,0.0,0.15633333333333335,18.7215,6.0,3,19.653412210954595,,0.0,0.0,0.0,0.0,38.28923716940916,optimal
2021-02-10 22:00:00,10,47,0.0,0.0,0.0,0.23183333333333328,17.4195,6.0,3,19.451182808806372,,0.0,0.0,0.0,0.0,38.250947932239754,optimal
2021-02-10 22:30:00,10,47,0.0,0.0,0.0,0.224,16.758,6.0,3,19.229362796628603,,0.0,0.0,0.0,0.0,38.21269698430751,optimal
2021-02-10 23:00:00,10,47,0.0,0.0,0.0,0.0999,14.217,6.0,3,19.001747230406004,,0.0,0.0,0.0,0.0,38.1744842873232,optimal
2021-02-10 23:30:00,10,47,0.0,0.0,0.0,0.30606666666666665,13.3665,6.0,3,18.779125975533628,,0.0,0.0,0.0,0.0,38.13630980303588,optimal
2021-02-11 00:00:00,10,47,2.3333333333333335,0.0,0.0,0.22786666666666666,11.025,6.0,-4,18.779125975533628,,7000.0,0.0,0.0,0.0,38.09817349323284,optimal
2021-02-11 00:30:00,10,47,2.3333333333333335,0.0,5.0,0.05513333333333333,10.7835,6.0,-4,19.03616567075622,,0.0,0.0,7000.0,0.0,40.43507531973961,optimal
2021-02-11 01:00:00,10,47,2.3333333333333335,0.0,3.8521481472521732,0.07173333333333333,11.025,6.0,-4,18.78115497785893,,6824.333333333333,0.0,175.66666666666666,0.0,42.22441061436465,optimal
2021-02-11 01:30:00,10,47,2.3333333333333335,0.0,5.0,0.18086666666666668,10.584,6.0,-4,19.016913236305086,,7000.0,0.0,0.0,0.0,44.55718620375028,optimal
2021-02-11 02:00:00,10,47,2.3333333333333335,0.0,5.0,0.0634,11.025,6.0,-4,19.270166886055463,,7000.0,0.0,0.0,0.0,46.88762901754653,optimal
2021-02-11 02:30:00,10,47,2.3333333333333335,0.0,5.0,0.033,10.4265,6.0,-4,19.512096908245383,,7000.0,0.0,0.0,0.0,49.215741388528976,optimal
2021-02-11 03:00:00,10,47,2.3333333333333335,0.0,0.0,0.25,12.789,6.0,-4,19.747857276232587,,7000.0,0.0,0.0,0.0,49.16652564714044,optimal
2021-02-11 03:30:00,10,47,2.3333333333333335,0.0,0.0,0.033,12.684,6.0,-4,19.99511832082004,,7000.0,0.0,0.0,0.0,49.1173591214933,optimal
2021-02-11 04:00:00,10,47,2.3333333333333335,0.0,0.0,0.0828,16.254,6.0,-4,20.22697584792659,,7000.0,0.0,0.0,0.0,49.0682417623718,optimal
2021-02-11 04:30:00,10,47,2.3333333333333335,0.0,0.0,0.033,17.64,6.0,-4,20.462588362871013,,7000.0,0.0,0.0,0.0,49.01917352060943,optimal
2021-02-11 05:00:00,10,47,0.0,0.0,0.0,0.2002,19.1625,6.0,-4,20.691897252147122,,0.0,0.0,0.0,0.0,48.97015434708881,optimal
2021-02-11 05:30:00,10,47,0.0,0.0,0.0,0.0828,26.46,6.0,-4,20.432488890263226,,0.0,0.0,0.0,0.0,48.92118419274172,optimal
2021-02-11 06:00:00,10,47,0.0,0.0,0.0,0.11633333333333332,20.79,6.0,-4,20.170699652227096,,0.0,0.0,0.0,0.0,48.87226300854897,optimal
2021-02-11 06:30:00,10,47,0.0,0.0,0.0,0.175,29.106,6.0,-4,19.91677197778551,,0.0,0.0,0.0,0.0,48.823390745540415,optimal
2021-02-11 07:00:00,10,47,2.3333333333333335,0.0,0.0,0.101,19.1835,6.0,-4,19.673373650135947,,7000.0,0.0,0.0,0.0,48.774567354794875,optimal
2021-02-11 07:30:00,10,47,1.2046042381904687,0.0,0.0,0.22340000000000002,19.6665,6.0,-4,19.950207121684596,,3613.8127145714066,0.0,0.0,0.0,48.72579278744007,optimal
2021-02-11 08:00:00,10,47,0.7915655323521242,0.0,0.0,1.7147999999999999,19.404,6.0,-4,20.0,,2374.696597056373,0.0,0.0,0.0,48.67706699465263,optimal
2021-02-11 08:30:00,10,47,0.8886989485550287,0.0,0.0,0.44889999999999997,19.047,6.0,-4,20.0,,2666.096845665086,0.0,0.0,0.0,48.62838992765797,optimal
2021-02-11 09:00:00,10,47,1.4627527544156789,0.0,0.0,0.4546,18.858,6.0,-4,20.0,,4388.258263247037,0.0,0.0,0.0,48.579761537730306,optimal
2021-02-11 09:30:00,10,47,0.0,0.0,0.0,0.4438666666666667,19.2675,6.0,-4,20.154759958856406,,0.0,0.0,0.0,0.0,48.53118177619257,optimal
2021-02-11 10:00:00,10,47,0.37483466570351653,0.0,0.0,0.46163333333333334,18.963,6.0,-4,20.0,,1124.5039971105496,0.0,0.0,0.0,48.48265059441637,optimal
2021-02-11 10:30:00,10,47,0.6485947932714817,0.0,0.0,0.4753,18.438,6.0,-4,20.0,,1945.7843798144454,0.0,0.0,0.0,48.434167943821954,optimal
2021-02-11 11:00:00,10,47,0.0,0.0,0.0,0.21580000000000002,18.7425,6.0,-4,20.060251498967354,,0.0,0.0,0.0,0.0,48.38573377587813,optimal
2021-02-11 11:30:00,10,47,2.3333333333333335,0.0,0.0,0.3452,15.2145,6.0,-4,20.0,,4492.0,0.0,2508.0,0.0,48.33734804210225,optimal
2021-02-11 12:00:00,10,47,0.0,0.0,0.0,0.1491333333333333,17.7765,6.0,-4,20.270124860158795,,0.0,0.0,0.0,0.0,48.289010694060146,optimal
2021-02-11 12:30:00,10,47,0.0,0.0,0.0,0.041,16.758,6.0,-4,20.248963159878144,,0.0,0.0,0.0,0.0,48.240721683366075,optimal
2021-02-11 13:00:00,10,47,0.7466218796212987,0.0,0.0,0.0608,16.422,6.0,-4,20.229469174680666,,2239.865638863896,0.0,0.0,0.0,48.192480961682705,optimal
2021-02-11 13:30:00,10,47,0.0,0.0,0.0,0.1744,16.758,6.0,-4,20.36208554299037,,0.0,0.0,0.0,0.0,48.144288480721016,optimal
2021-02-11 14:00:00,10,47,0.0,0.0,0.0,0.157,29.358,6.0,-4,20.34954740531359,,0.0,0.0,0.0,0.0,48.096144192240295,optimal
2021-02-11 14:30:00,10,47,0.0,0.0,0.0,0.7625,34.9965,6.0,-4,20.348580762920488,,0.0,0.0,0.0,0.0,48.048048048048045,optimal
2021-02-11 15:00:00,10,47,0.0,0.0,0.0,1.2733333333333332,34.65,6.0,-4,20.37310784840201,,0.0,0.0,0.0,0.0,48.0,optimal
2021-02-11 15:30:00,10,47,0.0,0.0,0.0,0.26896666666666663,34.9965,6.0,-4,20.367610027166165,,0.0,0.0,0.0,0.0,47.07447233654822,optimal
2021-02-11 16:00:00,10,47,0.0,0.0,0.0,0.3363,34.9965,6.0,-4,20.322516056319216,,0.0,0.0,0.0,0.0,46.14987020075989,optimal
2021-02-11 16:30:00,10,47,0.0,0.0,0.0,0.595,30.4815,6.0,-4,20.233906810490172,,0.0,0.0,0.0,0.0,45.226192667107355,optimal
2021-02-11 17:00:00,10,47,0.0,0.0,0.0,0.37853333333333333,21.4305,6.0,-4,20.151899374630425,,0.0,0.0,0.0,0.0,44.30343881098847,optimal
2021-02-11 17:30:00,10,47,0.8417852261590688,0.0,0.0,0.6559666666666667,14.3325,6.0,-4,20.0,,2000.0690118105397,0.0,525.2866666666666,0.0,43.3816077087257,optimal
2021-02-11 18:00:00,10,47,1.8421917576899516,0.0,0.0,0.8056,13.692,6.0,-4,20.0,,5146.195273069855,0.0,380.38,0.0,42.4606984375652,optimal
2021-02-11 18:30:00,10,47,0.0,0.0,0.0,0.4216333333333333,14.007,6.0,-4,20.203212607222326,,0.0,0.0,0.0,0.0,41.540710075675854,optimal
2021-02-11 19:00:00,10,47,0.9997464594361499,0.0,0.0,0.4853,12.873,6.0,-4,20.0,,2859.9060449751164,0.0,139.33333333333331,0.0,40.6216417021484,optimal
2021-02-11 19:30:00,10,47,1.0463706051109651,0.0,0.0,0.43206666666666665,12.684,6.0,-4,20.0,,2999.7784819995622,0.0,139.33333333333331,0.0,39.70349239699448,optimal
2021-02-11 20:00:00,10,47,1.0242614174524332,0.0,0.0,0.6275333333333333,12.306,6.0,-4,20.0,,3072.7842523572995,0.0,0.0,0.0,38.7862612411457,optimal
2021-02-11 20:30:00,10,47,0.7895555555555556,0.0,0.0,0.3727,10.6365,6.0,-4,20.0,,0.0,0.0,2368.6666666666665,0.0,37.86994731645278,optimal
2021-02-11 21:00:00,10,47,0.0,0.0,0.0,0.3622666666666666,11.2455,6.0,-4,19.759718294147227,,0.0,0.0,0.0,0.0,36.95454970568455,optimal
2021-02-11 21:30:00,10,47,0.0,0.0,0.0,0.6846333333333333,11.2455,6.0,-4,19.513719757440015,,0.0,0.0,0.0,0.0,36.040067492527086,optimal
2021-02-11 22:00:00,10,47,0.0,0.0,0.0,0.5888,11.025,6.0,-4,19.293439783732072,,0.0,0.0,0.0,0.0,36.00402742503456,optimal
2021-02-11 22:30:00,10,47,0.0,0.0,0.0,0.5032333333333333,12.0855,6.0,-4,19.08794037838682,,0.0,0.0,0.0,0.0,35.96802339760952,optimal
2021-02-11 23:00:00,10,47,0.0,0.0,0.0,0.06236666666666667,11.6865,6.0,-4,18.859401585387893,,0.0,0.0,0.0,0.0,35.93205537421191,optimal
2021-02-11 23:30:00,10,47,0.0,0.0,0.0,0.067,11.2245,6.0,-4,18.57110721121901,,0.0,0.0,0.0,0.0,35.8961233188377,optimal
2021-02-12 00:00:00,10,47,0.06966666666666667,0.0,0.0,0.2937333333333333,10.668,6.0,5,18.57110721121901,,0.0,0.0,209.0,0.0,35.86022719551887,optimal
2021-02-12 00:30:00,10,47,0.0,0.0,0.0,0.11906666666666667,11.7285,6.0,5,18.314443147983898,,0.0,0.0,0.0,0.0,35.824366968323346,optimal
2021-02-12 01:00:00,10,47,0.0,0.0,0.0,0.21906666666666663,11.025,6.0,5,18.033742718028563,,0.0,0.0,0.0,0.0,35.788542601355026,optimal
2021-02-12 01:30:00,10,47,1.2196666666666667,0.0,0.0,0.1088,10.689,6.0,5,17.763445141149514,,0.0,0.0,3659.0,0.0,35.75275405875367,optimal
2021-02-12 02:00:00,10,47,2.3333333333333335,0.0,5.0,0.22026666666666667,8.1585,6.0,5,17.4896437881294,,0.0,0.0,7000.0,0.0,38.09200130469492,optimal
2021-02-12 02:30:00,10,47,2.3333333333333335,0.0,0.0,0.16466666666666666,10.3635,6.0,5,17.228152028944614,,7000.0,0.0,0.0,0.0,38.05390930339022,optimal
2021-02-12 03:00:00,10,47,2.3333333333333335,0.0,0.0,0.062,10.8045,6.0,5,17.467208851637594,,7000.0,0.0,0.0,0.0,38.01585539408683,optimal
2021-02-12 03:30:00,10,47,2.3295866050427487,0.0,0.0,0.23213333333333333,11.025,6.0,5,17.699677024856204,,6988.759815128246,0.0,0.0,0.0,37.97783953869274,optimal
2021-02-12 04:00:00,10,47,2.3333333333333335,0.0,1.8041993563403032,0.15280000000000002,10.3635,6.0,5,17.948926799717544,,7000.0,0.0,0.0,0.0,38.796856393415695,optimal
2021-02-12 04:30:00,10,47,2.3333333333333335,0.0,0.0,0.14,10.8045,6.0,5,18.198615543767602,,7000.0,0.0,0.0,0.0,38.75805953702228,optimal
2021-02-12 05:00:00,10,47,2.3333333333333335,0.0,5.0,0.1522,10.059,6.0,5,18.4526712177764,,7000.0,0.0,0.0,0.0,41.09430147748525,optimal
2021-02-12 05:30:00,10,47,2.3333333333333335,0.0,0.0,0.15473333333333333,10.584,6.0,5,18.712820940402892,,7000.0,0.0,0.0,0.0,41.05320717600776,optimal
2021-02-12 06:00:00,10,47,2.3333333333333335,0.0,5.0,0.0828,9.4185,6.0,5,18.9794776333248,,7000.0,0.0,0.0,0.0,43.38715396883175,optimal
2021-02-12 06:30:00,10,47,2.3333333333333335,0.0,5.0,0.1452,10.3635,6.0,5,19.247268084629198,,7000.0,0.0,0.0,0.0,45.71876681486292,optimal
2021-02-12 07:00:00,10,47,2.3333333333333335,0.0,5.0,0.22593333333333332,9.8385,6.0,5,19.51753074646753,,7000.0,0.0,0.0,0.0,48.048048048048045,optimal
2021-02-12 07:30:00,10,47,2.3333333333333335,0.0,0.0,0.16233333333333333,11.067,6.0,5,19.7910428070326,,7000.0,0.0,0.0,0.0,48.0,optimal
2021-02-12 08:00:00,10,47,2.3333333333333335,0.0,0.0,0.6542,10.8465,6.0,5,20.04755829211235,,7000.0,0.0,0.0,0.0,47.80502844810046,optimal
2021-02-12 08:30:00,10,47,0.0,0.0,0.0,0.5480666666666667,13.671,6.0,5,20.330591011364298,,0.0,0.0,0.0,0.0,47.610251867752815,optimal
2021-02-12 09:00:00,10,47,2.3333333333333335,0.0,0.0,0.4845,12.348,6.0,5,20.10608715530042,,7000.0,0.0,0.0,0.0,47.41567006398552,optimal
2021-02-12 09:30:00,10,47,0.0,0.0,0.0,0.5600666666666667,14.3325,6.0,5,20.403367861083936,,0.0,0.0,0.0,0.0,47.221282842022,optimal
2021-02-12 10:00:00,10,47,0.0,0.0,0.0,0.3688666666666667,15.393,6.0,5,20.233024312621197,,0.0,0.0,0.0,0.0,47.027090007280435,optimal
2021-02-12 10:30:00,10,47,0.0,0.0,0.0,0.6522,13.587,6.0,5,20.136374912603596,,0.0,0.0,0.0,0.0,46.83309136537361,optimal
2021-02-12 11:00:00,10,47,0.0,0.0,0.0,0.5605333333333333,16.1385,6.0,5,20.060414922625025,,0.0,0.0,0.0,0.0,46.6392867221087,optimal
2021-02-12 11:30:00,10,47,0.0,0.0,0.0,1.0864,14.595,6.0,5,20.02476093716749,,0.0,0.0,0.0,0.0,46.44567588348705,optimal
2021-02-12 12:00:00,10,47,0.0,0.0,0.0,3.667766666666667,14.637,6.0,5,20.0,,0.0,0.0,0.0,0.0,46.25225865570402,optimal
2021-02-12 12:30:00,10,47,0.0,0.0,0.0,2.3428,13.9125,6.0,5,20.059070215167473,,0.0,0.0,0.0,0.0,46.05903484514877,optimal
2021-02-12 13:00:00,10,47,0.0,0.0,0.0,1.7909000000000002,13.3665,6.0,5,20.061039006752253,,0.0,0.0,0.0,0.0,45.86600425840408,optimal
2021-02-12 13:30:00,10,47,0.0,0.0,0.0,0.29619999999999996,13.0095,6.0,5,20.110080953725575,,0.0,0.0,0.0,0.0,45.673166702246135,optimal
2021-02-12 14:00:00,10,47,0.0,0.0,0.0,1.4443666666666666,13.8915,6.0,5,20.08325916363946,,0.0,0.0,0.0,0.0,45.48052198364435,optimal
2021-02-12 14:30:00,10,47,0.0,0.0,0.0,0.6532666666666667,13.188,6.0,5,20.128902086405887,,0.0,0.0,0.0,0.0,45.28806990976117,optimal
2021-02-12 15:00:00,10,47,0.0,0.0,0.0,1.2510999999999999,12.5685,6.0,5,20.11638315123378,,0.0,0.0,0.0,0.0,45.09581028795187,optimal
2021-02-12 15:30:00,10,47,0.0,0.0,0.0,0.5725666666666667,12.285,6.0,5,20.07677941576765,,0.0,0.0,0.0,0.0,44.90374292576438,optimal
2021-02-12 16:00:00,10,47,0.6220155330392807,0.0,0.0,0.7114666666666667,11.487,6.0,5,20.026716787613086,,1866.046599117842,0.0,0.0,0.0,44.711867630939075,optimal
2021-02-12 16:30:00,10,47,0.0,0.0,0.0,1.5677999999999999,11.802,6.0,5,20.065671089172497,,0.0,0.0,0.0,0.0,44.5201842114086,optimal
2021-02-12 17:00:00,10,47,2.3333333333333335,0.0,0.0,0.5047333333333334,11.2245,6.0,5,20.0,,7000.0,0.0,0.0,0.0,44.32869247529765,optimal
2021-02-12 17:30:00,10,47,2.3333333333333335,0.0,0.0,0.18763333333333332,11.025,6.0,5,20.350867333626002,,7000.0,0.0,0.0,0.0,44.13739223092281,optimal
2021-02-12 18:00:00,10,47,1.2737904482272415,0.0,0.0,0.3458,11.907,6.0,5,20.661700440890858,,3821.3713446817246,0.0,0.0,0.0,43.94628328679235,optimal
2021-02-12 18:30:00,10,47,0.0,0.0,0.0,0.4176666666666667,25.83,6.0,5,20.740786450907187,,0.0,0.0,0.0,0.0,43.75536545160602,optimal
2021-02-12 19:00:00,10,47,0.0,0.0,0.0,0.5010666666666667,28.035,6.0,5,20.561144078915646,,0.0,0.0,0.0,0.0,43.56463853425487,optimal
2021-02-12 19:30:00,10,47,0.0,0.0,0.0,0.27066666666666667,28.119,6.0,5,20.38838439260841,,0.0,0.0,0.0,0.0,43.37410234382107,optimal
2021-02-12 20:00:00,10,47,0.0,0.0,0.0,0.16466666666666666,30.156,6.0,5,20.205568154270072,,0.0,0.0,0.0,0.0,43.18375668957771,optimal
2021-02-12 20:30:00,10,47,0.0,0.0,0.0,0.1536,29.1585,6.0,5,20.0,,0.0,0.0,0.0,0.0,42.99360138098859,optimal
2021-02-12 21:00:00,10,47,0.0,0.0,0.0,0.27246666666666663,26.712,6.0,5,19.788093183975825,,0.0,0.0,0.0,0.0,42.80363622770806,optimal
2021-02-12 21:30:00,10,47,0.0,0.0,0.0,0.25660000000000005,15.435,6.0,5,19.589895822271462,,0.0,0.0,0.0,0.0,42.61386103958081,optimal
2021-02-12 22:00:00,10,47,0.0,0.0,0.0,0.3387333333333333,13.566,6.0,5,19.39305653204002,,0.0,0.0,0.0,0.0,42.57124717854123,optimal
2021-02-12 22:30:00,10,47,0.0,0.0,0.0,0.39986666666666665,12.789,6.0,5,19.212947592767687,,0.0,0.0,0.0,0.0,42.528675931362685,optimal
2021-02-12 23:00:00,10,47,0.0,0.0,0.0,0.09340000000000001,12.1275,6.0,5,19.025171176680775,,0.0,0.0,0.0,0.0,42.48614725543132,optimal
2021-02-12 23:30:00,10,47,0.0,0.0,0.0,0.16993333333333333,13.671,6.0,5,18.810952969729506,,0.0,0.0,0.0,0.0,42.44366110817589,optimal
2021-02-13 00:00:00,10,47,0.0,0.0,0.0,0.062,9.5655,6.0,2,18.810952969729506,,0.0,0.0,0.0,0.0,42.401217447067715,optimal
2021-02-13 00:30:00,10,47,2.3333333333333335,0.0,5.0,0.146,7.056,6.0,2,18.597331843353714,,1496.333333333333,0.0,5503.666666666667,0.0,44.73381622962065,optimal
2021-02-13 01:00:00,10,47,0.0,0.0,0.0,0.2008,9.3975,6.0,2,18.49971021647489,,0.0,0.0,0.0,0.0,44.68908241339103,optimal
2021-02-13 01:30:00,10,47,0.0,0.0,0.0,0.124,10.059,6.0,2,18.301279672361524,,0.0,0.0,0.0,0.0,44.644393330977636,optimal
2021-02-13 02:00:00,10,47,0.0,0.0,0.0,0.2159,9.261,6.0,2,18.100297679434505,,0.0,0.0,0.0,0.0,44.59974893764666,optimal
2021-02-13 02:30:00,10,47,2.3333333333333335,0.0,0.0,0.1999,8.1585,6.0,2,17.908794086500357,,7000.0,0.0,0.0,0.0,44.55514918870901,optimal
2021-02-13 03:00:00,10,47,0.0,0.0,0.0,0.118,9.4815,6.0,2,18.21631982529627,,0.0,0.0,0.0,0.0,44.5105940395203,optimal
2021-02-13 03:30:00,10,47,2.3333333333333335,0.0,0.0,0.146,8.379,6.0,2,18.0164927016091,,7000.0,0.0,0.0,0.0,44.46608344548078,optimal
2021-02-13 04:00:00,10,47,2.3333333333333335,0.0,0.0,0.118,9.5235,6.0,2,18.31833628516893,,7000.0,0.0,0.0,0.0,44.4216173620353,optimal
2021-02-13 04:30:00,10,47,2.3333333333333335,0.0,0.0,0.055,8.1375,6.0,2,18.614064749147058,,7000.0,0.0,0.0,0.0,44.377195744673266,optimal
2021-02-13 05:00:00,10,47,0.0,0.0,0.0,0.1845,10.0905,6.0,2,18.90067416957006,,0.0,0.0,0.0,0.0,44.33281854892859,optimal
2021-02-13 05:30:00,10,47,2.3333333333333335,0.0,5.0,0.0795,7.539,6.0,2,18.69404118529513,,7000.0,0.0,0.0,0.0,46.66348573037966,optimal
2021-02-13 06:00:00,10,47,2.3333333333333335,0.0,3.114361994928444,0.21030000000000001,7.938,6.0,2,18.979112155781937,,7000.0,0.0,0.0,0.0,48.096144192240295,optimal
2021-02-13 06:30:00,10,47,2.3333333333333335,0.0,0.0,0.2055,8.274,6.0,2,19.268974340259255,,7000.0,0.0,0.0,0.0,48.048048048048045,optimal
2021-02-13 07:00:00,10,47,2.3333333333333335,0.0,0.0,1.0709000000000002,9.261,6.0,2,19.554512080508022,,7000.0,0.0,0.0,0.0,48.0,optimal
2021-02-13 07:30:00,10,47,2.3333333333333335,0.0,0.0,0.09540000000000001,9.9225,6.0,2,19.84732431653619,,7000.0,0.0,0.0,0.0,47.39133912884306,optimal
2021-02-13 08:00:00,10,47,2.3333333333333335,0.0,0.0,0.188,9.702,6.0,2,20.117483602798533,,7000.0,0.0,0.0,0.0,46.78328691855727,optimal
2021-02-13 08:30:00,10,47,2.3333333333333335,0.0,0.0,0.152,10.584,6.0,2,20.37966797286753,,7000.0,0.0,0.0,0.0,46.17584276048178,optimal
2021-02-13 09:00:00,10,47,2.3333333333333335,0.0,0.0,0.1738,10.143,6.0,2,20.63630697990397,,7000.0,0.0,0.0,0.0,45.569006046564354,optimal
2021-02-13 09:30:00,10,47,0.0,0.0,0.0,0.125,13.0095,6.0,2,20.91964656139685,,0.0,0.0,0.0,0.0,44.96277616936085,optimal
2021-02-13 10:00:00,10,47,0.9612524135366702,0.0,0.0,0.1172,11.025,6.0,2,20.701556726538957,,2883.7572406100107,0.0,0.0,0.0,44.357152522034546,optimal
2021-02-13 10:30:00,10,47,0.0,0.0,0.0,0.29860000000000003,12.789,6.0,2,20.741217958146997,,0.0,0.0,0.0,0.0,43.752134498355574,optimal
2021-02-13 11:00:00,10,47,0.0,0.0,0.0,0.08916666666666667,12.1275,6.0,2,20.588776620328286,,0.0,0.0,0.0,0.0,43.14772149270028,optimal
2021-02-13 11:30:00,10,47,0.0,0.0,0.0,0.2503,12.1695,6.0,2,20.478692795743502,,0.0,0.0,0.0,0.0,42.543912900050636,optimal
2021-02-13 12:00:00,10,47,0.0,0.0,0.0,0.094,12.306,6.0,2,20.38227873652281,,0.0,0.0,0.0,0.0,41.940708115993644,optimal
2021-02-13 12:30:00,10,47,0.0,0.0,0.0,0.2105,13.23,6.0,2,20.299457951478274,,0.0,0.0,0.0,0.0,41.33810653672071,optimal
2021-02-13 13:00:00,10,47,0.0,0.0,0.0,0.1753,13.671,6.0,2,20.22706659597861,,0.0,0.0,0.0,0.0,40.73610755902705,optimal
2021-02-13 13:30:00,10,47,0.0,0.0,0.0,0.116,13.9335,6.0,2,20.163842290615634,,0.0,0.0,0.0,0.0,40.13471058031108,optimal
2021-02-13 14:00:00,10,47,0.0,0.0,0.0,0.1557666666666667,13.293,6.0,2,20.098312770629374,,0.0,0.0,0.0,0.0,39.53391499857383,optimal
2021-02-13 14:30:00,10,47,0.24444877683422533,0.0,0.0,0.6112000000000001,12.1065,6.0,2,20.0,,733.346330502676,0.0,0.0,0.0,38.933720212418315,optimal
2021-02-13 15:00:00,10,47,1.086085662685198,0.0,0.0,0.6755,11.571,6.0,2,20.0,,3258.256988055594,0.0,0.0,0.0,38.334125621048955,optimal
2021-02-13 15:30:00,10,47,2.3333333333333335,0.0,0.0,0.06283333333333334,11.025,6.0,2,20.15889466275107,,7000.0,0.0,0.0,0.0,37.735130624270965,optimal
2021-02-13 16:00:00,10,47,2.3333333333333335,0.0,0.0,0.5059666666666666,10.8465,6.0,2,20.53830441194552,,7000.0,0.0,0.0,0.0,37.697395493646695,optimal
2021-02-13 16:30:00,10,47,2.3333333333333335,0.0,0.0,1.2755,11.2455,6.0,2,20.903681943038773,,7000.0,0.0,0.0,0.0,37.65969809815305,optimal
2021-02-13 17:00:00,10,47,0.0,0.0,0.0,0.28833333333333333,23.8665,6.0,2,21.264873464096457,,0.0,0.0,0.0,0.0,37.6220384000549,optimal
2021-02-13 17:30:00,10,47,0.0,0.0,0.0,0.30689999999999995,27.4575,6.0,2,21.077943536826623,,0.0,0.0,0.0,0.0,37.584416361654846,optimal
2021-02-13 18:00:00,10,47,0.0,0.0,0.0,0.13406666666666667,27.3735,6.0,2,20.896203082782986,,0.0,0.0,0.0,0.0,37.54683194529319,optimal
2021-02-13 18:30:00,10,47,0.0,0.0,0.0,0.29553333333333337,30.4605,6.0,2,20.692484836988253,,0.0,0.0,0.0,0.0,37.5092851133479,optimal
2021-02-13 19:00:00,10,47,0.0,0.0,0.0,0.24346666666666666,30.0195,6.0,2,20.497856736543827,,0.0,0.0,0.0,0.0,37.471775828234556,optimal
2021-02-13 19:30:00,10,47,0.0,0.0,0.0,0.33613333333333334,26.9325,6.0,2,20.317556624382043,,0.0,0.0,0.0,0.0,37.43430405240632,optimal
2021-02-13 20:00:00,10,47,0.0,0.0,0.0,0.6532666666666667,14.595,6.0,2,20.151617802070653,,0.0,0.0,0.0,0.0,37.396869748353915,optimal
2021-02-13 20:30:00,10,47,0.0,0.0,0.0,0.3343666666666667,12.4845,6.0,2,20.0,,0.0,0.0,0.0,0.0,37.35947287860556,optimal
2021-02-13 21:00:00,10,47,0.0,0.0,0.0,0.6768666666666667,12.1275,6.0,2,19.823254635360986,,0.0,0.0,0.0,0.0,37.32211340572695,optimal
2021-02-13 21:30:00,10,47,0.0,0.0,0.0,1.3844666666666667,12.1275,6.0,2,19.65080042480996,,0.0,0.0,0.0,0.0,37.28479129232122,optimal
2021-02-13 22:00:00,10,47,0.0,0.0,0.0,1.9414,12.789,6.0,2,19.484738732468355,,0.0,0.0,0.0,0.0,37.2475065010289,optimal
2021-02-13 22:30:00,10,47,0.0,0.0,0.0,0.6018,11.907,6.0,2,19.32516180119113,,0.0,0.0,0.0,0.0,37.21025899452787,optimal
2021-02-13 23:00:00,10,47,0.0,0.0,0.0,0.219,11.025,6.0,2,19.175070493403627,,0.0,0.0,0.0,0.0,37.17304873553334,optimal
2021-02-13 23:30:00,10,47,0.0,0.0,0.0,0.21680000000000002,8.2005,6.0,2,18.970480302048433,,0.0,0.0,0.0,0.0,37.13587568679781,optimal
