time,run,dwelling_id,hp_elec_kw,boiler_gas_kw,ev_charge_kw,appliance_kw,tariff_elec_price,tariff_gas_price,tariff_offset_steps,Tin_C,T_tank_C,Q_hp_space_w,Q_bo_space_w,Q_hp_hw_w,Q_bo_hw_w,ev_soc_kwh,solve_status
2021-02-07 00:00:00,1,19,0.0,0.0,0.0,0.058,6.615,6.0,-4,21.0,,0.0,0.0,0.0,0.0,47.952,optimal
2021-02-07 00:30:00,1,19,0.0,0.0,0.0,0.148,6.174,6.0,-4,20.96174253785744,,0.0,0.0,0.0,0.0,47.904047999999996,optimal
2021-02-07 01:00:00,1,19,0.0,0.0,0.0,0.136,3.906,6.0,-4,20.92514353222611,,0.0,0.0,0.0,0.0,47.856143952,optimal
2021-02-07 01:30:00,1,19,0.0,0.0,0.0,0.1349,2.3415,6.0,-4,20.888137867091892,,0.0,0.0,0.0,0.0,47.80828780804799,optimal
2021-02-07 02:00:00,1,19,0.0,0.0,0.0,0.1439,2.205,6.0,-4,20.851076321797958,,0.0,0.0,0.0,0.0,47.76047952023995,optimal
2021-02-07 02:30:00,1,19,2.0,0.0,1.2132455859798754,0.136,0.882,6.0,-4,20.814163102720254,,4910.0,0.0,2090.0,0.0,48.289010694060146,optimal
2021-02-07 03:00:00,1,19,1.3796037088926085,0.0,0.0,0.058,1.5435,6.0,-4,20.87612912013682,,4828.61298112413,0.0,0.0,0.0,48.240721683366075,optimal
2021-02-07 03:30:00,1,19,2.0,0.0,0.0,0.26239999999999997,1.5435,6.0,-4,20.934455366891154,,7000.0,0.0,0.0,0.0,48.192480961682705,optimal
2021-02-07 04:00:00,1,19,0.0,0.0,0.0,0.058,5.0715,6.0,-4,21.040501739992415,,0.0,0.0,0.0,0.0,48.144288480721016,optimal
2021-02-07 04:30:00,1,19,0.0,0.0,0.0,0.2364,5.376,6.0,-4,21.000585363713054,,0.0,0.0,0.0,0.0,48.096144192240295,optimal
2021-02-07 05:00:00,1,19,0.0,0.0,0.0,0.084,5.0715,6.0,-4,20.964376787351966,,0.0,0.0,0.0,0.0,48.048048048048045,optimal
2021-02-07 05:30:00,1,19,0.0,0.0,0.0,0.11133333333333331,5.5125,6.0,-4,20.92518288364388,,0.0,0.0,0.0,0.0,48.0,optimal
2021-02-07 06:00:00,1,19,0.0,0.0,0.0,1.2833333333333332,9.261,6.0,-4,20.88786172118195,,0.0,0.0,0.0,0.0,47.84256801553333,optimal
2021-02-07 06:30:00,1,19,0.0,0.0,0.0,0.2552,11.7075,6.0,-4,20.855941342519127,,0.0,0.0,0.0,0.0,47.68529346305113,optimal
2021-02-07 07:00:00,1,19,0.0,0.0,0.0,0.288,12.348,6.0,-4,20.82393723102556,,0.0,0.0,0.0,0.0,47.52817618512141,optimal
2021-02-07 07:30:00,1,19,0.0,0.0,0.0,0.3222,12.348,6.0,-4,20.79447869878566,,0.0,0.0,0.0,0.0,47.37121602446962,optimal
2021-02-07 08:00:00,1,19,0.0,0.0,0.0,2.5231999999999997,12.1275,6.0,-4,20.761156076519438,,0.0,0.0,0.0,0.0,47.21441282397848,optimal
2021-02-07 08:30:00,1,19,0.0,0.0,0.0,1.2378,12.5265,6.0,-4,20.745794302983086,,0.0,0.0,0.0,0.0,47.057766426687834,optimal
2021-02-07 09:00:00,1,19,0.0,0.0,0.0,0.2805666666666667,11.7495,6.0,-4,20.722893690092295,,0.0,0.0,0.0,0.0,46.90127667579448,optimal
2021-02-07 09:30:00,1,19,0.0,0.0,0.0,0.33073333333333327,13.23,6.0,-4,20.687615211370446,,0.0,0.0,0.0,0.0,46.74494341465201,optimal
2021-02-07 10:00:00,1,19,0.0,0.0,0.0,0.5086333333333333,14.3325,6.0,-4,20.649320905308024,,0.0,0.0,0.0,0.0,46.588766486770695,optimal
2021-02-07 10:30:00,1,19,0.0,0.0,0.0,0.22506666666666664,14.994,6.0,-4,20.61577898748561,,0.0,0.0,0.0,0.0,46.43274573581726,optimal
2021-02-07 11:00:00,1,19,0.0,0.0,0.0,1.6164,14.8155,6.0,-4,20.576261913425782,,0.0,0.0,0.0,0.0,46.276881005614776,optimal
2021-02-07 11:30:00,1,19,0.0,0.0,0.0,0.22246666666666667,14.112,6.0,-4,20.547363181874935,,0.0,0.0,0.0,0.0,46.12117214014249,optimal
2021-02-07 12:00:00,1,19,0.0,0.0,0.0,0.3393,14.007,6.0,-4,20.51106673635921,,0.0,0.0,0.0,0.0,45.965618983535684,optimal
2021-02-07 12:30:00,1,19,0.0,0.0,0.0,0.2839333333333333,13.23,6.0,-4,20.474478670809102,,0.0,0.0,0.0,0.0,45.81022138008548,optimal
2021-02-07 13:00:00,1,19,0.0,0.0,0.0,0.234,11.382,6.0,-4,20.434818036126032,,0.0,0.0,0.0,0.0,45.654979174238726,optimal
2021-02-07 13:30:00,1,19,0.0,0.0,0.0,0.3597666666666667,11.7495,6.0,-4,20.393803540150763,,0.0,0.0,0.0,0.0,45.49989221059782,optimal
2021-02-07 14:00:00,1,19,0.0,0.0,0.0,0.24923333333333328,24.3285,6.0,-4,20.35791309407789,,0.0,0.0,0.0,0.0,45.344960333920554,optimal
2021-02-07 14:30:00,1,19,0.0,0.0,0.0,1.6615333333333333,28.917,6.0,-4,20.31956294177393,,0.0,0.0,0.0,0.0,45.190183389119966,optimal
2021-02-07 15:00:00,1,19,0.0,0.0,0.0,0.2309333333333333,31.3635,6.0,-4,20.284367983597416,,0.0,0.0,0.0,0.0,45.03556122126418,optimal
2021-02-07 15:30:00,1,19,0.0,0.0,0.0,1.2608666666666666,33.306,6.0,-4,20.24571074065203,,0.0,0.0,0.0,0.0,44.88109367557625,optimal
2021-02-07 16:00:00,1,19,0.0,0.0,0.0,0.29946666666666666,31.3425,6.0,-4,20.21352043338609,,0.0,0.0,0.0,0.0,44.72678059743401,optimal
2021-02-07 16:30:00,1,19,0.0,0.0,0.0,0.5488333333333334,28.2555,6.0,-4,20.1790625010464,,0.0,0.0,0.0,0.0,44.572621832369904,optimal
2021-02-07 17:00:00,1,19,0.0,0.0,0.0,1.2877,15.6975,6.0,-4,20.14848322626451,,0.0,0.0,0.0,0.0,44.418617226070864,optimal
2021-02-07 17:30:00,1,19,0.0,0.0,0.0,1.1949,12.5475,6.0,-4,20.126394187480443,,0.0,0.0,0.0,0.0,44.264766624378126,optimal
2021-02-07 18:00:00,1,19,0.0,0.0,0.0,0.6159333333333333,12.0855,6.0,-4,20.107423000522783,,0.0,0.0,0.0,0.0,44.11106987328708,optimal
2021-02-07 18:30:00,1,19,0.0,0.0,0.0,0.3945,11.907,6.0,-4,20.09501999686755,,0.0,0.0,0.0,0.0,43.95752681894712,optimal
2021-02-07 19:00:00,1,19,0.0,0.0,0.0,0.3916,12.5685,6.0,-4,20.078313507173785,,0.0,0.0,0.0,0.0,43.804137307661506,optimal
2021-02-07 19:30:00,1,19,0.0,0.0,0.0,0.43076666666666663,13.146,6.0,-4,20.05686749297352,,0.0,0.0,0.0,0.0,43.65090118588718,optimal
2021-02-07 20:00:00,1,19,0.0,0.0,0.0,0.253,10.584,6.0,-4,20.030698075814996,,0.0,0.0,0.0,0.0,43.49781830023463,optimal
2021-02-07 20:30:00,1,19,0.0,0.0,0.0,0.8325333333333333,6.678,6.0,-4,20.0,,0.0,0.0,0.0,0.0,43.34488849746773,optimal
2021-02-07 21:00:00,1,19,0.0,0.0,0.0,1.5829666666666666,7.938,6.0,-4,19.983790624114775,,0.0,0.0,0.0,0.0,43.192111624503596,optimal
2021-02-07 21:30:00,1,19,0.0,0.0,0.0,0.3542666666666667,5.292,6.0,-4,19.980441010652395,,0.0,0.0,0.0,0.0,43.14891951287909,optimal
2021-02-07 22:00:00,1,19,0.0,0.0,0.0,0.432,9.261,6.0,-4,19.959536628403946,,0.0,0.0,0.0,0.0,43.10577059336621,optimal
2021-02-07 22:30:00,1,19,0.0,0.0,0.0,0.3051333333333333,10.3635,6.0,-4,19.940096636787487,,0.0,0.0,0.0,0.0,43.062664822772845,optimal
2021-02-07 23:00:00,1,19,0.0,0.0,0.0,0.4392,8.274,6.0,-4,19.917062171354864,,0.0,0.0,0.0,0.0,43.019602157950075,optimal
2021-02-07 23:30:00,1,19,0.0,0.0,0.0,0.157,7.7175,6.0,-4,19.896759024281362,,0.0,0.0,0.0,0.0,42.97658255579213,optimal
2021-02-08 00:00:00,1,19,2.0,0.0,5.0,0.058,5.0925,6.0,-6,19.896759024281362,,7000.0,0.0,0.0,0.0,45.30860597323633,optimal
2021-02-08 00:30:00,1,19,2.0,0.0,5.0,0.055,4.1895,6.0,-6,19.997130908505,,0.0,0.0,7000.0,0.0,47.6382973672631,optimal
2021-02-08 01:00:00,1,19,2.0,0.0,0.0,0.055,7.056,6.0,-6,19.955813964342973,,5988.333333333333,0.0,1011.6666666666666,0.0,47.590659069895835,optimal
2021-02-08 01:30:00,1,19,2.0,0.0,2.2848874038569242,0.16040000000000001,5.271,6.0,-6,20.03559305687815,,7000.0,0.0,0.0,0.0,48.62838992765797,optimal
2021-02-08 02:00:00,1,19,2.0,0.0,0.0,0.086,7.938,6.0,-6,20.137605371237054,,7000.0,0.0,0.0,0.0,48.579761537730306,optimal
2021-02-08 02:30:00,1,19,2.0,0.0,0.0,0.055,7.938,6.0,-6,20.237720783458006,,7000.0,0.0,0.0,0.0,48.53118177619257,optimal
2021-02-08 03:00:00,1,19,1.1665783364594449,0.0,0.0,0.0736,11.907,6.0,-6,20.337080067795107,,4083.024177608057,0.0,0.0,0.0,48.48265059441637,optimal
2021-02-08 03:30:00,1,19,2.0,0.0,0.0,0.1728,11.025,6.0,-6,20.377752368050462,,7000.0,0.0,0.0,0.0,48.434167943821954,optimal
2021-02-08 04:00:00,1,19,2.0,0.0,0.0,0.055,11.2875,6.0,-6,20.479129013106483,,7000.0,0.0,0.0,0.0,48.38573377587813,optimal
2021-02-08 04:30:00,1,19,0.0,0.0,0.0,0.19140000000000001,12.936,6.0,-6,20.577733543472505,,0.0,0.0,0.0,0.0,48.33734804210225,optimal
2021-02-08 05:00:00,1,19,0.0,0.0,0.0,0.055,13.0095,6.0,-6,20.537150663070012,,0.0,0.0,0.0,0.0,48.289010694060146,optimal
2021-02-08 05:30:00,1,19,0.0,0.0,0.0,0.117,13.671,6.0,-6,20.493658048556092,,0.0,0.0,0.0,0.0,48.240721683366075,optimal
2021-02-08 06:00:00,1,19,0.0,0.0,0.0,0.2555666666666666,13.188,6.0,-6,20.451401235408063,,0.0,0.0,0.0,0.0,48.192480961682705,optimal
2021-02-08 06:30:00,1,19,0.0,0.0,0.0,0.09086666666666667,13.8495,6.0,-6,20.416832240257975,,0.0,0.0,0.0,0.0,48.144288480721016,optimal
2021-02-08 07:00:00,1,19,0.0,0.0,0.0,0.2969,13.23,6.0,-6,20.380217009011815,,0.0,0.0,0.0,0.0,48.096144192240295,optimal
2021-02-08 07:30:00,1,19,0.0,0.0,0.0,0.2865,13.3665,6.0,-6,20.34777428284512,,0.0,0.0,0.0,0.0,48.048048048048045,optimal
2021-02-08 08:00:00,1,19,0.0,0.0,0.0,0.5811666666666666,13.0515,6.0,-6,20.316354118377184,,0.0,0.0,0.0,0.0,48.0,optimal
2021-02-08 08:30:00,1,19,0.0,0.0,0.0,0.15180000000000002,13.5345,6.0,-6,20.288975326458544,,0.0,0.0,0.0,0.0,47.740947704602284,optimal
2021-02-08 09:00:00,1,19,0.0,0.0,0.0,0.1146,14.154,6.0,-6,20.240831621951596,,0.0,0.0,0.0,0.0,47.48215446149997,optimal
2021-02-08 09:30:00,1,19,0.0,0.0,0.0,0.07740000000000001,14.112,6.0,-6,20.19180201608172,,0.0,0.0,0.0,0.0,47.223620011640755,optimal
2021-02-08 10:00:00,1,19,0.0,0.0,0.0,0.189,14.2485,6.0,-6,20.142536308051483,,0.0,0.0,0.0,0.0,46.9653440962314,optimal
2021-02-08 10:30:00,1,19,0.0,0.0,0.0,0.065,12.789,6.0,-6,20.096041484513925,,0.0,0.0,0.0,0.0,46.707326456737455,optimal
2021-02-08 11:00:00,1,19,0.0,0.0,0.0,0.2014,13.0095,6.0,-6,20.046773268919203,,0.0,0.0,0.0,0.0,46.449566834883,optimal
2021-02-08 11:30:00,1,19,2.0,0.0,0.0,0.065,12.1275,6.0,-6,20.0,,7000.0,0.0,0.0,0.0,46.19206497265041,optimal
2021-02-08 12:00:00,1,19,1.781003762899058,0.0,0.0,0.12079999999999999,12.348,6.0,-6,20.09227989769824,,6233.5131701467035,0.0,0.0,0.0,45.93482061228004,optimal
2021-02-08 12:30:00,1,19,2.0,0.0,0.0,0.1456,12.348,6.0,-6,20.170220986906084,,7000.0,0.0,0.0,0.0,45.67783349627005,optimal
2021-02-08 13:00:00,1,19,0.0,0.0,0.0,0.065,25.389,6.0,-6,20.264465468135793,,0.0,0.0,0.0,0.0,45.42110336737606,optimal
2021-02-08 13:30:00,1,19,0.0,0.0,0.0,0.2014,29.1375,6.0,-6,20.215926543123555,,0.0,0.0,0.0,0.0,45.164629968610974,optimal
2021-02-08 14:00:00,1,19,0.0,0.0,0.0,0.065,30.597,6.0,-6,20.170528179734465,,0.0,0.0,0.0,0.0,44.90841304324465,optimal
2021-02-08 14:30:00,1,19,0.0,0.0,0.0,0.1456,33.684,6.0,-6,20.122750559053753,,0.0,0.0,0.0,0.0,44.65245233480369,optimal
2021-02-08 15:00:00,1,19,0.0,0.0,0.0,1.6854666666666667,32.445,6.0,-6,20.076336632411483,,0.0,0.0,0.0,0.0,44.396747587071175,optimal
2021-02-08 15:30:00,1,19,0.0,0.0,0.0,0.6012666666666666,28.917,6.0,-6,20.0515637654747,,0.0,0.0,0.0,0.0,44.14129854408639,optimal
2021-02-08 16:00:00,1,19,0.0,0.0,0.0,0.33116666666666666,15.876,6.0,-6,20.02453999774932,,0.0,0.0,0.0,0.0,43.88610495014459,optimal
2021-02-08 16:30:00,1,19,0.4315485275448468,0.0,0.0,0.10733333333333331,12.348,6.0,-6,20.0,,1510.4198464069639,0.0,0.0,0.0,43.63116654979673,optimal
2021-02-08 17:00:00,1,19,0.6743808945546559,0.0,0.0,1.5187666666666668,12.1275,6.0,-6,20.0,,2360.3331309412956,0.0,0.0,0.0,43.37648308784922,optimal
2021-02-08 17:30:00,1,19,0.0,0.0,0.0,0.2072333333333333,12.348,6.0,-6,20.028422439061053,,0.0,0.0,0.0,0.0,43.12205430936366,optimal
2021-02-08 18:00:00,1,19,0.37952170991763007,0.0,0.0,0.1879333333333333,12.1275,6.0,-6,20.0,,1328.3259847117051,0.0,0.0,0.0,42.867879959656584,optimal
2021-02-08 18:30:00,1,19,0.38022371774325847,0.0,0.0,0.2709,12.1275,6.0,-6,20.0,,1330.7830121014047,0.0,0.0,0.0,42.61395978429921,optimal
2021-02-08 19:00:00,1,19,0.4898019160450411,0.0,0.0,0.4794,11.2665,6.0,-6,20.0,,1087.3067061576437,0.0,627.0,0.0,42.3602935291172,optimal
2021-02-08 19:30:00,1,19,1.0378991382982328,0.0,0.0,0.2394,10.143,6.0,-6,20.0,,2448.313650710482,0.0,1184.3333333333333,0.0,42.10688094019037,optimal
2021-02-08 20:00:00,1,19,0.0,0.0,0.0,0.31376666666666664,11.2455,6.0,-6,20.021947295160924,,0.0,0.0,0.0,0.0,41.85372176385247,optimal
2021-02-08 20:30:00,1,19,0.0,0.0,0.0,0.5161,11.025,6.0,-6,20.0,,0.0,0.0,0.0,0.0,41.600815746690905,optimal
2021-02-08 21:00:00,1,19,1.831238095238095,0.0,0.0,0.2641,5.9745,6.0,-6,19.98064275638704,,0.0,0.0,6409.333333333333,0.0,41.3481626355465,optimal
2021-02-08 21:30:00,1,19,0.0,0.0,0.0,0.3581333333333333,7.938,6.0,-6,19.955152797249294,,0.0,0.0,0.0,0.0,41.095762177513244,optimal
2021-02-08 22:00:00,1,19,0.0,0.0,0.0,0.3433333333333333,8.6835,6.0,-6,19.933127102011163,,0.0,0.0,0.0,0.0,40.84361411993802,optimal
2021-02-08 22:30:00,1,19,0.0,0.0,0.0,0.6258666666666667,7.665,6.0,-6,19.91042899576529,,0.0,0.0,0.0,0.0,40.59171821042037,optimal
2021-02-08 23:00:00,1,19,0.0,0.0,0.0,0.2661,6.7725,6.0,-6,19.887467564349098,,0.0,0.0,0.0,0.0,40.551126492209946,optimal
2021-02-08 23:30:00,1,19,0.0,0.0,0.0,0.2186,5.5755,6.0,-6,19.856251412084664,,0.0,0.0,0.0,0.0,40.510575365717735,optimal
2021-02-09 00:00:00,1,19,0.0,0.0,0.0,0.06,33.327,6.0,12,19.856251412084664,,0.0,0.0,0.0,0.0,40.47006479035202,optimal
2021-02-09 00:30:00,1,19,0.0,0.0,0.0,0.06,31.122,6.0,12,19.807975889617857,,0.0,0.0,0.0,0.0,40.429594725561664,optimal
2021-02-09 01:00:00,1,19,0.39809523809523806,0.0,0.0,0.078,17.9025,6.0,12,19.75995490299903,,0.0,0.0,1393.3333333333333,0.0,40.389165130836105,optimal
2021-02-09 01:30:00,1,19,0.0,0.0,0.0,0.06,15.6555,6.0,12,19.716235352336934,,0.0,0.0,0.0,0.0,40.34877596570527,optimal
2021-02-09 02:00:00,1,19,0.0,0.0,1.4665000111716011,0.06,14.553,6.0,12,19.668322474663096,,0.0,0.0,0.0,0.0,41.00501469504607,optimal
2021-02-09 02:30:00,1,19,0.0,0.0,5.0,0.06,14.3325,6.0,12,19.62027469015267,,0.0,0.0,0.0,0.0,43.339009680351026,optimal
2021-02-09 03:00:00,1,19,0.0,0.0,5.0,0.06,13.335,6.0,12,19.57248085164371,,0.0,0.0,0.0,0.0,45.670670670670674,optimal
2021-02-09 03:30:00,1,19,0.5440924503240381,0.0,5.0,0.074,12.1275,6.0,12,19.52494030141028,,1904.3235761341332,0.0,0.0,0.0,48.0,optimal
2021-02-09 04:00:00,1,19,0.0,0.0,0.0,0.06533333333333333,12.2955,6.0,12,19.5168699312624,,0.0,0.0,0.0,0.0,47.77066953368329,optimal
2021-02-09 04:30:00,1,19,2.0,0.0,0.0,0.06,11.6865,6.0,12,19.468294272796417,,7000.0,0.0,0.0,0.0,47.5415683978329,optimal
2021-02-09 05:00:00,1,19,2.0,0.0,0.0,0.06,11.466,6.0,12,19.56101428702409,,7000.0,0.0,0.0,0.0,47.312696363118356,optimal
2021-02-09 05:30:00,1,19,2.0,0.0,0.0,0.06,10.8045,6.0,12,19.653235152012837,,7000.0,0.0,0.0,0.0,47.084053200438525,optimal
2021-02-09 06:00:00,1,19,2.0,0.0,0.0,0.06966666666666667,10.584,6.0,12,19.74521716285477,,7000.0,0.0,0.0,0.0,46.85563868092138,optimal
2021-02-09 06:30:00,1,19,2.0,0.0,0.0,0.06066666666666666,11.2455,6.0,12,19.83696093818759,,7000.0,0.0,0.0,0.0,46.62745257592375,optimal
2021-02-09 07:00:00,1,19,2.0,0.0,0.0,0.06,12.1275,6.0,12,19.928337593904615,,7000.0,0.0,0.0,0.0,46.39949465703111,optimal
2021-02-09 07:30:00,1,19,2.0,0.0,0.0,0.06,11.823,6.0,12,20.019348080854034,,7000.0,0.0,0.0,0.0,46.17176469605737,optimal
2021-02-09 08:00:00,1,19,2.0,0.0,0.0,0.06333333333333334,11.7705,6.0,12,20.109863846279225,,7000.0,0.0,0.0,0.0,45.94426246504461,optimal
2021-02-09 08:30:00,1,19,2.0,0.0,0.0,0.06,11.13,6.0,12,20.199886171540495,,7000.0,0.0,0.0,0.0,45.71698773626286,optimal
2021-02-09 09:00:00,1,19,2.0,0.0,0.0,0.06,11.6865,6.0,12,20.290063840349337,,7000.0,0.0,0.0,0.0,45.489940282209886,optimal
2021-02-09 09:30:00,1,19,2.0,0.0,0.0,0.06,10.7205,6.0,12,20.38039645141558,,7000.0,0.0,0.0,0.0,45.26311987561097,optimal
2021-02-09 10:00:00,1,19,2.0,0.0,0.0,0.06466666666666668,11.424,6.0,12,20.471272105808342,,7000.0,0.0,0.0,0.0,45.036526289418646,optimal
2021-02-09 10:30:00,1,19,2.0,0.0,0.0,0.06766666666666667,10.689,6.0,12,20.562689398835545,,7000.0,0.0,0.0,0.0,44.81015929681252,optimal
2021-02-09 11:00:00,1,19,2.0,0.0,0.0,0.06,11.361,6.0,12,20.65451742469612,,7000.0,0.0,0.0,0.0,44.584018671199,optimal
2021-02-09 11:30:00,1,19,2.0,0.0,0.0,0.06,11.571,6.0,12,20.746755121263668,,7000.0,0.0,0.0,0.0,44.35810418621109,optimal
2021-02-09 12:00:00,1,19,0.0,0.0,0.0,0.06,14.3745,6.0,12,20.838883421232318,,0.0,0.0,0.0,0.0,44.13241561570817,optimal
2021-02-09 12:30:00,1,19,0.0,0.0,0.0,0.063,13.23,6.0,12,20.789473746203594,,0.0,0.0,0.0,0.0,43.90695273377575,optimal
2021-02-09 13:00:00,1,19,0.0,0.0,0.0,0.06533333333333333,13.9755,6.0,12,20.740062542219714,,0.0,0.0,0.0,0.0,43.68171531472527,optimal
2021-02-09 13:30:00,1,19,0.0,0.0,0.0,0.06,14.994,6.0,12,20.690649813524246,,0.0,0.0,0.0,0.0,43.45670313309383,optimal
2021-02-09 14:00:00,1,19,0.0,0.0,0.0,0.06,13.671,6.0,12,20.641235563782683,,0.0,0.0,0.0,0.0,43.23191596364403,optimal
2021-02-09 14:30:00,1,19,0.0,0.0,0.0,0.06,15.981,6.0,12,20.591819796590272,,0.0,0.0,0.0,0.0,43.007353581363674,optimal
2021-02-09 15:00:00,1,19,0.0,0.0,0.0,0.06,15.6345,6.0,12,20.542402516221543,,0.0,0.0,0.0,0.0,42.7830157614656,optimal
2021-02-09 15:30:00,1,19,0.0,0.0,0.0,0.06,16.5375,6.0,12,20.492983725238687,,0.0,0.0,0.0,0.0,42.558902279387425,optimal
2021-02-09 16:00:00,1,19,0.0,0.0,0.0,0.06466666666666668,14.7735,6.0,12,20.4436929300533,,0.0,0.0,0.0,0.0,42.33501291079133,optimal
2021-02-09 16:30:00,1,19,0.0,0.0,0.0,0.07,15.2145,6.0,12,20.394529797290037,,0.0,0.0,0.0,0.0,42.11134743156383,optimal
2021-02-09 17:00:00,1,19,0.0,0.0,0.0,0.06366666666666666,14.553,6.0,12,20.345234995879423,,0.0,0.0,0.0,0.0,41.887905617815555,optimal
2021-02-09 17:30:00,1,19,0.0,0.0,0.0,0.06,14.3325,6.0,12,20.295808864962723,,0.0,0.0,0.0,0.0,41.664687245881034,optimal
2021-02-09 18:00:00,1,19,0.0,0.0,0.0,0.06,14.595,6.0,12,20.246251746569897,,0.0,0.0,0.0,0.0,41.44169209231844,optimal
2021-02-09 18:30:00,1,19,0.0,0.0,0.0,0.06,14.994,6.0,12,20.19656397939441,,0.0,0.0,0.0,0.0,41.21891993390941,optimal
2021-02-09 19:00:00,1,19,0.0,0.0,0.0,0.06,14.3325,6.0,12,20.14713440581296,,0.0,0.0,0.0,0.0,40.99637054765879,optimal
2021-02-09 19:30:00,1,19,0.0,0.0,0.0,0.06466666666666668,13.8915,6.0,12,20.097962357098236,,0.0,0.0,0.0,0.0,40.77404371079442,optimal
2021-02-09 20:00:00,1,19,0.0,0.0,0.0,0.06533333333333333,13.8915,6.0,12,20.04891766511286,,0.0,0.0,0.0,0.0,40.55193920076692,optimal
2021-02-09 20:30:00,1,19,0.0,0.0,0.0,0.06466666666666668,13.4715,6.0,12,20.0,,0.0,0.0,0.0,0.0,40.33005679524944,optimal
2021-02-09 21:00:00,1,19,0.0,0.0,0.0,0.06666666666666667,13.23,6.0,12,19.950950030472967,,0.0,0.0,0.0,0.0,40.10839627213748,optimal
2021-02-09 21:30:00,1,19,0.0,0.0,0.0,0.06,13.8915,6.0,12,19.901768099203217,,0.0,0.0,0.0,0.0,39.886957409548636,optimal
2021-02-09 22:00:00,1,19,0.0,0.0,0.0,0.062,26.9325,6.0,12,19.8521955456905,,0.0,0.0,0.0,0.0,39.66573998582238,optimal
2021-02-09 22:30:00,1,19,0.0,0.0,0.0,0.06533333333333333,30.303,6.0,12,19.802233381655345,,0.0,0.0,0.0,0.0,39.44474377951985,optimal
2021-02-09 23:00:00,1,19,0.0,0.0,0.0,0.06,32.886,6.0,12,19.752530121908357,,0.0,0.0,0.0,0.0,39.22396856942362,optimal
2021-02-09 23:30:00,1,19,0.0,0.0,0.0,0.06,34.9965,6.0,12,19.703085095881516,,0.0,0.0,0.0,0.0,39.003414134537486,optimal
2021-02-10 00:00:00,1,19,0.0,0.0,0.0,0.0714,34.9965,6.0,13,19.703085095881516,,0.0,0.0,0.0,0.0,38.964410720402945,optimal
2021-02-10 00:30:00,1,19,0.0,0.0,0.0,0.4476333333333333,34.9965,6.0,13,19.662141574179415,,0.0,0.0,0.0,0.0,38.92544630968254,optimal
2021-02-10 01:00:00,1,19,0.0,0.0,0.0,0.20056666666666664,34.9965,6.0,13,19.62839064060095,,0.0,0.0,0.0,0.0,38.88652086337286,optimal
2021-02-10 01:30:00,1,19,0.0,0.0,0.0,0.20266666666666663,27.741,6.0,13,19.58992758045693,,0.0,0.0,0.0,0.0,38.84763434250949,optimal
2021-02-10 02:00:00,1,19,0.0,0.0,0.0,0.1906,19.026,6.0,13,19.549030827423273,,0.0,0.0,0.0,0.0,38.80878670816698,optimal
2021-02-10 02:30:00,1,19,0.0,0.0,0.0,0.19353333333333333,18.7215,6.0,13,19.507737199209117,,0.0,0.0,0.0,0.0,38.76997792145881,optimal
2021-02-10 03:00:00,1,19,0.0,0.0,0.0,0.1746,17.4195,6.0,13,19.466609787863526,,0.0,0.0,0.0,0.0,38.73120794353735,optimal
2021-02-10 03:30:00,1,19,0.0,0.0,0.0,0.18953333333333333,16.758,6.0,13,19.4252063660521,,0.0,0.0,0.0,0.0,38.692476735593814,optimal
2021-02-10 04:00:00,1,19,0.0,0.0,0.0,0.20966666666666664,14.217,6.0,13,19.384211894956447,,0.0,0.0,0.0,0.0,38.653784258858224,optimal
2021-02-10 04:30:00,1,19,1.5129783005388446,0.0,0.0,0.20353333333333334,13.3665,6.0,13,19.34373037682589,,4250.424051885956,0.0,1044.9999999999998,0.0,38.61513047459937,optimal
2021-02-10 05:00:00,1,19,2.0,0.0,0.0,0.08059999999999999,12.789,6.0,13,19.388846877352982,,7000.0,0.0,0.0,0.0,38.57651534412477,optimal
2021-02-10 05:30:00,1,19,2.0,0.0,0.0,0.20966666666666664,11.907,6.0,13,19.486656534012823,,7000.0,0.0,0.0,0.0,38.537938828780646,optimal
2021-02-10 06:00:00,1,19,2.0,0.0,0.45794360032845677,0.13793333333333332,11.7075,6.0,13,19.586561537987397,,7000.0,0.0,0.0,0.0,38.716924100107875,optimal
2021-02-10 06:30:00,1,19,2.0,0.0,5.0,0.18619999999999998,10.8045,6.0,13,19.68449947432601,,7000.0,0.0,0.0,0.0,41.05320717600776,optimal
2021-02-10 07:00:00,1,19,2.0,0.0,5.0,1.5884,11.508,6.0,13,19.783676939424115,,7000.0,0.0,0.0,0.0,43.38715396883175,optimal
2021-02-10 07:30:00,1,19,2.0,0.0,5.0,0.14,11.508,6.0,13,19.896137229334357,,7000.0,0.0,0.0,0.0,45.71876681486292,optimal
2021-02-10 08:00:00,1,19,1.7687977894904063,0.0,5.0,0.2009,11.508,6.0,13,20.0,,2983.3389298830884,0.0,3207.4533333333334,0.0,48.048048048048045,optimal
2021-02-10 08:30:00,1,19,0.0,0.0,0.0,0.3456666666666667,11.844,6.0,13,20.029434447603435,,0.0,0.0,0.0,0.0,48.0,optimal
2021-02-10 09:00:00,1,19,1.738801343198991,0.0,0.0,0.5075333333333334,11.508,6.0,13,20.0,,1627.401595890576,0.0,4458.4031053058925,0.0,47.70586070676855,optimal
2021-02-10 09:30:00,1,19,2.0,0.0,0.0,0.28286666666666666,11.508,6.0,13,20.0,,4076.5231053058924,0.0,2923.4768946941076,0.0,47.412015552830326,optimal
2021-02-10 10:00:00,1,19,2.0,0.0,0.0,1.5551333333333335,10.4475,6.0,13,20.036069479764723,,7000.0,0.0,0.0,0.0,47.118464244046045,optimal
2021-02-10 10:30:00,1,19,2.0,0.0,0.0,1.7247999999999999,10.8675,6.0,13,20.153184130276603,,7000.0,0.0,0.0,0.0,46.82520648657055,optimal
2021-02-10 11:00:00,1,19,2.0,0.0,0.0,0.15056666666666665,10.542,6.0,13,20.263327597194554,,7000.0,0.0,0.0,0.0,46.532241986852526,optimal
2021-02-10 11:30:00,1,19,2.0,0.0,0.0,0.2783333333333333,11.025,6.0,13,20.3573933512071,,7000.0,0.0,0.0,0.0,46.23957045163422,optimal
2021-02-10 12:00:00,1,19,2.0,0.0,0.0,0.3643333333333333,11.025,6.0,13,20.45306588649546,,7000.0,0.0,0.0,0.0,45.94719158795114,optimal
2021-02-10 12:30:00,1,19,0.0,0.0,0.0,0.37376666666666664,14.553,6.0,13,20.55543719652099,,0.0,0.0,0.0,0.0,45.65510510313174,optimal
2021-02-10 13:00:00,1,19,0.0,0.0,0.0,0.4608,13.0935,6.0,13,20.51744325744296,,0.0,0.0,0.0,0.0,45.36331070479716,optimal
2021-02-10 13:30:00,1,19,0.0,0.0,0.0,0.315,15.6345,6.0,13,20.48118493070736,,0.0,0.0,0.0,0.0,45.071808100860906,optimal
2021-02-10 14:00:00,1,19,0.0,0.0,0.0,0.7592333333333333,18.102,6.0,13,20.442565818430303,,0.0,0.0,0.0,0.0,44.7805969995286,optimal
2021-02-10 14:30:00,1,19,0.0,0.0,0.0,0.4006,17.199,6.0,13,20.412597220824424,,0.0,0.0,0.0,0.0,44.48967710929762,optimal
2021-02-10 15:00:00,1,19,0.0,0.0,0.0,0.5013,18.2805,6.0,13,20.375682615850316,,0.0,0.0,0.0,0.0,44.19904813895687,optimal
2021-02-10 15:30:00,1,19,0.0,0.0,0.0,1.0438333333333332,17.4615,6.0,13,20.34580104179236,,0.0,0.0,0.0,0.0,43.90870979758646,optimal
2021-02-10 16:00:00,1,19,0.0,0.0,0.0,0.38576666666666665,18.3225,6.0,13,20.322076176844895,,0.0,0.0,0.0,0.0,43.618661794557426,optimal
2021-02-10 16:30:00,1,19,0.0,0.0,0.0,0.692,17.094,6.0,13,20.290949922808622,,0.0,0.0,0.0,0.0,43.328903839531414,optimal
2021-02-10 17:00:00,1,19,0.0,0.0,0.0,0.3735,17.094,6.0,13,20.264011005730172,,0.0,0.0,0.0,0.0,43.03943564246043,optimal
2021-02-10 17:30:00,1,19,0.0,0.0,0.0,0.38526666666666665,17.094,6.0,13,20.229057410404035,,0.0,0.0,0.0,0.0,42.75025691358652,optimal
2021-02-10 18:00:00,1,19,0.0,0.0,0.0,0.5337666666666666,17.3565,6.0,13,20.19702985240735,,0.0,0.0,0.0,0.0,42.46136736344148,optimal
2021-02-10 18:30:00,1,19,0.0,0.0,0.0,0.4649,17.115,6.0,13,20.168912101550188,,0.0,0.0,0.0,0.0,42.17276670284659,optimal
2021-02-10 19:00:00,1,19,0.0,0.0,0.0,0.14343333333333333,17.241,6.0,13,20.133806297613194,,0.0,0.0,0.0,0.0,41.88445464291229,optimal
2021-02-10 19:30:00,1,19,0.0,0.0,0.0,0.19326666666666667,17.094,6.0,13,20.097017285403307,,0.0,0.0,0.0,0.0,41.596430895037926,optimal
2021-02-10 20:00:00,1,19,0.0,0.0,0.0,0.2067333333333333,16.5165,6.0,13,20.050292583546035,,0.0,0.0,0.0,0.0,41.308695170911435,optimal
2021-02-10 20:30:00,1,19,0.0,0.0,0.0,0.21416666666666662,17.8185,6.0,13,20.0,,0.0,0.0,0.0,0.0,41.02124718250907,optimal
2021-02-10 21:00:00,1,19,0.0,0.0,0.0,0.2541333333333333,17.094,6.0,13,19.951144687416758,,0.0,0.0,0.0,0.0,40.734086642095114,optimal
2021-02-10 21:30:00,1,19,0.0,0.0,0.0,0.3233333333333333,16.8945,6.0,13,19.906218805926716,,0.0,0.0,0.0,0.0,40.44721326222157,optimal
2021-02-10 22:00:00,1,19,0.0,0.0,0.0,0.26613333333333333,18.123,6.0,13,19.861685146439086,,0.0,0.0,0.0,0.0,40.1606267557279,optimal
2021-02-10 22:30:00,1,19,0.0,0.0,0.0,1.514233333333333,31.647,6.0,13,19.811513782705187,,0.0,0.0,0.0,0.0,39.87432683574072,optimal
2021-02-10 23:00:00,1,19,0.0,0.0,0.0,0.31310000000000004,34.9965,6.0,13,19.769891256516555,,0.0,0.0,0.0,0.0,39.834452508904974,optimal
2021-02-10 23:30:00,1,19,0.0,0.0,0.0,0.19746666666666668,34.9965,6.0,13,19.727147687937386,,0.0,0.0,0.0,0.0,39.79461805639607,optimal
2021-02-11 00:00:00,1,19,2.0,0.0,0.0,0.06233333333333334,12.0855,6.0,-1,19.727147687937386,,6791.0,0.0,209.0,0.0,39.75482343833967,optimal
2021-02-11 00:30:00,1,19,2.0,0.0,0.0,0.06666666666666667,11.6865,6.0,-1,19.816953633245994,,0.0,0.0,7000.0,0.0,39.715068614901334,optimal
2021-02-11 01:00:00,1,19,2.0,0.0,0.0,0.067,11.2245,6.0,-1,19.765525486170194,,5452.443832550346,0.0,1547.556167449654,0.0,39.67535354628643,optimal
2021-02-11 01:30:00,1,19,2.0,0.0,0.0,0.18946666666666667,11.025,6.0,-1,19.823796080902376,,7000.0,0.0,0.0,0.0,39.635678192740144,optimal
2021-02-11 02:00:00,1,19,2.0,0.0,5.0,0.06066666666666666,10.7835,6.0,-1,19.91565710067285,,7000.0,0.0,0.0,0.0,41.971042514547406,optimal
2021-02-11 02:30:00,1,19,2.0,0.0,0.0,0.15719999999999998,11.025,6.0,-1,20.004805866673646,,7000.0,0.0,0.0,0.0,41.92907147203286,optimal
2021-02-11 03:00:00,1,19,2.0,0.0,5.0,0.07926666666666667,10.584,6.0,-1,20.095489186201977,,7000.0,0.0,0.0,0.0,44.262142400560826,optimal
2021-02-11 03:30:00,1,19,2.0,0.0,3.871390122703815,0.07926666666666667,11.025,6.0,-1,20.18410405690342,,7000.0,0.0,0.0,0.0,46.056790566444576,optimal
2021-02-11 04:00:00,1,19,2.0,0.0,5.0,0.15719999999999998,10.4265,6.0,-1,20.27313691877607,,7000.0,0.0,0.0,0.0,48.38573377587813,optimal
2021-02-11 04:30:00,1,19,2.0,0.0,0.0,0.09143333333333334,12.789,6.0,-1,20.364161263887016,,7000.0,0.0,0.0,0.0,48.33734804210225,optimal
2021-02-11 05:00:00,1,19,2.0,0.0,0.0,0.15163333333333331,12.684,6.0,-1,20.456072529648182,,7000.0,0.0,0.0,0.0,48.289010694060146,optimal
2021-02-11 05:30:00,1,19,2.0,0.0,0.0,0.08483333333333333,16.254,6.0,-1,20.546510597728833,,7000.0,0.0,0.0,0.0,48.240721683366075,optimal
2021-02-11 06:00:00,1,19,0.0,0.0,0.0,0.06333333333333334,17.64,6.0,-1,20.636012299423186,,0.0,0.0,0.0,0.0,48.192480961682705,optimal
2021-02-11 06:30:00,1,19,0.0,0.0,0.0,0.20980000000000001,19.1625,6.0,-1,20.583938484365596,,0.0,0.0,0.0,0.0,48.144288480721016,optimal
2021-02-11 07:00:00,1,19,0.0,0.0,0.0,0.7943333333333333,26.46,6.0,-1,20.536367299954303,,0.0,0.0,0.0,0.0,48.096144192240295,optimal
2021-02-11 07:30:00,1,19,0.0,0.0,0.0,0.6846666666666666,20.79,6.0,-1,20.504326617229594,,0.0,0.0,0.0,0.0,48.048048048048045,optimal
2021-02-11 08:00:00,1,19,0.0,0.0,0.0,0.25266666666666665,29.106,6.0,-1,20.47427638459515,,0.0,0.0,0.0,0.0,48.0,optimal
2021-02-11 08:30:00,1,19,0.0,0.0,0.0,0.2138333333333333,19.1835,6.0,-1,20.44248041870273,,0.0,0.0,0.0,0.0,47.66940890766463,optimal
2021-02-11 09:00:00,1,19,0.0,0.0,0.0,0.18946666666666667,19.6665,6.0,-1,20.39624659498557,,0.0,0.0,0.0,0.0,47.3391484064216,optimal
2021-02-11 09:30:00,1,19,0.0,0.0,0.0,0.067,19.404,6.0,-1,20.33955938670485,,0.0,0.0,0.0,0.0,47.00921816567981,optimal
2021-02-11 10:00:00,1,19,0.0,0.0,0.0,0.067,19.047,6.0,-1,20.284818205647202,,0.0,0.0,0.0,0.0,46.67961785517877,optimal
2021-02-11 10:30:00,1,19,0.0,0.0,0.0,0.12266666666666669,18.858,6.0,-1,20.234492345415717,,0.0,0.0,0.0,0.0,46.35034714498823,optimal
2021-02-11 11:00:00,1,19,0.0,0.0,0.0,0.1338,19.2675,6.0,-1,20.183867512802227,,0.0,0.0,0.0,0.0,46.021405705507874,optimal
2021-02-11 11:30:00,1,19,0.0,0.0,0.0,0.07256666666666667,18.963,6.0,-1,20.132044726957616,,0.0,0.0,0.0,0.0,45.692793207467,optimal
2021-02-11 12:00:00,1,19,0.0,0.0,0.0,0.3469,18.438,6.0,-1,20.08106151462833,,0.0,0.0,0.0,0.0,45.36450932192417,optimal
2021-02-11 12:30:00,1,19,0.0,0.0,0.0,0.2722,18.7425,6.0,-1,20.040034631654898,,0.0,0.0,0.0,0.0,45.03655372026688,optimal
2021-02-11 13:00:00,1,19,2.0,0.0,0.0,0.39466666666666667,15.2145,6.0,-1,20.0,,4749.222834116321,0.0,2250.7771658836796,0.0,44.70892607421125,optimal
2021-02-11 13:30:00,1,19,0.0,0.0,0.0,1.3189333333333333,17.7765,6.0,-1,20.061877934610948,,0.0,0.0,0.0,0.0,44.38162605580167,optimal
2021-02-11 14:00:00,1,19,0.287176944597311,0.0,0.0,0.3798333333333333,16.758,6.0,-1,20.0376768244305,,1005.1193060905886,0.0,0.0,0.0,44.0546533374105,optimal
2021-02-11 14:30:00,1,19,2.0,0.0,0.0,0.09483333333333331,16.422,6.0,-1,20.022849235413478,,7000.0,0.0,0.0,0.0,43.72800759173772,optimal
2021-02-11 15:00:00,1,19,2.0,0.0,0.0,0.067,16.758,6.0,-1,20.118948627441387,,7000.0,0.0,0.0,0.0,43.40168849181062,optimal
2021-02-11 15:30:00,1,19,0.0,0.0,0.0,1.4265333333333332,29.358,6.0,-1,20.213330262358983,,0.0,0.0,0.0,0.0,43.07569571098344,optimal
2021-02-11 16:00:00,1,19,0.0,0.0,0.0,0.19513333333333333,34.9965,6.0,-1,20.189227091027345,,0.0,0.0,0.0,0.0,42.75002892293709,optimal
2021-02-11 16:30:00,1,19,0.0,0.0,0.0,1.2735666666666665,34.65,6.0,-1,20.15218388038301,,0.0,0.0,0.0,0.0,42.424687801678786,optimal
2021-02-11 17:00:00,1,19,0.0,0.0,0.0,0.48786666666666667,34.9965,6.0,-1,20.11686027968518,,0.0,0.0,0.0,0.0,42.09967202154174,optimal
2021-02-11 17:30:00,1,19,0.0,0.0,0.0,1.1227333333333331,34.9965,6.0,-1,20.084072659098993,,0.0,0.0,0.0,0.0,41.774981257184834,optimal
2021-02-11 18:00:00,1,19,0.0,0.0,0.0,0.3061666666666667,30.4815,6.0,-1,20.06468407059941,,0.0,0.0,0.0,0.0,41.450615183592284,optimal
2021-02-11 18:30:00,1,19,0.0,0.0,0.0,0.23163333333333333,21.4305,6.0,-1,20.033152777435674,,0.0,0.0,0.0,0.0,41.126573476073325,optimal
2021-02-11 19:00:00,1,19,0.4414587382114755,0.0,0.0,0.8974,14.3325,6.0,-1,20.0,,987.7722504068311,0.0,557.3333333333333,0.0,40.80285581026189,optimal
2021-02-11 19:30:00,1,19,1.0726114660989017,0.0,0.0,0.5097,13.692,6.0,-1,20.0,,3684.473464679489,0.0,69.66666666666666,0.0,40.47946186211626,optimal
2021-02-11 20:00:00,1,19,0.0,0.0,0.0,0.17036666666666667,14.007,6.0,-1,20.042641078005154,,0.0,0.0,0.0,0.0,40.156391307918774,optimal
2021-02-11 20:30:00,1,19,0.0398095238095238,0.0,0.0,0.37839999999999996,12.873,6.0,-1,20.0,,0.0,0.0,139.33333333333331,0.0,39.83364382427549,optimal
2021-02-11 21:00:00,1,19,0.6767619047619047,0.0,0.0,0.35596666666666665,12.684,6.0,-1,19.9630373357705,,0.0,0.0,2368.6666666666665,0.0,39.79381018045122,optimal
2021-02-11 21:30:00,1,19,0.0796190476190476,0.0,0.0,0.20953333333333332,12.306,6.0,-1,19.930437232556468,,0.0,0.0,278.66666666666663,0.0,39.75401637027077,optimal
2021-02-11 22:00:00,1,19,0.0,0.0,0.0,0.1398,10.6365,6.0,-1,19.894537390036575,,0.0,0.0,0.0,0.0,39.714262353900494,optimal
2021-02-11 22:30:00,1,19,0.0,0.0,0.0,0.18963333333333332,11.2455,6.0,-1,19.848616361148668,,0.0,0.0,0.0,0.0,39.67454809154659,optimal
2021-02-11 23:00:00,1,19,0.0,0.0,0.0,0.067,11.2455,6.0,-1,19.798230310049203,,0.0,0.0,0.0,0.0,39.63487354345504,optimal
2021-02-11 23:30:00,1,19,0.0,0.0,0.0,0.17043333333333333,11.025,6.0,-1,19.738225280397494,,0.0,0.0,0.0,0.0,39.59523866991159,optimal
2021-02-12 00:00:00,1,19,0.0,0.0,0.0,0.066,12.789,6.0,8,19.738225280397494,,0.0,0.0,0.0,0.0,39.55564343124168,optimal
2021-02-12 00:30:00,1,19,0.0,0.0,0.0,0.13066666666666665,12.1275,6.0,8,19.677756250452195,,0.0,0.0,0.0,0.0,39.516087787810434,optimal
2021-02-12 01:00:00,1,19,0.0,0.0,0.0,0.2429333333333333,13.671,6.0,8,19.61875036998068,,0.0,0.0,0.0,0.0,39.476571700022625,optimal
2021-02-12 01:30:00,1,19,2.0,0.0,0.0,0.066,10.668,6.0,8,19.5621655656602,,0.0,0.0,7000.0,0.0,39.4370951283226,optimal
2021-02-12 02:00:00,1,19,0.0,0.0,0.0,0.3474,11.7285,6.0,8,19.502411536681777,,0.0,0.0,0.0,0.0,39.39765803319428,optimal
2021-02-12 02:30:00,1,19,0.0,0.0,0.0,0.0958,11.025,6.0,8,19.44875671457657,,0.0,0.0,0.0,0.0,39.35826037516109,optimal
2021-02-12 03:00:00,1,19,2.0,0.0,0.0,0.1317333333333333,10.689,6.0,8,19.390934509123184,,0.0,0.0,7000.0,0.0,39.31890211478593,optimal
2021-02-12 03:30:00,1,19,2.0,0.0,5.0,0.13846666666666668,8.1585,6.0,8,19.33476507285151,,100.0,0.0,6900.0,0.0,41.65458321267114,optimal
2021-02-12 04:00:00,1,19,2.0,0.0,0.0,0.239,10.3635,6.0,8,19.282710586116092,,7000.0,0.0,0.0,0.0,41.61292862945847,optimal
2021-02-12 04:30:00,1,19,2.0,0.0,0.0,0.12013333333333334,10.8045,6.0,8,19.37404357612487,,7000.0,0.0,0.0,0.0,41.57131570082901,optimal
2021-02-12 05:00:00,1,19,1.7076967647533805,0.0,0.0,0.15906666666666666,11.025,6.0,8,19.464551430806164,,5976.938676636832,0.0,0.0,0.0,41.52974438512818,optimal
2021-02-12 05:30:00,1,19,2.0,0.0,4.084179765988432,0.23,10.3635,6.0,8,19.5367544408385,,7000.0,0.0,0.0,0.0,43.42820002958756,optimal
2021-02-12 06:00:00,1,19,2.0,0.0,0.0,0.066,10.8045,6.0,8,19.632945664603245,,7000.0,0.0,0.0,0.0,43.38477182955796,optimal
2021-02-12 06:30:00,1,19,2.0,0.0,5.0,0.14546666666666666,10.059,6.0,8,19.72764629295789,,7000.0,0.0,0.0,0.0,45.716387057728404,optimal
2021-02-12 07:00:00,1,19,2.0,0.0,0.0,0.13113333333333332,10.584,6.0,8,19.823966201135587,,7000.0,0.0,0.0,0.0,45.670670670670674,optimal
2021-02-12 07:30:00,1,19,2.0,0.0,5.0,0.26139999999999997,9.4185,6.0,8,19.920006048401582,,6096.329297019553,0.0,903.6707029804463,0.0,48.0,optimal
2021-02-12 08:00:00,1,19,2.0,0.0,0.0,0.3708333333333333,10.3635,6.0,8,20.0,,6649.670702980445,0.0,350.32929701955527,0.0,47.87224908495934,optimal
2021-02-12 08:30:00,1,19,2.0,0.0,0.0,1.9841333333333329,9.8385,6.0,8,20.092675270019342,,6721.333333333333,0.0,278.6666666666667,0.0,47.74462592083373,optimal
2021-02-12 09:00:00,1,19,2.0,0.0,0.0,0.6239,11.067,6.0,8,20.208340753431788,,7000.0,0.0,0.0,0.0,47.617130379872236,optimal
2021-02-12 09:30:00,1,19,2.0,0.0,0.0,0.41436666666666666,10.8465,6.0,8,20.31242592100213,,7000.0,0.0,0.0,0.0,47.48976233445171,optimal
2021-02-12 10:00:00,1,19,0.0,0.0,0.0,0.8168333333333334,13.671,6.0,8,20.42025453198196,,0.0,0.0,0.0,0.0,47.362521657076606,optimal
2021-02-12 10:30:00,1,19,0.0,0.0,0.0,1.7053666666666665,12.348,6.0,8,20.389233162234017,,0.0,0.0,0.0,0.0,47.23540822037887,optimal
2021-02-12 11:00:00,1,19,0.0,0.0,0.0,1.1794666666666667,14.3325,6.0,8,20.36562361779682,,0.0,0.0,0.0,0.0,47.108421897117836,optimal
2021-02-12 11:30:00,1,19,0.0,0.0,0.0,0.5864,15.393,6.0,8,20.338875641094493,,0.0,0.0,0.0,0.0,46.98156256018006,optimal
2021-02-12 12:00:00,1,19,0.0,0.0,0.0,0.42660000000000003,13.587,6.0,8,20.310325696424215,,0.0,0.0,0.0,0.0,46.85483008257923,optimal
2021-02-12 12:30:00,1,19,0.0,0.0,0.0,1.5907666666666669,16.1385,6.0,8,20.277675720295754,,0.0,0.0,0.0,0.0,46.72822433745599,optimal
2021-02-12 13:00:00,1,19,0.0,0.0,0.0,0.5535666666666668,14.595,6.0,8,20.26678077225652,,0.0,0.0,0.0,0.0,46.60174519807788,optimal
2021-02-12 13:30:00,1,19,0.0,0.0,0.0,0.3746666666666667,14.637,6.0,8,20.237753424154644,,0.0,0.0,0.0,0.0,46.47539253783915,optimal
2021-02-12 14:00:00,1,19,0.0,0.0,0.0,0.5278999999999999,13.9125,6.0,8,20.209569971667037,,0.0,0.0,0.0,0.0,46.34916623026066,optimal
2021-02-12 14:30:00,1,19,0.0,0.0,0.0,0.6880666666666667,13.3665,6.0,8,20.189010079290515,,0.0,0.0,0.0,0.0,46.223066148989744,optimal
2021-02-12 15:00:00,1,19,0.0,0.0,0.0,0.5285333333333333,13.0095,6.0,8,20.166419329418343,,0.0,0.0,0.0,0.0,46.0970921678001,optimal
2021-02-12 15:30:00,1,19,0.0,0.0,0.0,0.39126666666666665,13.8915,6.0,8,20.140970571349087,,0.0,0.0,0.0,0.0,45.971244160591645,optimal
2021-02-12 16:00:00,1,19,0.0,0.0,0.0,0.3664,13.188,6.0,8,20.114740454425796,,0.0,0.0,0.0,0.0,45.8455220013904,optimal
2021-02-12 16:30:00,1,19,0.0,0.0,0.0,0.222,12.5685,6.0,8,20.080493479361987,,0.0,0.0,0.0,0.0,45.71992556434835,optimal
2021-02-12 17:00:00,1,19,0.0,0.0,0.0,1.0092666666666668,12.285,6.0,8,20.03328621341713,,0.0,0.0,0.0,0.0,45.59445472374335,optimal
2021-02-12 17:30:00,1,19,0.7448818361305255,0.0,0.0,1.3892666666666669,11.487,6.0,8,20.0,,2607.086426456839,0.0,0.0,0.0,45.46910935397895,optimal
2021-02-12 18:00:00,1,19,0.0,0.0,0.0,0.5520666666666667,11.802,6.0,8,20.03019313901186,,0.0,0.0,0.0,0.0,45.343889329584314,optimal
2021-02-12 18:30:00,1,19,1.462785238795514,0.0,0.0,0.4556,11.2245,6.0,8,20.0,,1494.337240534116,0.0,3625.411095250183,0.0,45.21879452521407,optimal
2021-02-12 19:00:00,1,19,2.0,0.0,0.0,0.6726,11.025,6.0,8,20.0,,5121.744428583518,0.0,1878.2555714164819,0.0,45.093824815648205,optimal
2021-02-12 19:30:00,1,19,0.0,0.0,0.0,0.26896666666666663,11.907,6.0,8,20.075169391113274,,0.0,0.0,0.0,0.0,44.968980075791904,optimal
2021-02-12 20:00:00,1,19,0.0,0.0,0.0,0.3557,25.83,6.0,8,20.036479794870523,,0.0,0.0,0.0,0.0,44.844260180675455,optimal
2021-02-12 20:30:00,1,19,0.0,0.0,0.0,0.4696,28.035,6.0,8,20.0,,0.0,0.0,0.0,0.0,44.719665005454125,optimal
2021-02-12 21:00:00,1,19,0.0,0.0,0.0,0.485,28.119,6.0,8,19.967360622297672,,0.0,0.0,0.0,0.0,44.59519442540802,optimal
2021-02-12 21:30:00,1,19,0.0,0.0,0.0,0.4883,30.156,6.0,8,19.937267406225946,,0.0,0.0,0.0,0.0,44.47084831594196,optimal
2021-02-12 22:00:00,1,19,0.0,0.0,0.0,0.705,29.1585,6.0,8,19.90608991646538,,0.0,0.0,0.0,0.0,44.34662655258536,optimal
2021-02-12 22:30:00,1,19,0.0,0.0,0.0,0.5091333333333333,26.712,6.0,8,19.88282112269543,,0.0,0.0,0.0,0.0,44.22252901099212,optimal
2021-02-12 23:00:00,1,19,0.0,0.0,0.0,0.47263333333333335,15.435,6.0,8,19.855545505617933,,0.0,0.0,0.0,0.0,44.178306481981124,optimal
2021-02-12 23:30:00,1,19,0.0,0.0,0.0,0.4753,13.566,6.0,8,19.831550968199814,,0.0,0.0,0.0,0.0,44.13412817549914,optimal
2021-02-13 00:00:00,1,19,0.0,0.0,0.0,0.2318,30.0195,6.0,12,19.831550968199814,,0.0,0.0,0.0,0.0,44.08999404732364,optimal
2021-02-13 00:30:00,1,19,0.0,0.0,0.0,0.184,26.9325,6.0,12,19.792866199838322,,0.0,0.0,0.0,0.0,44.04590405327632,optimal
2021-02-13 01:00:00,1,19,0.0,0.0,0.0,0.41303333333333336,14.595,6.0,12,19.754828678933592,,0.0,0.0,0.0,0.0,44.00185814922304,optimal
2021-02-13 01:30:00,1,19,0.0,0.0,0.0,0.2523,12.4845,6.0,12,19.72397141603727,,0.0,0.0,0.0,0.0,43.95785629107382,optimal
2021-02-13 02:00:00,1,19,0.0,0.0,0.0,0.066,12.1275,6.0,12,19.688532504199905,,0.0,0.0,0.0,0.0,43.913898434782745,optimal
2021-02-13 02:30:00,1,19,0.0,0.0,0.0,0.066,12.1275,6.0,12,19.64580635541666,,0.0,0.0,0.0,0.0,43.869984536347964,optimal
2021-02-13 03:00:00,1,19,0.0,0.0,0.0,0.066,12.789,6.0,12,19.603190868334707,,0.0,0.0,0.0,0.0,43.826114551811614,optimal
2021-02-13 03:30:00,1,19,0.0,0.0,0.0,0.066,11.907,6.0,12,19.56068575633771,,0.0,0.0,0.0,0.0,43.7822884372598,optimal
2021-02-13 04:00:00,1,19,0.0,0.0,0.0,0.06733333333333333,11.025,6.0,12,19.518161232409586,,0.0,0.0,0.0,0.0,43.738506148822545,optimal
2021-02-13 04:30:00,1,19,2.0,0.0,0.0,0.07333333333333333,8.2005,6.0,12,19.475617346827683,,6721.333333333333,0.0,278.66666666666663,0.0,43.694767642673725,optimal
2021-02-13 05:00:00,1,19,1.814770616346989,0.0,0.0,0.066,9.5655,6.0,12,19.568723295824405,,6351.697157214462,0.0,0.0,0.0,43.65107287503105,optimal
2021-02-13 05:30:00,1,19,2.0,0.0,5.0,0.066,7.056,6.0,12,19.653860921133774,,7000.0,0.0,0.0,0.0,45.98242180215602,optimal
2021-02-13 06:00:00,1,19,2.0,0.0,0.0,0.066,9.3975,6.0,12,19.75161742631876,,7000.0,0.0,0.0,0.0,45.93643938035386,optimal
2021-02-13 06:30:00,1,19,0.0,0.0,0.0,0.06633333333333333,10.059,6.0,12,19.848861737638202,,0.0,0.0,0.0,0.0,45.890502940973505,optimal
2021-02-13 07:00:00,1,19,2.0,0.0,0.0,0.073,9.261,6.0,12,19.804295819915147,,7000.0,0.0,0.0,0.0,45.844612438032534,optimal
2021-02-13 07:30:00,1,19,2.0,0.0,4.937938221318991,0.16313333333333332,8.1585,6.0,12,19.901144690707724,,7000.0,0.0,0.0,0.0,48.144288480721016,optimal
2021-02-13 08:00:00,1,19,1.4935156120218376,0.0,0.0,1.1987999999999999,9.4815,6.0,12,20.0,,1683.3403837904184,0.0,3543.9642582860133,0.0,48.096144192240295,optimal
2021-02-13 08:30:00,1,19,2.0,0.0,0.0,0.3066666666666667,8.379,6.0,12,20.0,,3174.5630334051493,0.0,3825.4369665948507,0.0,48.048048048048045,optimal
2021-02-13 09:00:00,1,19,0.0,0.0,0.0,0.6466000000000001,9.5235,6.0,12,20.027442296680963,,0.0,0.0,0.0,0.0,48.0,optimal
2021-02-13 09:30:00,1,19,2.0,0.0,0.0,0.12516666666666668,8.1375,6.0,12,20.0,,3782.2559725988,0.0,3217.7440274012,0.0,47.71931084092529,optimal
2021-02-13 10:00:00,1,19,0.0,0.0,0.0,0.12406666666666666,10.0905,6.0,12,20.03717228246293,,0.0,0.0,0.0,0.0,47.438902371009654,optimal
2021-02-13 10:30:00,1,19,2.0,0.0,0.0,0.34303333333333336,7.539,6.0,12,20.0,,2660.3652522820644,0.0,4339.634747717935,0.0,47.15877430956393,optimal
2021-02-13 11:00:00,1,19,2.0,0.0,0.0,0.7106666666666667,7.938,6.0,12,20.018257866653734,,7000.0,0.0,0.0,0.0,46.878926376179656,optimal
2021-02-13 11:30:00,1,19,2.0,0.0,0.0,1.1446333333333334,8.274,6.0,12,20.12886212626132,,7000.0,0.0,0.0,0.0,46.599358290728766,optimal
2021-02-13 12:00:00,1,19,2.0,0.0,0.0,1.7893333333333332,9.261,6.0,12,20.254451197598122,,7000.0,0.0,0.0,0.0,46.32006977336333,optimal
2021-02-13 12:30:00,1,19,0.0,0.0,0.0,0.23406666666666665,9.9225,6.0,12,20.37847855897729,,0.0,0.0,0.0,0.0,46.041060544515254,optimal
2021-02-13 13:00:00,1,19,0.0,0.0,0.0,0.2602,9.702,6.0,12,20.345779570139207,,0.0,0.0,0.0,0.0,45.76233032489603,optimal
2021-02-13 13:30:00,1,19,0.0,0.0,0.0,0.33373333333333327,10.584,6.0,12,20.317491365133275,,0.0,0.0,0.0,0.0,45.48387883549642,optimal
2021-02-13 14:00:00,1,19,0.0,0.0,0.0,0.46543333333333325,10.143,6.0,12,20.283309192186596,,0.0,0.0,0.0,0.0,45.20570579758621,optimal
2021-02-13 14:30:00,1,19,0.0,0.0,0.0,0.6033999999999999,13.0095,6.0,12,20.249526544436197,,0.0,0.0,0.0,0.0,44.92781093271392,optimal
2021-02-13 15:00:00,1,19,0.0,0.0,0.0,0.4614333333333333,11.025,6.0,12,20.22038296482994,,0.0,0.0,0.0,0.0,44.650193962706496,optimal
2021-02-13 15:30:00,1,19,0.0,0.0,0.0,1.9570999999999998,12.789,6.0,12,20.192703279158504,,0.0,0.0,0.0,0.0,44.372854609669076,optimal
2021-02-13 16:00:00,1,19,0.0,0.0,0.0,0.8099,12.1275,6.0,12,20.18242020009406,,0.0,0.0,0.0,0.0,44.0957925959847,optimal
2021-02-13 16:30:00,1,19,0.0,0.0,0.0,1.0147333333333333,12.1695,6.0,12,20.166314000317833,,0.0,0.0,0.0,0.0,43.819007644314006,optimal
2021-02-13 17:00:00,1,19,0.0,0.0,0.0,0.5534666666666667,12.306,6.0,12,20.151548641093388,,0.0,0.0,0.0,0.0,43.54249947759498,optimal
2021-02-13 17:30:00,1,19,0.0,0.0,0.0,2.279533333333333,13.23,6.0,12,20.127440075202834,,0.0,0.0,0.0,0.0,43.266267819042675,optimal
2021-02-13 18:00:00,1,19,0.0,0.0,0.0,0.3429333333333333,13.671,6.0,12,20.123677423755453,,0.0,0.0,0.0,0.0,42.99031239214892,optimal
2021-02-13 18:30:00,1,19,0.0,0.0,0.0,0.5544666666666667,13.9335,6.0,12,20.094164947967723,,0.0,0.0,0.0,0.0,42.714632920682064,optimal
2021-02-13 19:00:00,1,19,0.0,0.0,0.0,0.5739333333333333,13.293,6.0,12,20.070583466255385,,0.0,0.0,0.0,0.0,42.43922912868667,optimal
2021-02-13 19:30:00,1,19,0.0,0.0,0.0,0.643,12.1065,6.0,12,20.052215860659956,,0.0,0.0,0.0,0.0,42.16410074048327,optimal
2021-02-13 20:00:00,1,19,0.0,0.0,0.0,0.5241,11.571,6.0,12,20.027334620472836,,0.0,0.0,0.0,0.0,41.889247480668075,optimal
2021-02-13 20:30:00,1,19,0.0,0.0,0.0,1.3310666666666666,11.025,6.0,12,20.0,,0.0,0.0,0.0,0.0,41.6146690741127,optimal
2021-02-13 21:00:00,1,19,0.0,0.0,0.0,1.9452,10.8465,6.0,12,19.979753876996295,,0.0,0.0,0.0,0.0,41.34036524596387,optimal
2021-02-13 21:30:00,1,19,0.0,0.0,0.0,0.48673333333333335,11.2455,6.0,12,19.96426829141292,,0.0,0.0,0.0,0.0,41.0663357216432,optimal
2021-02-13 22:00:00,1,19,0.0,0.0,0.0,0.5068666666666667,23.8665,6.0,12,19.94069113295007,,0.0,0.0,0.0,0.0,41.025269385921554,optimal
2021-02-13 22:30:00,1,19,0.0,0.0,0.0,0.4675666666666667,27.4575,6.0,12,19.915043983578492,,0.0,0.0,0.0,0.0,40.984244116535635,optimal
2021-02-13 23:00:00,1,19,0.0,0.0,0.0,0.4062,27.3735,6.0,12,19.889399475939054,,0.0,0.0,0.0,0.0,40.9432598724191,optimal
2021-02-13 23:30:00,1,19,0.0,0.0,0.0,0.2065,30.4605,6.0,12,19.863752215423403,,0.0,0.0,0.0,0.0,40.90231661254668,optimal
2021-02-07 00:00:00,2,19,0.0,0.0,0.0,0.056,13.23,6.0,-23,21.0,,0.0,0.0,0.0,0.0,47.952,optimal
2021-02-07 00:30:00,2,19,0.0,0.0,0.0,0.056,14.3325,6.0,-23,20.960015085317576,,0.0,0.0,0.0,0.0,47.904047999999996,optimal
2021-02-07 01:00:00,2,19,0.0,0.0,0.0,0.056,14.994,6.0,-23,20.919874730193325,,0.0,0.0,0.0,0.0,47.856143952,optimal
2021-02-07 01:30:00,2,19,0.0,0.0,0.0,0.056,14.8155,6.0,-23,20.879579337221543,,0.0,0.0,0.0,0.0,47.80828780804799,optimal
2021-02-07 02:00:00,2,19,0.0,0.0,0.0,0.056,14.112,6.0,-23,20.839258809095885,,0.0,0.0,0.0,0.0,47.76047952023995,optimal
2021-02-07 02:30:00,2,19,0.0,0.0,0.0,0.056,14.007,6.0,-23,20.798913210916975,,0.0,0.0,0.0,0.0,47.712719040719705,optimal
2021-02-07 03:00:00,2,19,0.0,0.0,0.0,0.056,13.23,6.0,-23,20.758413106474734,,0.0,0.0,0.0,0.0,47.66500632167899,optimal
2021-02-07 03:30:00,2,19,0.0,0.0,1.7196350072939925,0.056,11.382,6.0,-23,20.717758895943916,,0.0,0.0,0.0,0.0,48.434167943821954,optimal
2021-02-07 04:00:00,2,19,0.0,0.0,0.0,0.056,11.7495,6.0,-23,20.6770804796049,,0.0,0.0,0.0,0.0,48.38573377587813,optimal
2021-02-07 04:30:00,2,19,0.0,0.0,0.0,0.056,24.3285,6.0,-23,20.63637792015128,,0.0,0.0,0.0,0.0,48.33734804210225,optimal
2021-02-07 05:00:00,2,19,0.0,0.0,0.0,0.056,28.917,6.0,-23,20.595780781256362,,0.0,0.0,0.0,0.0,48.289010694060146,optimal
2021-02-07 05:30:00,2,19,0.0,0.0,0.0,0.056,31.3635,6.0,-23,20.555288789878496,,0.0,0.0,0.0,0.0,48.240721683366075,optimal
2021-02-07 06:00:00,2,19,0.0,0.0,0.0,0.05733333333333333,33.306,6.0,-23,20.51490167368321,,0.0,0.0,0.0,0.0,48.192480961682705,optimal
2021-02-07 06:30:00,2,19,0.0,0.0,0.0,0.06533333333333333,31.3425,6.0,-23,20.47461916104138,,0.0,0.0,0.0,0.0,48.144288480721016,optimal
2021-02-07 07:00:00,2,19,0.0,0.0,0.0,0.05793333333333333,28.2555,6.0,-23,20.43431147988533,,0.0,0.0,0.0,0.0,48.096144192240295,optimal
2021-02-07 07:30:00,2,19,0.0,0.0,0.0,0.127,15.6975,6.0,-23,20.396314292052473,,0.0,0.0,0.0,0.0,48.048048048048045,optimal
2021-02-07 08:00:00,2,19,0.0,0.0,0.0,0.08986666666666666,12.5475,6.0,-23,20.367110114730643,,0.0,0.0,0.0,0.0,48.0,optimal
2021-02-07 08:30:00,2,19,0.0,0.0,0.0,0.9881,12.0855,6.0,-23,20.338536606025738,,0.0,0.0,0.0,0.0,47.875891172386304,optimal
2021-02-07 09:00:00,2,19,0.0,0.0,0.0,0.0915,11.907,6.0,-23,20.305346386695867,,0.0,0.0,0.0,0.0,47.75190645360022,optimal
2021-02-07 09:30:00,2,19,0.0,0.0,0.0,0.06963333333333334,12.5685,6.0,-23,20.26607610967343,,0.0,0.0,0.0,0.0,47.62804571953293,optimal
2021-02-07 10:00:00,2,19,0.0,0.0,0.0,0.08566666666666667,13.146,6.0,-23,20.230097295912703,,0.0,0.0,0.0,0.0,47.5043088461997,optimal
2021-02-07 10:30:00,2,19,0.0,0.0,0.0,0.1202,10.584,6.0,-23,20.19619388811731,,0.0,0.0,0.0,0.0,47.380695709739804,optimal
2021-02-07 11:00:00,2,19,0.0,0.0,0.0,0.4986666666666667,6.678,6.0,-23,20.162895800442808,,0.0,0.0,0.0,0.0,47.25720618641637,optimal
2021-02-07 11:30:00,2,19,0.0,0.0,0.0,0.48923333333333335,7.938,6.0,-23,20.133823391961293,,0.0,0.0,0.0,0.0,47.13384015261626,optimal
2021-02-07 12:00:00,2,19,1.8993758489261956,0.0,0.0,0.2132333333333333,5.292,6.0,-23,20.103902279777447,,6647.8154712416845,0.0,0.0,0.0,47.010597484849946,optimal
2021-02-07 12:30:00,2,19,0.0,0.0,0.0,0.1943666666666667,9.261,6.0,-23,20.2015092807402,,0.0,0.0,0.0,0.0,46.8874780597514,optimal
2021-02-07 13:00:00,2,19,0.0,0.0,0.0,0.2,10.3635,6.0,-23,20.16552268586228,,0.0,0.0,0.0,0.0,46.764481754077956,optimal
2021-02-07 13:30:00,2,19,0.0,0.0,0.0,0.18696666666666667,8.274,6.0,-23,20.130073113680222,,0.0,0.0,0.0,0.0,46.64160844471018,optimal
2021-02-07 14:00:00,2,19,0.0,0.0,0.0,0.5866,7.7175,6.0,-23,20.094823980247895,,0.0,0.0,0.0,0.0,46.518858008651776,optimal
2021-02-07 14:30:00,2,19,0.0,0.0,0.0,0.16016666666666665,6.615,6.0,-23,20.06736141497675,,0.0,0.0,0.0,0.0,46.39623032302943,optimal
2021-02-07 15:00:00,2,19,0.0,0.0,0.0,0.16396666666666668,6.174,6.0,-23,20.034093467140682,,0.0,0.0,0.0,0.0,46.27372526509271,optimal
2021-02-07 15:30:00,2,19,0.49430742982165643,0.0,0.0,0.1667,3.906,6.0,-23,20.0,,1730.0760043757975,0.0,0.0,0.0,46.15134271221392,optimal
2021-02-07 16:00:00,2,19,0.43094618858456357,0.0,0.0,0.4680666666666667,2.3415,6.0,-23,20.0,,1508.3116600459725,0.0,0.0,0.0,46.02908254188801,optimal
2021-02-07 16:30:00,2,19,0.3083034345054314,0.0,0.0,2.696466666666667,2.205,6.0,-23,20.0,,1079.06202076901,0.0,0.0,0.0,45.90694463173243,optimal
2021-02-07 17:00:00,2,19,2.0,0.0,0.0,2.4919333333333333,0.882,6.0,-23,20.0,,6024.666666666667,0.0,975.3333333333334,0.0,45.784928859487,optimal
2021-02-07 17:30:00,2,19,0.0,0.0,0.0,0.10633333333333331,1.5435,6.0,-23,20.097802655936633,,0.0,0.0,0.0,0.0,45.66303510301382,optimal
2021-02-07 18:00:00,2,19,0.5668906569549406,0.0,0.0,1.2651333333333334,1.5435,6.0,-23,20.067212183313124,,1984.117299342292,0.0,0.0,0.0,45.54126324029711,optimal
2021-02-07 18:30:00,2,19,0.0,0.0,0.0,1.3026,5.0715,6.0,-23,20.07918219551606,,0.0,0.0,0.0,0.0,45.41961314944312,optimal
2021-02-07 19:00:00,2,19,0.0,0.0,0.0,0.9765666666666668,5.376,6.0,-23,20.06044310957095,,0.0,0.0,0.0,0.0,45.29808470867999,optimal
2021-02-07 19:30:00,2,19,0.0,0.0,0.0,1.4927000000000001,5.0715,6.0,-23,20.037468536046596,,0.0,0.0,0.0,0.0,45.17667779635761,optimal
2021-02-07 20:00:00,2,19,0.0,0.0,0.0,0.7677333333333334,5.5125,6.0,-23,20.020440544631814,,0.0,0.0,0.0,0.0,45.05539229094756,optimal
2021-02-07 20:30:00,2,19,0.0,0.0,0.0,0.3137,9.261,6.0,-23,20.0,,0.0,0.0,0.0,0.0,44.93422807104292,optimal
2021-02-07 21:00:00,2,19,0.0,0.0,0.0,0.312,11.7075,6.0,-23,19.982105600233783,,0.0,0.0,0.0,0.0,44.81318501535818,optimal
2021-02-07 21:30:00,2,19,0.0,0.0,0.0,1.2080333333333333,12.348,6.0,-23,19.962684603603986,,0.0,0.0,0.0,0.0,44.69226300272913,optimal
2021-02-07 22:00:00,2,19,0.0,0.0,0.0,0.6164,12.348,6.0,-23,19.961673394617485,,0.0,0.0,0.0,0.0,44.5714619121127,optimal
2021-02-07 22:30:00,2,19,0.0,0.0,0.0,0.3497333333333333,12.1275,6.0,-23,19.944618016510955,,0.0,0.0,0.0,0.0,44.450781622586895,optimal
2021-02-07 23:00:00,2,19,0.0,0.0,0.0,1.2755,12.5265,6.0,-23,19.921158329545246,,0.0,0.0,0.0,0.0,44.330222013350614,optimal
2021-02-07 23:30:00,2,19,0.0,0.0,0.0,0.066,11.7495,6.0,-23,19.89959211972676,,0.0,0.0,0.0,0.0,44.285891791337264,optimal
2021-02-08 00:00:00,2,19,2.0,0.0,0.0,0.13683333333333333,10.143,6.0,3,19.89959211972676,,6512.333333333333,0.0,487.6666666666667,0.0,44.241605899545924,optimal
2021-02-08 00:30:00,2,19,0.0398095238095238,0.0,0.0,0.2072333333333333,11.2455,6.0,3,19.99607073979226,,0.0,0.0,139.33333333333331,0.0,44.19736429364638,optimal
2021-02-08 01:00:00,2,19,0.0,0.0,0.0,0.08016666666666668,11.025,6.0,3,19.96251155747447,,0.0,0.0,0.0,0.0,44.153166929352736,optimal
2021-02-08 01:30:00,2,19,2.0,0.0,0.0,0.24396666666666667,5.9745,6.0,3,19.92352828284727,,0.0,0.0,7000.0,0.0,44.10901376242338,optimal
2021-02-08 02:00:00,2,19,2.0,0.0,0.0,0.08206666666666666,7.938,6.0,3,19.88782591004187,,0.0,0.0,7000.0,0.0,44.06490474866096,optimal
2021-02-08 02:30:00,2,19,2.0,0.0,0.0,0.2127333333333333,8.6835,6.0,3,19.84881545849751,,936.0,0.0,6064.0,0.0,44.0208398439123,optimal
2021-02-08 03:00:00,2,19,2.0,0.0,0.0,0.11853333333333332,7.665,6.0,3,19.831586610880624,,7000.0,0.0,0.0,0.0,43.97681900406839,optimal
2021-02-08 03:30:00,2,19,2.0,0.0,0.0,0.09063333333333334,6.7725,6.0,3,19.93514646263143,,7000.0,0.0,0.0,0.0,43.932842185064324,optimal
2021-02-08 04:00:00,2,19,2.0,0.0,0.0,0.2511,5.5755,6.0,3,20.03774489581929,,7000.0,0.0,0.0,0.0,43.88890934287926,optimal
2021-02-08 04:30:00,2,19,2.0,0.0,4.147543475303068,0.054,5.0925,6.0,3,20.143190183894156,,7000.0,0.0,0.0,0.0,45.81510358430533,optimal
2021-02-08 05:00:00,2,19,2.0,0.0,5.0,0.1596,4.1895,6.0,3,20.244121131283002,,7000.0,0.0,0.0,0.0,48.144288480721016,optimal
2021-02-08 05:30:00,2,19,2.0,0.0,0.0,0.07746666666666667,7.056,6.0,3,20.346665218346143,,7000.0,0.0,0.0,0.0,48.096144192240295,optimal
2021-02-08 06:00:00,2,19,2.0,0.0,0.0,0.17373333333333332,5.271,6.0,3,20.447154780747898,,7000.0,0.0,0.0,0.0,48.048048048048045,optimal
2021-02-08 06:30:00,2,19,2.0,0.0,0.0,0.17666666666666667,7.938,6.0,3,20.548997514113285,,7000.0,0.0,0.0,0.0,48.0,optimal
2021-02-08 07:00:00,2,19,2.0,0.0,0.0,0.06983333333333333,7.938,6.0,3,20.655707451560477,,7000.0,0.0,0.0,0.0,47.90286680395351,optimal
2021-02-08 07:30:00,2,19,0.0,0.0,0.0,0.2945,11.907,6.0,3,20.761767036798535,,0.0,0.0,0.0,0.0,47.805830741103065,optimal
2021-02-08 08:00:00,2,19,1.2348877382241041,0.0,0.0,0.15880000000000002,11.025,6.0,3,20.73246283229404,,4322.1070837843645,0.0,0.0,0.0,47.70889171431547,optimal
2021-02-08 08:30:00,2,19,0.0,0.0,0.0,0.2705666666666667,11.2875,6.0,3,20.792151789192534,,0.0,0.0,0.0,0.0,47.612049626554665,optimal
2021-02-08 09:00:00,2,19,0.0,0.0,0.0,0.4073333333333333,12.936,6.0,3,20.763952175658584,,0.0,0.0,0.0,0.0,47.51530438088162,optimal
2021-02-08 09:30:00,2,19,0.0,0.0,0.0,0.2024333333333333,13.0095,6.0,3,20.736788947954327,,0.0,0.0,0.0,0.0,47.418655880454246,optimal
2021-02-08 10:00:00,2,19,0.0,0.0,0.0,0.4879666666666666,13.671,6.0,3,20.700219577132998,,0.0,0.0,0.0,0.0,47.3221040285273,optimal
2021-02-08 10:30:00,2,19,0.0,0.0,0.0,0.34586666666666666,13.188,6.0,3,20.66831298647814,,0.0,0.0,0.0,0.0,47.225648728452285,optimal
2021-02-08 11:00:00,2,19,0.0,0.0,0.0,0.3135,13.8495,6.0,3,20.630858908147747,,0.0,0.0,0.0,0.0,47.129289883677345,optimal
2021-02-08 11:30:00,2,19,0.0,0.0,0.0,0.8102999999999999,13.23,6.0,3,20.590816126376858,,0.0,0.0,0.0,0.0,47.033027397747176,optimal
2021-02-08 12:00:00,2,19,0.0,0.0,0.0,1.9868666666666663,13.3665,6.0,3,20.56122357327746,,0.0,0.0,0.0,0.0,46.93686117430294,optimal
2021-02-08 12:30:00,2,19,0.0,0.0,0.0,0.2808333333333333,13.0515,6.0,3,20.529643328955792,,0.0,0.0,0.0,0.0,46.84079111708215,optimal
2021-02-08 13:00:00,2,19,0.0,0.0,0.0,0.2762333333333333,13.5345,6.0,3,20.48452902097374,,0.0,0.0,0.0,0.0,46.74481712991857,optimal
2021-02-08 13:30:00,2,19,0.0,0.0,0.0,0.25903333333333334,14.154,6.0,3,20.438371814049066,,0.0,0.0,0.0,0.0,46.64893911674216,optimal
2021-02-08 14:00:00,2,19,0.0,0.0,0.0,0.19883333333333328,14.112,6.0,3,20.39205491978483,,0.0,0.0,0.0,0.0,46.55315698157893,optimal
2021-02-08 14:30:00,2,19,0.0,0.0,0.0,0.286,14.2485,6.0,3,20.34445621072632,,0.0,0.0,0.0,0.0,46.45747062855086,optimal
2021-02-08 15:00:00,2,19,0.0,0.0,0.0,0.064,12.789,6.0,3,20.30034310812385,,0.0,0.0,0.0,0.0,46.361879961875815,optimal
2021-02-08 15:30:00,2,19,0.0,0.0,0.0,0.2768,13.0095,6.0,3,20.251470439395856,,0.0,0.0,0.0,0.0,46.266384885867446,optimal
2021-02-08 16:00:00,2,19,0.0,0.0,0.0,0.5434666666666667,12.1275,6.0,3,20.21706678039026,,0.0,0.0,0.0,0.0,46.17098530493509,optimal
2021-02-08 16:30:00,2,19,0.0,0.0,0.0,0.38073333333333337,12.348,6.0,3,20.19340511222439,,0.0,0.0,0.0,0.0,46.075681123583664,optimal
2021-02-08 17:00:00,2,19,0.0,0.0,0.0,0.3912,12.348,6.0,3,20.167237142851175,,0.0,0.0,0.0,0.0,45.98047224641359,optimal
2021-02-08 17:30:00,2,19,0.0,0.0,0.0,0.4651,25.389,6.0,3,20.142968877217566,,0.0,0.0,0.0,0.0,45.88535857812069,optimal
2021-02-08 18:00:00,2,19,0.0,0.0,0.0,0.197,29.1375,6.0,3,20.12375580026531,,0.0,0.0,0.0,0.0,45.79034002349608,optimal
2021-02-08 18:30:00,2,19,0.0,0.0,0.0,0.7823,30.597,6.0,3,20.094992727114946,,0.0,0.0,0.0,0.0,45.695416487426094,optimal
2021-02-08 19:00:00,2,19,0.0,0.0,0.0,1.208,33.684,6.0,3,20.070503166632832,,0.0,0.0,0.0,0.0,45.60058787489218,optimal
2021-02-08 19:30:00,2,19,0.0,0.0,0.0,1.8504333333333327,32.445,6.0,3,20.04595223324891,,0.0,0.0,0.0,0.0,45.50585409097079,optimal
2021-02-08 20:00:00,2,19,0.0,0.0,0.0,0.1994333333333333,28.917,6.0,3,20.032408472578474,,0.0,0.0,0.0,0.0,45.41121504083333,optimal
2021-02-08 20:30:00,2,19,0.0,0.0,0.0,0.062,15.876,6.0,3,20.0,,0.0,0.0,0.0,0.0,45.31667062974601,optimal
2021-02-08 21:00:00,2,19,0.0,0.0,0.0,0.10643333333333334,12.348,6.0,3,19.965488316990545,,0.0,0.0,0.0,0.0,45.22222076306977,optimal
2021-02-08 21:30:00,2,19,0.0,0.0,0.0,1.1165666666666667,12.1275,6.0,3,19.93540588028367,,0.0,0.0,0.0,0.0,45.12786534626021,optimal
2021-02-08 22:00:00,2,19,0.0,0.0,0.0,1.3363666666666665,12.348,6.0,3,19.913757963337787,,0.0,0.0,0.0,0.0,45.03360428486746,optimal
2021-02-08 22:30:00,2,19,0.0,0.0,0.0,0.6541666666666667,12.1275,6.0,3,19.89566834320226,,0.0,0.0,0.0,0.0,44.9394374845361,optimal
2021-02-08 23:00:00,2,19,0.0,0.0,0.0,1.2845666666666666,12.1275,6.0,3,19.86741138836338,,0.0,0.0,0.0,0.0,44.84536485100507,optimal
2021-02-08 23:30:00,2,19,0.0,0.0,0.0,0.5725,11.2665,6.0,3,19.8366738931364,,0.0,0.0,0.0,0.0,44.800519486154066,optimal
2021-02-09 00:00:00,2,19,0.0,0.0,0.0,0.055,14.553,6.0,-22,19.8366738931364,,0.0,0.0,0.0,0.0,44.755718966667914,optimal
2021-02-09 00:30:00,2,19,1.7950195979343841,0.0,0.0,0.096,14.3325,6.0,-22,19.79172618568578,,639.5685927703446,0.0,5643.0,0.0,44.710963247701244,optimal
2021-02-09 01:00:00,2,19,0.0,0.0,0.0,0.15159999999999998,14.595,6.0,-22,19.760774686710477,,0.0,0.0,0.0,0.0,44.66625228445354,optimal
2021-02-09 01:30:00,2,19,0.0,0.0,0.0,0.1188,14.994,6.0,-22,19.719931426885505,,0.0,0.0,0.0,0.0,44.62158603216909,optimal
2021-02-09 02:00:00,2,19,2.0,0.0,0.0,0.05433333333333334,14.3325,6.0,-22,19.678272254508872,,7000.0,0.0,0.0,0.0,44.57696444613692,optimal
2021-02-09 02:30:00,2,19,2.0,0.0,0.0,0.2592,13.8915,6.0,-22,19.7772550845566,,7000.0,0.0,0.0,0.0,44.53238748169078,optimal
2021-02-09 03:00:00,2,19,2.0,0.0,0.0,0.27826666666666666,13.8915,6.0,-22,19.884314595475374,,7000.0,0.0,0.0,0.0,44.487855094209095,optimal
2021-02-09 03:30:00,2,19,2.0,0.0,3.1928493170736703,0.055,13.4715,6.0,-22,19.992436547941594,,7000.0,0.0,0.0,0.0,45.95997066472487,optimal
2021-02-09 04:00:00,2,19,2.0,0.0,5.0,0.1288,13.23,6.0,-22,20.09216756956407,,7000.0,0.0,0.0,0.0,48.289010694060146,optimal
2021-02-09 04:30:00,2,19,2.0,0.0,0.0,0.113,13.8915,6.0,-22,20.193390352144252,,7000.0,0.0,0.0,0.0,48.240721683366075,optimal
2021-02-09 05:00:00,2,19,0.0,0.0,0.0,0.12459999999999999,26.9325,6.0,-22,20.293772737973544,,0.0,0.0,0.0,0.0,48.192480961682705,optimal
2021-02-09 05:30:00,2,19,0.0,0.0,0.0,0.1404,30.303,6.0,-22,20.25244163376356,,0.0,0.0,0.0,0.0,48.144288480721016,optimal
2021-02-09 06:00:00,2,19,0.0,0.0,0.0,0.171,32.886,6.0,-22,20.21153680320527,,0.0,0.0,0.0,0.0,48.096144192240295,optimal
2021-02-09 06:30:00,2,19,0.0,0.0,0.0,0.19406666666666664,34.9965,6.0,-22,20.171356163264633,,0.0,0.0,0.0,0.0,48.048048048048045,optimal
2021-02-09 07:00:00,2,19,0.0,0.0,0.0,0.27363333333333334,33.327,6.0,-22,20.135370732308935,,0.0,0.0,0.0,0.0,48.0,optimal
2021-02-09 07:30:00,2,19,0.0,0.0,0.0,0.2751,31.122,6.0,-22,20.104071380379033,,0.0,0.0,0.0,0.0,47.86970907344317,optimal
2021-02-09 08:00:00,2,19,0.0,0.0,0.0,0.2653666666666667,17.9025,6.0,-22,20.073317399814556,,0.0,0.0,0.0,0.0,47.73954843781289,optimal
2021-02-09 08:30:00,2,19,0.0,0.0,0.0,0.31980000000000003,15.6555,6.0,-22,20.035210259794738,,0.0,0.0,0.0,0.0,47.60951796281825,optimal
2021-02-09 09:00:00,2,19,0.49021440968913144,0.0,0.0,0.20053333333333334,14.553,6.0,-22,20.0,,1715.75043391196,0.0,0.0,0.0,47.4796175182986,optimal
2021-02-09 09:30:00,2,19,0.08806645664278837,0.0,0.0,4.110766666666667,14.3325,6.0,-22,20.0,,308.2325982497593,0.0,0.0,0.0,47.349846974223475,optimal
2021-02-09 10:00:00,2,19,0.3297470495346729,0.0,0.0,0.8596666666666666,13.335,6.0,-22,20.0,,1154.1146733713551,0.0,0.0,0.0,47.220206200692424,optimal
2021-02-09 10:30:00,2,19,0.8391075832382645,0.0,0.0,0.31843333333333335,12.1275,6.0,-22,20.0,,2309.8765413339256,0.0,627.0,0.0,47.0906950679349,optimal
2021-02-09 11:00:00,2,19,0.0,0.0,0.0,0.8845333333333333,12.2955,6.0,-22,20.020062493669208,,0.0,0.0,0.0,0.0,46.961313446310136,optimal
2021-02-09 11:30:00,2,19,0.2989186356540095,0.0,0.0,2.096366666666667,11.6865,6.0,-22,20.0,,976.5485581223666,0.0,69.66666666666666,0.0,46.832061206306996,optimal
2021-02-09 12:00:00,2,19,0.4657196744869887,0.0,0.0,0.38160000000000005,11.466,6.0,-22,20.0,,1281.6855273711271,0.0,348.3333333333333,0.0,46.702938218543856,optimal
2021-02-09 12:30:00,2,19,2.0,0.0,0.0,0.26339999999999997,10.8045,6.0,-22,20.0,,5779.846664563827,0.0,1220.1533354361727,0.0,46.57394435376848,optimal
2021-02-09 13:00:00,2,19,2.0,0.0,0.0,0.6315333333333333,10.584,6.0,-22,20.08708081177801,,7000.0,0.0,0.0,0.0,46.445079482857885,optimal
2021-02-09 13:30:00,2,19,0.0,0.0,0.0,2.1378666666666666,11.2455,6.0,-22,20.194395121840444,,0.0,0.0,0.0,0.0,46.3163434768182,optimal
2021-02-09 14:00:00,2,19,0.0,0.0,0.0,0.14026666666666668,12.1275,6.0,-22,20.162034019664773,,0.0,0.0,0.0,0.0,46.18773620678455,optimal
2021-02-09 14:30:00,2,19,0.0,0.0,0.0,0.1906,11.823,6.0,-22,20.124792519991395,,0.0,0.0,0.0,0.0,46.05925754402094,optimal
2021-02-09 15:00:00,2,19,0.0,0.0,0.0,0.0708,11.7705,6.0,-22,20.0875247102185,,0.0,0.0,0.0,0.0,45.930907359920084,optimal
2021-02-09 15:30:00,2,19,0.26510864938732115,0.0,0.0,0.10479999999999999,11.13,6.0,-22,20.046032240316702,,927.880272855624,0.0,0.0,0.0,45.80268552600334,optimal
2021-02-09 16:00:00,2,19,0.0,0.0,0.0,0.7456,11.6865,6.0,-22,20.02666057753783,,0.0,0.0,0.0,0.0,45.6745919139205,optimal
2021-02-09 16:30:00,2,19,2.0,0.0,0.0,0.7235333333333333,10.7205,6.0,-22,20.0,,3413.1533354361727,0.0,3586.8466645638273,0.0,45.54662639544975,optimal
2021-02-09 17:00:00,2,19,0.0,0.0,0.0,3.1539333333333333,11.424,6.0,-22,20.034143834169086,,0.0,0.0,0.0,0.0,45.41878884249747,optimal
2021-02-09 17:30:00,2,19,2.0,0.0,0.0,3.505533333333333,10.689,6.0,-22,20.00387820899008,,7000.0,0.0,0.0,0.0,45.29107912709814,optimal
2021-02-09 18:00:00,2,19,0.0,0.0,0.0,2.208833333333333,11.361,6.0,-22,20.116649032704125,,0.0,0.0,0.0,0.0,45.16349712141422,optimal
2021-02-09 18:30:00,2,19,0.0,0.0,0.0,2.9856666666666665,11.571,6.0,-22,20.104987327401723,,0.0,0.0,0.0,0.0,45.03604269773597,optimal
2021-02-09 19:00:00,2,19,0.0,0.0,0.0,0.1444,14.3745,6.0,-22,20.08753709873871,,0.0,0.0,0.0,0.0,44.908715728481404,optimal
2021-02-09 19:30:00,2,19,0.0,0.0,0.0,0.34096666666666664,13.23,6.0,-22,20.053098703764608,,0.0,0.0,0.0,0.0,44.78151608619609,optimal
2021-02-09 20:00:00,2,19,0.0,0.0,0.0,0.5098,13.9755,6.0,-22,20.024721170388922,,0.0,0.0,0.0,0.0,44.654443643553066,optimal
2021-02-09 20:30:00,2,19,0.0,0.0,0.0,1.3132000000000001,14.994,6.0,-22,20.0,,0.0,0.0,0.0,0.0,44.527498273352684,optimal
2021-02-09 21:00:00,2,19,0.0,0.0,0.0,2.058833333333333,13.671,6.0,-22,19.975416280897804,,0.0,0.0,0.0,0.0,44.4006798485225,optimal
2021-02-09 21:30:00,2,19,0.0,0.0,0.0,3.3664333333333336,15.981,6.0,-22,19.953655054451687,,0.0,0.0,0.0,0.0,44.27398824211715,optimal
2021-02-09 22:00:00,2,19,0.0,0.0,0.0,1.7906666666666669,15.6345,6.0,-22,19.93216748090376,,0.0,0.0,0.0,0.0,44.1474233273182,optimal
2021-02-09 22:30:00,2,19,0.0,0.0,0.0,0.3035,16.5375,6.0,-22,19.90899588010652,,0.0,0.0,0.0,0.0,44.103275903990884,optimal
2021-02-09 23:00:00,2,19,0.0,0.0,0.0,0.5336000000000001,14.7735,6.0,-22,19.87971926816801,,0.0,0.0,0.0,0.0,44.05917262808689,optimal
2021-02-09 23:30:00,2,19,0.0,0.0,0.0,0.47626666666666667,15.2145,6.0,-22,19.84962969665227,,0.0,0.0,0.0,0.0,44.0151134554588,optimal
2021-02-10 00:00:00,2,19,2.0,0.0,4.59517064591969,0.05633333333333333,10.8675,6.0,-8,19.84962969665227,,6930.333333333333,0.0,69.66666666666666,0.0,46.15380439881519,optimal
2021-02-10 00:30:00,2,19,2.0,0.0,5.0,0.17503333333333332,10.542,6.0,-8,19.9474497241867,,0.0,0.0,7000.0,0.0,48.48265059441637,optimal
2021-02-10 01:00:00,2,19,2.0,0.0,0.0,0.2840666666666667,11.025,6.0,-8,19.90997636044608,,1878.0000000000018,0.0,5121.999999999998,0.0,48.434167943821954,optimal
2021-02-10 01:30:00,2,19,2.0,0.0,0.0,0.065,11.025,6.0,-8,19.909584658660485,,7000.0,0.0,0.0,0.0,48.38573377587813,optimal
2021-02-10 02:00:00,2,19,2.0,0.0,0.0,0.14393333333333333,14.553,6.0,-8,20.007994438574546,,7000.0,0.0,0.0,0.0,48.33734804210225,optimal
2021-02-10 02:30:00,2,19,2.0,0.0,0.0,0.24459999999999998,13.0935,6.0,-8,20.107485111423628,,7000.0,0.0,0.0,0.0,48.289010694060146,optimal
2021-02-10 03:00:00,2,19,2.0,0.0,0.0,0.11433333333333331,15.6345,6.0,-8,20.208751982900328,,7000.0,0.0,0.0,0.0,48.240721683366075,optimal
2021-02-10 03:30:00,2,19,0.0,0.0,0.0,0.2306,18.102,6.0,-8,20.30712464707505,,0.0,0.0,0.0,0.0,48.192480961682705,optimal
2021-02-10 04:00:00,2,19,0.0,0.0,0.0,0.13326666666666667,17.199,6.0,-8,20.266162726955603,,0.0,0.0,0.0,0.0,48.144288480721016,optimal
2021-02-10 04:30:00,2,19,0.0,0.0,0.0,0.139,18.2805,6.0,-8,20.223340364479647,,0.0,0.0,0.0,0.0,48.096144192240295,optimal
2021-02-10 05:00:00,2,19,0.0,0.0,0.0,0.2622,17.4615,6.0,-8,20.180485747589895,,0.0,0.0,0.0,0.0,48.048048048048045,optimal
2021-02-10 05:30:00,2,19,0.0,0.0,0.0,0.2362,18.3225,6.0,-8,20.14285135840629,,0.0,0.0,0.0,0.0,48.0,optimal
2021-02-10 06:00:00,2,19,0.0,0.0,0.0,0.48906666666666665,17.094,6.0,-8,20.114110255446427,,0.0,0.0,0.0,0.0,47.77016858797179,optimal
2021-02-10 06:30:00,2,19,0.0,0.0,0.0,1.458766666666667,17.094,6.0,-8,20.083558831862828,,0.0,0.0,0.0,0.0,47.540567007355605,optimal
2021-02-10 07:00:00,2,19,0.5168298249579251,0.0,0.0,0.08473333333333334,17.094,6.0,-8,20.050928236216667,,1808.904387352738,0.0,0.0,0.0,47.31119502832004,optimal
2021-02-10 07:30:00,2,19,0.0,0.0,0.0,0.2093333333333333,17.3565,6.0,-8,20.042532943415203,,0.0,0.0,0.0,0.0,47.08205242126351,optimal
2021-02-10 08:00:00,2,19,1.2434152151035145,0.0,0.0,0.15946666666666667,17.115,6.0,-8,20.0,,4351.953252862301,0.0,0.0,0.0,46.853138956814036,optimal
2021-02-10 08:30:00,2,19,0.0,0.0,0.0,0.09953333333333332,17.241,6.0,-8,20.044367604497943,,0.0,0.0,0.0,0.0,46.62445440582901,optimal
2021-02-10 09:00:00,2,19,0.6100118845401609,0.0,0.0,0.12913333333333332,17.094,6.0,-8,20.0,,2135.041595890563,0.0,0.0,0.0,46.395998539394974,optimal
2021-02-10 09:30:00,2,19,2.0,0.0,0.0,0.11586666666666666,16.5165,6.0,-8,20.0,,7000.0,0.0,0.0,0.0,46.16777112882737,optimal
2021-02-10 10:00:00,2,19,0.0,0.0,0.0,0.3187333333333333,17.8185,6.0,-8,20.098542182515533,,0.0,0.0,0.0,0.0,45.93977194567033,optimal
2021-02-10 10:30:00,2,19,1.3543535067141408,0.0,0.0,0.25939999999999996,17.094,6.0,-8,20.061289884994366,,4740.237273499493,0.0,0.0,0.0,45.71200076169645,optimal
2021-02-10 11:00:00,2,19,2.0,0.0,0.0,1.7410666666666665,16.8945,6.0,-8,20.119096135438387,,7000.0,0.0,0.0,0.0,45.484457348906545,optimal
2021-02-10 11:30:00,2,19,0.0,0.0,0.0,0.12203333333333331,18.123,6.0,-8,20.24474880227626,,0.0,0.0,0.0,0.0,45.25714147952943,optimal
2021-02-10 12:00:00,2,19,0.0,0.0,0.0,1.2343333333333333,31.647,6.0,-8,20.204206624506647,,0.0,0.0,0.0,0.0,45.03005292602169,optimal
2021-02-10 12:30:00,2,19,0.0,0.0,0.0,1.1466666666666667,34.9965,6.0,-8,20.17691868653731,,0.0,0.0,0.0,0.0,44.803191461067456,optimal
2021-02-10 13:00:00,2,19,0.0,0.0,0.0,1.4654,34.9965,6.0,-8,20.15361940853577,,0.0,0.0,0.0,0.0,44.576556857578176,optimal
2021-02-10 13:30:00,2,19,0.0,0.0,0.0,0.9263333333333333,34.9965,6.0,-8,20.13478268498584,,0.0,0.0,0.0,0.0,44.35014888869239,optimal
2021-02-10 14:00:00,2,19,0.0,0.0,0.0,0.6290666666666668,34.9965,6.0,-8,20.1127860356637,,0.0,0.0,0.0,0.0,44.12396732777549,optimal
2021-02-10 14:30:00,2,19,0.0,0.0,0.0,1.7866666666666668,34.9965,6.0,-8,20.088367552253274,,0.0,0.0,0.0,0.0,43.8980119484195,optimal
2021-02-10 15:00:00,2,19,0.0,0.0,0.0,0.7242999999999999,27.741,6.0,-8,20.067519344990423,,0.0,0.0,0.0,0.0,43.67228252444287,optimal
2021-02-10 15:30:00,2,19,0.0,0.0,0.0,0.36826666666666663,19.026,6.0,-8,20.042512843531235,,0.0,0.0,0.0,0.0,43.44677882989022,optimal
2021-02-10 16:00:00,2,19,0.0,0.0,0.0,1.9587999999999999,18.7215,6.0,-8,20.011072953813084,,0.0,0.0,0.0,0.0,43.22150063903212,optimal
2021-02-10 16:30:00,2,19,0.29142283176574146,0.0,0.0,0.9417666666666668,17.4195,6.0,-8,20.0,,1019.9799111800951,0.0,0.0,0.0,42.99644772636488,optimal
2021-02-10 17:00:00,2,19,0.4447748276721087,0.0,0.0,0.19203333333333333,16.758,6.0,-8,20.0,,1556.7118968523805,0.0,0.0,0.0,42.7716198666103,optimal
2021-02-10 17:30:00,2,19,0.4111054069263077,0.0,0.0,0.6369666666666667,14.217,6.0,-8,20.0,,1229.868924242077,0.0,209.0,0.0,42.54701683471548,optimal
2021-02-10 18:00:00,2,19,0.5658836146795404,0.0,0.0,0.223,13.3665,6.0,-8,20.0,,1980.5926513783913,0.0,0.0,0.0,42.32263840585255,optimal
2021-02-10 18:30:00,2,19,0.3912332663604196,0.0,0.0,1.3380666666666665,12.789,6.0,-8,20.0,,1369.3164322614687,0.0,0.0,0.0,42.09848435541849,optimal
2021-02-10 19:00:00,2,19,0.42464196566028145,0.0,0.0,0.37406666666666666,11.907,6.0,-8,20.0,,1416.5802131443183,0.0,69.66666666666666,0.0,41.87455445903486,optimal
2021-02-10 19:30:00,2,19,0.4700557360560648,0.0,0.0,0.3476666666666667,11.7075,6.0,-8,20.0,,1505.8617428628936,0.0,139.33333333333331,0.0,41.65084849254762,optimal
2021-02-10 20:00:00,2,19,0.712402839785168,0.0,0.0,0.332,10.8045,6.0,-8,20.0,,1587.7432725814215,0.0,905.6666666666666,0.0,41.42736623202686,optimal
2021-02-10 20:30:00,2,19,0.0,0.0,0.0,0.4476666666666667,11.508,6.0,-8,20.0,,0.0,0.0,0.0,0.0,41.204107453766625,optimal
2021-02-10 21:00:00,2,19,0.0,0.0,0.0,0.4993333333333333,11.508,6.0,-8,19.966394086192643,,0.0,0.0,0.0,0.0,41.16290334631286,optimal
2021-02-10 21:30:00,2,19,0.0,0.0,0.0,0.27263333333333334,11.508,6.0,-8,19.93222040412247,,0.0,0.0,0.0,0.0,41.12174044296655,optimal
2021-02-10 22:00:00,2,19,0.0,0.0,0.0,0.6190666666666668,11.844,6.0,-8,19.889769118617867,,0.0,0.0,0.0,0.0,41.08061870252358,optimal
2021-02-10 22:30:00,2,19,0.0,0.0,0.0,0.34363333333333335,11.508,6.0,-8,19.8518030624677,,0.0,0.0,0.0,0.0,41.03953808382106,optimal
2021-02-10 23:00:00,2,19,0.0,0.0,0.0,0.1723,11.508,6.0,-8,19.806325492679754,,0.0,0.0,0.0,0.0,40.998498545737235,optimal
2021-02-10 23:30:00,2,19,0.0398095238095238,0.0,0.0,0.3116666666666667,10.4475,6.0,-8,19.756240339578575,,0.0,0.0,139.33333333333331,0.0,40.957500047191495,optimal
2021-02-11 00:00:00,2,19,0.0,0.0,0.0,0.042333333333333334,21.4305,6.0,10,19.756240339578575,,0.0,0.0,0.0,0.0,40.9165425471443,optimal
2021-02-11 00:30:00,2,19,0.0,0.0,0.0,0.052,14.3325,6.0,10,19.700141613293134,,0.0,0.0,0.0,0.0,40.87562600459716,optimal
2021-02-11 01:00:00,2,19,0.0,0.0,0.0,0.1162,13.692,6.0,10,19.64444718627435,,0.0,0.0,0.0,0.0,40.83475037859256,optimal
2021-02-11 01:30:00,2,19,0.0,0.0,0.0,0.052,14.007,6.0,10,19.590453116092025,,0.0,0.0,0.0,0.0,40.793915628213966,optimal
2021-02-11 02:00:00,2,19,0.0,0.0,0.0,0.052,12.873,6.0,10,19.535301787070654,,0.0,0.0,0.0,0.0,40.75312171258575,optimal
2021-02-11 02:30:00,2,19,0.9219176272626771,0.0,0.0,0.052,12.684,6.0,10,19.48029330125121,,0.0,0.0,3226.71169541937,0.0,40.71236859087317,optimal
2021-02-11 03:00:00,2,19,2.0,0.0,0.0,0.1162,12.306,6.0,10,19.425168286382345,,0.0,0.0,7000.0,0.0,40.671656222282294,optimal
2021-02-11 03:30:00,2,19,2.0,0.0,5.0,0.052,10.6365,6.0,10,19.37122414899111,,0.0,0.0,7000.0,0.0,43.005984566060015,optimal
2021-02-11 04:00:00,2,19,2.0,0.0,0.9944586701041808,0.052,11.2455,6.0,10,19.31677012914421,,5695.378362086037,0.0,1304.6216379139632,0.0,43.435346449793435,optimal
2021-02-11 04:30:00,2,19,2.0,0.0,5.0,0.0627,11.2455,6.0,10,19.378174778678456,,7000.0,0.0,0.0,0.0,45.76691110334364,optimal
2021-02-11 05:00:00,2,19,2.0,0.0,5.0,0.1055,11.025,6.0,10,19.465995309284228,,7000.0,0.0,0.0,0.0,48.096144192240295,optimal
2021-02-11 05:30:00,2,19,2.0,0.0,0.0,0.052,12.0855,6.0,10,19.55445311918584,,7000.0,0.0,0.0,0.0,48.048048048048045,optimal
2021-02-11 06:00:00,2,19,2.0,0.0,0.0,0.11486666666666666,11.6865,6.0,10,19.64224840645461,,7000.0,0.0,0.0,0.0,48.0,optimal
2021-02-11 06:30:00,2,19,2.0,0.0,0.0,0.05,11.2245,6.0,10,19.73536398099894,,7000.0,0.0,0.0,0.0,47.78280778612715,optimal
2021-02-11 07:00:00,2,19,2.0,0.0,0.0,0.17413333333333333,11.025,6.0,10,19.82937348263039,,7000.0,0.0,0.0,0.0,47.565832764468176,optimal
2021-02-11 07:30:00,2,19,2.0,0.0,0.0,0.4352,10.7835,6.0,10,19.926709192911808,,7000.0,0.0,0.0,0.0,47.34907471783086,optimal
2021-02-11 08:00:00,2,19,2.0,0.0,0.0,0.3306,11.025,6.0,10,20.03039233636524,,7000.0,0.0,0.0,0.0,47.13253342924018,optimal
2021-02-11 08:30:00,2,19,2.0,0.0,0.0,1.5276666666666667,10.584,6.0,10,20.13647003637013,,7000.0,0.0,0.0,0.0,46.916208681938095,optimal
2021-02-11 09:00:00,2,19,2.0,0.0,0.0,0.2544666666666667,11.025,6.0,10,20.26233914368459,,7000.0,0.0,0.0,0.0,46.70010025938331,optimal
2021-02-11 09:30:00,2,19,2.0,0.0,0.0,0.09466666666666669,10.4265,6.0,10,20.3627093470474,,7000.0,0.0,0.0,0.0,46.48420794525108,optimal
2021-02-11 10:00:00,2,19,2.0,0.0,0.0,0.17286666666666667,12.789,6.0,10,20.46438644793201,,7000.0,0.0,0.0,0.0,46.26853152343298,optimal
2021-02-11 10:30:00,2,19,2.0,0.0,0.0,0.13240000000000002,12.684,6.0,10,20.571788399314798,,7000.0,0.0,0.0,0.0,46.053070778036705,optimal
2021-02-11 11:00:00,2,19,0.0,0.0,0.0,1.5314333333333334,16.254,6.0,10,20.67169993141541,,0.0,0.0,0.0,0.0,45.83782549338582,optimal
2021-02-11 11:30:00,2,19,0.0,0.0,0.0,0.122,17.64,6.0,10,20.62658255876506,,0.0,0.0,0.0,0.0,45.62279545401959,optimal
2021-02-11 12:00:00,2,19,0.0,0.0,0.0,0.31939999999999996,19.1625,6.0,10,20.57976079949429,,0.0,0.0,0.0,0.0,45.40798044469272,optimal
2021-02-11 12:30:00,2,19,0.0,0.0,0.0,0.3049,26.46,6.0,10,20.537819282922147,,0.0,0.0,0.0,0.0,45.19338025037518,optimal
2021-02-11 13:00:00,2,19,0.0,0.0,0.0,1.5007000000000001,20.79,6.0,10,20.495915249923907,,0.0,0.0,0.0,0.0,44.978994656251956,optimal
2021-02-11 13:30:00,2,19,0.0,0.0,0.0,2.549,29.106,6.0,10,20.462713342953624,,0.0,0.0,0.0,0.0,44.764823447722854,optimal
2021-02-11 14:00:00,2,19,0.0,0.0,0.0,1.5303,19.1835,6.0,10,20.43052653538686,,0.0,0.0,0.0,0.0,44.550866410402286,optimal
2021-02-11 14:30:00,2,19,0.0,0.0,0.0,0.2062,19.6665,6.0,10,20.399058295608455,,0.0,0.0,0.0,0.0,44.337123330119034,optimal
2021-02-11 15:00:00,2,19,0.0,0.0,0.0,0.8146333333333333,19.404,6.0,10,20.372175311425348,,0.0,0.0,0.0,0.0,44.12359399291607,optimal
2021-02-11 15:30:00,2,19,0.0,0.0,0.0,1.1182333333333332,19.047,6.0,10,20.351576051905504,,0.0,0.0,0.0,0.0,43.91027818505031,optimal
2021-02-11 16:00:00,2,19,0.0,0.0,0.0,2.8841,18.858,6.0,10,20.33460987708476,,0.0,0.0,0.0,0.0,43.69717569299241,optimal
2021-02-11 16:30:00,2,19,0.0,0.0,0.0,3.3219333333333334,19.2675,6.0,10,20.309628116726138,,0.0,0.0,0.0,0.0,43.48428630342657,optimal
2021-02-11 17:00:00,2,19,0.0,0.0,0.0,0.5449333333333333,18.963,6.0,10,20.292045422325472,,0.0,0.0,0.0,0.0,43.2716098032503,optimal
2021-02-11 17:30:00,2,19,0.0,0.0,0.0,0.1813333333333333,18.438,6.0,10,20.25936479998621,,0.0,0.0,0.0,0.0,43.059145979574204,optimal
2021-02-11 18:00:00,2,19,0.0,0.0,0.0,0.1742,18.7425,6.0,10,20.216989889092613,,0.0,0.0,0.0,0.0,42.84689461972178,optimal
2021-02-11 18:30:00,2,19,0.0,0.0,0.0,0.2349333333333333,15.2145,6.0,10,20.174563364044147,,0.0,0.0,0.0,0.0,42.63485551122921,optimal
2021-02-11 19:00:00,2,19,0.0,0.0,0.0,0.19806666666666664,17.7765,6.0,10,20.128352773189594,,0.0,0.0,0.0,0.0,42.42302844184513,optimal
2021-02-11 19:30:00,2,19,0.0,0.0,0.0,0.24753333333333333,16.758,6.0,10,20.086026627007943,,0.0,0.0,0.0,0.0,42.38060541340329,optimal
2021-02-11 20:00:00,2,19,0.0,0.0,0.0,0.3,16.422,6.0,10,20.04555330018303,,0.0,0.0,0.0,0.0,42.33822480798988,optimal
2021-02-11 20:30:00,2,19,0.0,0.0,0.0,0.3935,16.758,6.0,10,20.0,,0.0,0.0,0.0,0.0,42.29588658318189,optimal
2021-02-11 21:00:00,2,19,0.0,0.0,0.0,0.8266333333333333,29.358,6.0,10,19.956665628760888,,0.0,0.0,0.0,0.0,42.25359069659871,optimal
2021-02-11 21:30:00,2,19,0.0,0.0,0.0,0.3979333333333333,34.9965,6.0,10,19.92404296710856,,0.0,0.0,0.0,0.0,42.21133710590211,optimal
2021-02-11 22:00:00,2,19,0.0,0.0,0.0,0.9144,34.65,6.0,10,19.88129567173553,,0.0,0.0,0.0,0.0,42.169125768796206,optimal
2021-02-11 22:30:00,2,19,0.0,0.0,0.0,0.1432,34.9965,6.0,10,19.84282122590575,,0.0,0.0,0.0,0.0,42.12695664302741,optimal
2021-02-11 23:00:00,2,19,0.0,0.0,0.0,0.21356666666666663,34.9965,6.0,10,19.79338832912959,,0.0,0.0,0.0,0.0,42.08482968638439,optimal
2021-02-11 23:30:00,2,19,0.0,0.0,0.0,0.22173333333333328,30.4815,6.0,10,19.738987668170328,,0.0,0.0,0.0,0.0,42.04274485669801,optimal
2021-02-12 00:00:00,2,19,0.0,0.0,0.0,0.05,26.712,6.0,11,19.738987668170328,,0.0,0.0,0.0,0.0,42.000702111841306,optimal
2021-02-12 00:30:00,2,19,0.0,0.0,0.0,0.058,15.435,6.0,11,19.6764477614001,,0.0,0.0,0.0,0.0,41.958701409729464,optimal
2021-02-12 01:00:00,2,19,0.0,0.0,0.0,0.058,13.566,6.0,11,19.614069834416934,,0.0,0.0,0.0,0.0,41.91674270831974,optimal
2021-02-12 01:30:00,2,19,0.0,0.0,0.0,0.1739,12.789,6.0,11,19.551853467689476,,0.0,0.0,0.0,0.0,41.87482596561142,optimal
2021-02-12 02:00:00,2,19,0.0,0.0,0.0,0.07429999999999999,12.1275,6.0,11,19.49239890294453,,0.0,0.0,0.0,0.0,41.83295113964581,optimal
2021-02-12 02:30:00,2,19,0.0,0.0,0.0,0.0541,13.671,6.0,11,19.431385406733035,,0.0,0.0,0.0,0.0,41.79111818850616,optimal
2021-02-12 03:00:00,2,19,2.0,0.0,0.0,0.1761,10.668,6.0,11,19.371060453418995,,0.0,0.0,7000.0,0.0,41.749327070317655,optimal
2021-02-12 03:30:00,2,19,2.0,0.0,0.0,0.048,11.7285,6.0,11,19.31413365300385,,0.0,0.0,7000.0,0.0,41.707577743247334,optimal
2021-02-12 04:00:00,2,19,2.0,0.0,0.0,0.1598,11.025,6.0,11,19.256579162100053,,6555.828316650182,0.0,444.1716833498176,0.0,41.66587016550409,optimal
2021-02-12 04:30:00,2,19,2.0,0.0,0.0,0.0804,10.689,6.0,11,19.33565993083497,,7000.0,0.0,0.0,0.0,41.624204295338586,optimal
2021-02-12 05:00:00,2,19,2.0,0.0,5.0,0.0683,8.1585,6.0,11,19.423597561879145,,7000.0,0.0,0.0,0.0,43.95758009104325,optimal
2021-02-12 05:30:00,2,19,2.0,0.0,3.891635149438188,0.1739,10.3635,6.0,11,19.512997203287558,,7000.0,0.0,0.0,0.0,45.76214920693534,optimal
2021-02-12 06:00:00,2,19,2.0,0.0,0.0,0.056,10.8045,6.0,11,19.60620923828759,,7000.0,0.0,0.0,0.0,45.716387057728404,optimal
2021-02-12 06:30:00,2,19,2.0,0.0,0.0,0.18953333333333333,11.025,6.0,11,19.70150374833143,,7000.0,0.0,0.0,0.0,45.670670670670674,optimal
2021-02-12 07:00:00,2,19,2.0,0.0,5.0,0.05213333333333333,10.3635,6.0,11,19.800580535104526,,7000.0,0.0,0.0,0.0,48.0,optimal
2021-02-12 07:30:00,2,19,2.0,0.0,0.0,0.15259999999999999,10.8045,6.0,11,19.901273348999723,,7000.0,0.0,0.0,0.0,47.86052810472489,optimal
2021-02-12 08:00:00,2,19,2.0,0.0,0.0,0.1732,10.059,6.0,11,20.0,,6744.5050166831525,0.0,255.49498331684723,0.0,47.72119568134506,optimal
2021-02-12 08:30:00,2,19,2.0,0.0,0.0,0.06409999999999999,10.584,6.0,11,20.08584063900597,,7000.0,0.0,0.0,0.0,47.582002590388605,optimal
2021-02-12 09:00:00,2,19,2.0,0.0,0.0,0.1861,9.4185,6.0,11,20.165971975486443,,7000.0,0.0,0.0,0.0,47.44294869252311,optimal
2021-02-12 09:30:00,2,19,2.0,0.0,0.0,0.058,10.3635,6.0,11,20.247842669884037,,7000.0,0.0,0.0,0.0,47.304033848555484,optimal
2021-02-12 10:00:00,2,19,2.0,0.0,0.0,0.058,9.8385,6.0,11,20.332611219373742,,7000.0,0.0,0.0,0.0,47.16525791943182,optimal
2021-02-12 10:30:00,2,19,2.0,0.0,0.0,0.19219999999999998,11.067,6.0,11,20.422858268701805,,7000.0,0.0,0.0,0.0,47.026620766237286,optimal
2021-02-12 11:00:00,2,19,2.0,0.0,0.0,0.072,10.8465,6.0,11,20.5166189785907,,7000.0,0.0,0.0,0.0,46.88812225019594,optimal
2021-02-12 11:30:00,2,19,0.0,0.0,0.0,0.16169999999999998,13.671,6.0,11,20.609734323400758,,0.0,0.0,0.0,0.0,46.74976223267064,optimal
2021-02-12 12:00:00,2,19,0.0,0.0,0.0,0.0885,12.348,6.0,11,20.562131443387297,,0.0,0.0,0.0,0.0,46.61154057516286,optimal
2021-02-12 12:30:00,2,19,0.0,0.0,0.0,0.1007,14.3325,6.0,11,20.513302415887,,0.0,0.0,0.0,0.0,46.47345713931259,optimal
2021-02-12 13:00:00,2,19,0.0,0.0,0.0,0.1495,15.393,6.0,11,20.464975848129296,,0.0,0.0,0.0,0.0,46.335511786898174,optimal
2021-02-12 13:30:00,2,19,0.0,0.0,0.0,0.058,13.587,6.0,11,20.417889909603268,,0.0,0.0,0.0,0.0,46.19770437983617,optimal
2021-02-12 14:00:00,2,19,0.0,0.0,0.0,0.19219999999999998,16.1385,6.0,11,20.368818245169866,,0.0,0.0,0.0,0.0,46.060034780181226,optimal
2021-02-12 14:30:00,2,19,0.0,0.0,0.0,0.058,14.595,6.0,11,20.322326068020992,,0.0,0.0,0.0,0.0,45.92250285012594,optimal
2021-02-12 15:00:00,2,19,0.0,0.0,0.0,0.18,14.637,6.0,11,20.272983911045447,,0.0,0.0,0.0,0.0,45.785108452000706,optimal
2021-02-12 15:30:00,2,19,0.0,0.0,0.0,0.0702,13.9125,6.0,11,20.225975451348816,,0.0,0.0,0.0,0.0,45.6478514482736,optimal
2021-02-12 16:00:00,2,19,0.0,0.0,0.0,0.13119999999999998,13.3665,6.0,11,20.17648182847488,,0.0,0.0,0.0,0.0,45.51073170155022,optimal
2021-02-12 16:30:00,2,19,0.0,0.0,0.0,0.119,13.0095,6.0,11,20.1279603413233,,0.0,0.0,0.0,0.0,45.37374907457357,optimal
2021-02-12 17:00:00,2,19,0.0,0.0,0.0,0.5601666666666666,13.8915,6.0,11,20.07854102877528,,0.0,0.0,0.0,0.0,45.23690343022389,optimal
2021-02-12 17:30:00,2,19,0.0,0.0,0.0,1.2329666666666668,13.188,6.0,11,20.03701851006823,,0.0,0.0,0.0,0.0,45.10019463151856,optimal
2021-02-12 18:00:00,2,19,0.4859805133029957,0.0,0.0,0.38530000000000003,12.5685,6.0,11,20.002776418053738,,1700.9317965604848,0.0,0.0,0.0,44.96362254161194,optimal
2021-02-12 18:30:00,2,19,0.4157744496764027,0.0,0.0,0.5825,12.285,6.0,11,20.0,,1455.2105738674095,0.0,0.0,0.0,44.827187023795226,optimal
2021-02-12 19:00:00,2,19,1.1366985895660637,0.0,0.0,0.5917,11.487,6.0,11,20.0,,3769.445063481223,0.0,209.0,0.0,44.69088794149633,optimal
2021-02-12 19:30:00,2,19,0.0,0.0,0.0,0.4481666666666667,11.802,6.0,11,20.039929641515908,,0.0,0.0,0.0,0.0,44.55472515827972,optimal
2021-02-12 20:00:00,2,19,0.5860148867388417,0.0,0.0,0.40976666666666667,11.2245,6.0,11,20.0,,1981.3854369192793,0.0,69.66666666666666,0.0,44.41869853784634,optimal
2021-02-12 20:30:00,2,19,1.1544761904761904,0.0,0.0,0.27576666666666666,11.025,6.0,11,20.0,,0.0,0.0,4040.6666666666665,0.0,44.28280794403339,optimal
2021-02-12 21:00:00,2,19,0.0,0.0,0.0,0.38189999999999996,11.907,6.0,11,19.957342071037235,,0.0,0.0,0.0,0.0,44.147053240814245,optimal
2021-02-12 21:30:00,2,19,0.0,0.0,0.0,0.573,25.83,6.0,11,19.91729261940357,,0.0,0.0,0.0,0.0,44.011434292298325,optimal
2021-02-12 22:00:00,2,19,0.0,0.0,0.0,0.43089999999999995,28.035,6.0,11,19.880677404503793,,0.0,0.0,0.0,0.0,43.87595096273092,optimal
2021-02-12 22:30:00,2,19,0.0,0.0,0.0,0.4034,28.119,6.0,11,19.843505972359928,,0.0,0.0,0.0,0.0,43.740603116493084,optimal
2021-02-12 23:00:00,2,19,0.0,0.0,0.0,0.4894333333333333,30.156,6.0,11,19.807241000417633,,0.0,0.0,0.0,0.0,43.696862513376594,optimal
2021-02-12 23:30:00,2,19,0.0,0.0,0.0,0.3937,29.1585,6.0,11,19.776138496639515,,0.0,0.0,0.0,0.0,43.653165650863215,optimal
2021-02-13 00:00:00,2,19,2.0,0.0,0.0,0.07433333333333333,9.4815,6.0,-4,19.776138496639515,,7000.0,0.0,0.0,0.0,43.60951248521235,optimal
2021-02-13 00:30:00,2,19,2.0,0.0,0.0,0.1853333333333333,8.379,6.0,-4,19.874303060207424,,0.0,0.0,7000.0,0.0,43.56590297272714,optimal
2021-02-13 01:00:00,2,19,2.0,0.0,0.0,0.18066666666666664,9.5235,6.0,-4,19.833156671226007,,5500.666666666667,0.0,1499.3333333333333,0.0,43.52233706975441,optimal
2021-02-13 01:30:00,2,19,2.0,0.0,0.6115171267586412,0.09283333333333331,8.1375,6.0,-4,19.903288214983863,,7000.0,0.0,0.0,0.0,43.769285367895,optimal
2021-02-13 02:00:00,2,19,2.0,0.0,0.0,0.16683333333333333,10.0905,6.0,-4,20.00188573758376,,7000.0,0.0,0.0,0.0,43.7255160825271,optimal
2021-02-13 02:30:00,2,19,2.0,0.0,5.0,0.062,7.539,6.0,-4,20.10185249661229,,7000.0,0.0,0.0,0.0,46.056790566444576,optimal
2021-02-13 03:00:00,2,19,2.0,0.0,5.0,0.12133333333333332,7.938,6.0,-4,20.199442273861695,,7000.0,0.0,0.0,0.0,48.38573377587813,optimal
2021-02-13 03:30:00,2,19,2.0,0.0,0.0,0.183,8.274,6.0,-4,20.29797806933978,,7000.0,0.0,0.0,0.0,48.33734804210225,optimal
2021-02-13 04:00:00,2,19,2.0,0.0,0.0,0.1716,9.261,6.0,-4,20.397375074649936,,7000.0,0.0,0.0,0.0,48.289010694060146,optimal
2021-02-13 04:30:00,2,19,2.0,0.0,0.0,0.14506666666666665,9.9225,6.0,-4,20.496154811298524,,7000.0,0.0,0.0,0.0,48.240721683366075,optimal
2021-02-13 05:00:00,2,19,2.0,0.0,0.0,0.19766666666666663,9.702,6.0,-4,20.59388362115119,,7000.0,0.0,0.0,0.0,48.192480961682705,optimal
2021-02-13 05:30:00,2,19,2.0,0.0,0.0,0.12133333333333332,10.584,6.0,-4,20.69216304575402,,7000.0,0.0,0.0,0.0,48.144288480721016,optimal
2021-02-13 06:00:00,2,19,2.0,0.0,0.0,0.13766666666666666,10.143,6.0,-4,20.78838667404155,,7000.0,0.0,0.0,0.0,48.096144192240295,optimal
2021-02-13 06:30:00,2,19,0.0,0.0,0.0,0.19466666666666663,13.0095,6.0,-4,20.88435126283675,,0.0,0.0,0.0,0.0,48.048048048048045,optimal
2021-02-13 07:00:00,2,19,0.0,0.0,0.0,0.2699,11.025,6.0,-4,20.840812207153174,,0.0,0.0,0.0,0.0,48.0,optimal
2021-02-13 07:30:00,2,19,0.0,0.0,0.0,0.5582999999999999,12.789,6.0,-4,20.806629110262705,,0.0,0.0,0.0,0.0,47.873448031619354,optimal
2021-02-13 08:00:00,2,19,0.0,0.0,0.0,0.9720666666666669,12.1275,6.0,-4,20.772318842972595,,0.0,0.0,0.0,0.0,47.747022615207094,optimal
2021-02-13 08:30:00,2,19,0.0,0.0,0.0,0.19,12.1695,6.0,-4,20.727232276034663,,0.0,0.0,0.0,0.0,47.620723624211244,optimal
2021-02-13 09:00:00,2,19,0.0,0.0,0.0,0.17066666666666666,12.306,6.0,-4,20.674001751858285,,0.0,0.0,0.0,0.0,47.49455093220639,optimal
2021-02-13 09:30:00,2,19,0.0,0.0,0.0,0.3183333333333333,13.23,6.0,-4,20.6206345157257,,0.0,0.0,0.0,0.0,47.368504412893536,optimal
2021-02-13 10:00:00,2,19,0.0,0.0,0.0,0.26253333333333334,13.671,6.0,-4,20.573016487281624,,0.0,0.0,0.0,0.0,47.2425839401,optimal
2021-02-13 10:30:00,2,19,0.0,0.0,0.0,0.5418,13.9335,6.0,-4,20.528034138770767,,0.0,0.0,0.0,0.0,47.11678938777926,optimal
2021-02-13 11:00:00,2,19,0.0,0.0,0.0,0.3905666666666667,13.293,6.0,-4,20.48867815473979,,0.0,0.0,0.0,0.0,46.99112063001083,optimal
2021-02-13 11:30:00,2,19,0.0,0.0,0.0,0.2084,12.1065,6.0,-4,20.44702068334816,,0.0,0.0,0.0,0.0,46.86557754100018,optimal
2021-02-13 12:00:00,2,19,0.0,0.0,0.0,0.26326666666666665,11.571,6.0,-4,20.400748249961595,,0.0,0.0,0.0,0.0,46.740159995078535,optimal
2021-02-13 12:30:00,2,19,0.872646868145278,0.0,0.0,0.5091333333333333,11.025,6.0,-4,20.35672267958863,,3054.2640385084733,0.0,0.0,0.0,46.61486786670281,optimal
2021-02-13 13:00:00,2,19,2.0,0.0,0.0,0.062,10.8465,6.0,-4,20.379382712099055,,7000.0,0.0,0.0,0.0,46.489701030455464,optimal
2021-02-13 13:30:00,2,19,0.0,0.0,0.0,0.5377333333333334,11.2455,6.0,-4,20.468544961330107,,0.0,0.0,0.0,0.0,46.36465936104437,optimal
2021-02-13 14:00:00,2,19,0.0,0.0,0.0,0.28396666666666665,23.8665,6.0,-4,20.429709833049834,,0.0,0.0,0.0,0.0,46.23974273330268,optimal
2021-02-13 14:30:00,2,19,0.0,0.0,0.0,0.5667666666666666,27.4575,6.0,-4,20.388215119794744,,0.0,0.0,0.0,0.0,46.11495102218873,optimal
2021-02-13 15:00:00,2,19,0.0,0.0,0.0,0.6108333333333333,27.3735,6.0,-4,20.354736835621015,,0.0,0.0,0.0,0.0,45.99028410278589,optimal
2021-02-13 15:30:00,2,19,0.0,0.0,0.0,0.32773333333333327,30.4605,6.0,-4,20.326767762312834,,0.0,0.0,0.0,0.0,45.86574185030246,optimal
2021-02-13 16:00:00,2,19,0.0,0.0,0.0,0.21456666666666663,30.0195,6.0,-4,20.292138052691673,,0.0,0.0,0.0,0.0,45.74132414007152,optimal
2021-02-13 16:30:00,2,19,0.0,0.0,0.0,0.8986333333333333,26.9325,6.0,-4,20.254459943419572,,0.0,0.0,0.0,0.0,45.6170308475508,optimal
2021-02-13 17:00:00,2,19,0.0,0.0,0.0,1.8348333333333333,14.595,6.0,-4,20.231218961068937,,0.0,0.0,0.0,0.0,45.492861848322605,optimal
2021-02-13 17:30:00,2,19,0.0,0.0,0.0,0.45913333333333334,12.4845,6.0,-4,20.227421334413833,,0.0,0.0,0.0,0.0,45.36881701809364,optimal
2021-02-13 18:00:00,2,19,0.0,0.0,0.0,0.21506666666666663,12.1275,6.0,-4,20.19679601724835,,0.0,0.0,0.0,0.0,45.2448962326949,optimal
2021-02-13 18:30:00,2,19,0.0,0.0,0.0,0.183,12.1275,6.0,-4,20.150775292265497,,0.0,0.0,0.0,0.0,45.12109936808156,optimal
2021-02-13 19:00:00,2,19,0.0,0.0,0.0,0.08979999999999999,12.789,6.0,-4,20.10121392706284,,0.0,0.0,0.0,0.0,44.99742630033283,optimal
2021-02-13 19:30:00,2,19,0.0,0.0,0.0,0.17903333333333332,11.907,6.0,-4,20.049768401496973,,0.0,0.0,0.0,0.0,44.873876905651855,optimal
2021-02-13 20:00:00,2,19,0.6992148867388056,0.0,0.0,0.2015,11.025,6.0,-4,20.0,,2447.2521035858194,0.0,0.0,0.0,44.750451060365556,optimal
2021-02-13 20:30:00,2,19,0.0,0.0,0.0,0.19066666666666662,8.2005,6.0,-4,20.0,,0.0,0.0,0.0,0.0,44.627148640924545,optimal
2021-02-13 21:00:00,2,19,0.0,0.0,0.0,0.4243,9.5655,6.0,-4,19.950336538816266,,0.0,0.0,0.0,0.0,44.503969523902974,optimal
2021-02-13 21:30:00,2,19,0.21895238095238095,0.0,0.0,0.6307333333333334,7.056,6.0,-4,19.910426277988012,,0.0,0.0,766.3333333333334,0.0,44.38091358599843,optimal
2021-02-13 22:00:00,2,19,0.0,0.0,0.0,0.728,9.3975,6.0,-4,19.883138339144676,,0.0,0.0,0.0,0.0,44.25798070403179,optimal
2021-02-13 22:30:00,2,19,0.0,0.0,0.0,0.6686333333333333,10.059,6.0,-4,19.859716563225376,,0.0,0.0,0.0,0.0,44.13517075494711,optimal
2021-02-13 23:00:00,2,19,0.0,0.0,0.0,0.8072,9.261,6.0,-4,19.834484069707962,,0.0,0.0,0.0,0.0,44.09103558419216,optimal
2021-02-13 23:30:00,2,19,0.0,0.0,0.0,0.6627666666666666,8.1585,6.0,-4,19.81330205025852,,0.0,0.0,0.0,0.0,44.04694454860797,optimal
2021-02-07 00:00:00,3,19,0.0,0.0,0.0,0.063,12.0855,6.0,8,21.0,,0.0,0.0,0.0,0.0,47.952,optimal
2021-02-07 00:30:00,3,19,0.0,0.0,0.0,0.063,11.907,6.0,8,20.961827395175185,,0.0,0.0,0.0,0.0,47.904047999999996,optimal
2021-02-07 01:00:00,3,19,0.0,0.0,0.0,0.2703333333333333,12.5685,6.0,8,20.92349465598462,,0.0,0.0,0.0,0.0,47.856143952,optimal
2021-02-07 01:30:00,3,19,0.0,0.0,0.0,0.063,13.146,6.0,8,20.889191185405288,,0.0,0.0,0.0,0.0,47.80828780804799,optimal
2021-02-07 02:00:00,3,19,0.0,0.0,0.0,0.15253333333333333,10.584,6.0,8,20.850658072230896,,0.0,0.0,0.0,0.0,47.76047952023995,optimal
2021-02-07 02:30:00,3,19,0.0,0.0,0.0,0.18080000000000002,6.678,6.0,8,20.813904202061433,,0.0,0.0,0.0,0.0,47.712719040719705,optimal
2021-02-07 03:00:00,3,19,0.0,0.0,0.0,0.063,7.938,6.0,8,20.777557626188912,,0.0,0.0,0.0,0.0,47.66500632167899,optimal
2021-02-07 03:30:00,3,19,0.0,0.0,0.0,0.11633333333333332,5.292,6.0,8,20.73866614077235,,0.0,0.0,0.0,0.0,47.61734131535731,optimal
2021-02-07 04:00:00,3,19,0.0,0.0,0.0,0.217,9.261,6.0,8,20.700823437290516,,0.0,0.0,0.0,0.0,47.56972397404195,optimal
2021-02-07 04:30:00,3,19,0.0,0.0,0.0,0.07713333333333335,10.3635,6.0,8,20.66498312787585,,0.0,0.0,0.0,0.0,47.522154250067906,optimal
2021-02-07 05:00:00,3,19,0.0,0.0,0.0,0.1386,8.274,6.0,8,20.62640976230607,,0.0,0.0,0.0,0.0,47.47463209581784,optimal
2021-02-07 05:30:00,3,19,0.0,0.0,0.0,0.17993333333333333,7.7175,6.0,8,20.58917818274473,,0.0,0.0,0.0,0.0,47.42715746372202,optimal
2021-02-07 06:00:00,3,19,0.0,0.0,0.0,0.07940000000000001,6.615,6.0,8,20.55331454664956,,0.0,0.0,0.0,0.0,47.379730306258296,optimal
2021-02-07 06:30:00,3,19,0.0,0.0,0.0,0.40663333333333335,6.174,6.0,8,20.516526183848868,,0.0,0.0,0.0,0.0,47.332350575952034,optimal
2021-02-07 07:00:00,3,19,0.0,0.0,1.5052247886819266,0.2677,3.906,6.0,8,20.48857253925224,,0.0,0.0,0.0,0.0,48.0,optimal
2021-02-07 07:30:00,3,19,0.0,0.0,0.0,0.15506666666666666,2.3415,6.0,8,20.461458722470713,,0.0,0.0,0.0,0.0,47.80305200387514,optimal
2021-02-07 08:00:00,3,19,1.3257494700747903,0.0,0.0,0.1886,2.205,6.0,8,20.43108302160095,,3873.7898119284328,0.0,766.3333333333334,0.0,47.6063009557464,optimal
2021-02-07 08:30:00,3,19,2.0,0.0,0.0,0.07283333333333333,0.882,6.0,8,20.470595164594357,,7000.0,0.0,0.0,0.0,47.40974665866579,optimal
2021-02-07 09:00:00,3,19,2.0,0.0,0.0,0.6702666666666667,1.5435,6.0,8,20.57000920703206,,7000.0,0.0,0.0,0.0,47.21338891588226,optimal
2021-02-07 09:30:00,3,19,2.0,0.0,0.0,2.5330333333333335,1.5435,6.0,8,20.677797176248568,,7000.0,0.0,0.0,0.0,47.01722753084152,optimal
2021-02-07 10:00:00,3,19,0.0,0.0,0.0,2.7449333333333334,5.0715,6.0,8,20.79374583328958,,0.0,0.0,0.0,0.0,46.82126230718581,optimal
2021-02-07 10:30:00,3,19,0.0,0.0,0.0,1.7182,5.376,6.0,8,20.77727489980383,,0.0,0.0,0.0,0.0,46.62549304875377,optimal
2021-02-07 11:00:00,3,19,0.0,0.0,0.0,0.172,5.0715,6.0,8,20.758408138003297,,0.0,0.0,0.0,0.0,46.429919559580156,optimal
2021-02-07 11:30:00,3,19,0.0,0.0,0.0,0.0942,5.5125,6.0,8,20.712796491729954,,0.0,0.0,0.0,0.0,46.23454164389572,optimal
2021-02-07 12:00:00,3,19,0.0,0.0,0.0,0.21673333333333328,9.261,6.0,8,20.664202321210638,,0.0,0.0,0.0,0.0,46.03935910612696,optimal
2021-02-07 12:30:00,3,19,0.0,0.0,0.0,0.073,11.7075,6.0,8,20.618209689983562,,0.0,0.0,0.0,0.0,45.844371750895974,optimal
2021-02-07 13:00:00,3,19,0.0,0.0,0.0,0.12953333333333333,12.348,6.0,8,20.569432174736775,,0.0,0.0,0.0,0.0,45.64957938302022,optimal
2021-02-07 13:30:00,3,19,0.0,0.0,0.0,0.13233333333333333,12.348,6.0,8,20.52192320015625,,0.0,0.0,0.0,0.0,45.45498180751234,optimal
2021-02-07 14:00:00,3,19,0.0,0.0,0.0,0.22453333333333333,12.1275,6.0,8,20.474723347592345,,0.0,0.0,0.0,0.0,45.26057882957997,optimal
2021-02-07 14:30:00,3,19,0.0,0.0,0.0,0.08306666666666666,12.5265,6.0,8,20.429638065295883,,0.0,0.0,0.0,0.0,45.06637025462553,optimal
2021-02-07 15:00:00,3,19,0.0,0.0,0.0,0.2102,11.7495,6.0,8,20.3819408460801,,0.0,0.0,0.0,0.0,44.87235588824605,optimal
2021-02-07 15:30:00,3,19,0.0,0.0,0.0,0.11566666666666668,13.23,6.0,8,20.33706528306032,,0.0,0.0,0.0,0.0,44.67853553623294,optimal
2021-02-07 16:00:00,3,19,0.0,0.0,0.0,0.2435,14.3325,6.0,8,20.29111870900746,,0.0,0.0,0.0,0.0,44.48490900457185,optimal
2021-02-07 16:30:00,3,19,0.0,0.0,0.0,0.3692,14.994,6.0,8,20.24784906741067,,0.0,0.0,0.0,0.0,44.29147609944241,optimal
2021-02-07 17:00:00,3,19,0.0,0.0,0.0,0.3599333333333333,14.8155,6.0,8,20.210862702645542,,0.0,0.0,0.0,0.0,44.09823662721811,optimal
2021-02-07 17:30:00,3,19,0.0,0.0,0.0,0.34686666666666666,14.112,6.0,8,20.179423399022262,,0.0,0.0,0.0,0.0,43.905190394466025,optimal
2021-02-07 18:00:00,3,19,0.0,0.0,0.0,0.30926666666666663,14.007,6.0,8,20.147966239744964,,0.0,0.0,0.0,0.0,43.712337207946696,optimal
2021-02-07 18:30:00,3,19,0.0,0.0,0.0,0.3443,13.23,6.0,8,20.11415836794861,,0.0,0.0,0.0,0.0,43.519676874613886,optimal
2021-02-07 19:00:00,3,19,0.0,0.0,0.0,0.5137333333333334,11.382,6.0,8,20.08249301340247,,0.0,0.0,0.0,0.0,43.32720920161441,optimal
2021-02-07 19:30:00,3,19,0.0,0.0,0.0,0.28486666666666666,11.7495,6.0,8,20.05656702211756,,0.0,0.0,0.0,0.0,43.134933996287934,optimal
2021-02-07 20:00:00,3,19,0.0,0.0,0.0,0.4357,24.3285,6.0,8,20.027838520766693,,0.0,0.0,0.0,0.0,42.94285106616679,optimal
2021-02-07 20:30:00,3,19,0.0,0.0,0.0,0.4791666666666667,28.917,6.0,8,20.0,,0.0,0.0,0.0,0.0,42.75096021897576,optimal
2021-02-07 21:00:00,3,19,0.0,0.0,0.0,0.4574333333333333,31.3635,6.0,8,19.96559209681177,,0.0,0.0,0.0,0.0,42.55926126263193,optimal
2021-02-07 21:30:00,3,19,0.0,0.0,0.0,0.4078,33.306,6.0,8,19.930056633151402,,0.0,0.0,0.0,0.0,42.516702001369296,optimal
2021-02-07 22:00:00,3,19,0.0,0.0,0.0,0.44206666666666666,31.3425,6.0,8,19.90013566751497,,0.0,0.0,0.0,0.0,42.474185299367925,optimal
2021-02-07 22:30:00,3,19,0.0,0.0,0.0,0.5287999999999999,28.2555,6.0,8,19.871992711571817,,0.0,0.0,0.0,0.0,42.431711114068555,optimal
2021-02-07 23:00:00,3,19,0.0,0.0,0.0,0.5175,15.6975,6.0,8,19.844358382119317,,0.0,0.0,0.0,0.0,42.389279402954486,optimal
2021-02-07 23:30:00,3,19,0.0,0.0,0.0,0.5456333333333333,12.5475,6.0,8,19.81711889218369,,0.0,0.0,0.0,0.0,42.34689012355153,optimal
2021-02-08 00:00:00,3,19,0.0,0.0,0.0,0.07809999999999999,11.2455,6.0,2,19.81711889218369,,0.0,0.0,0.0,0.0,42.30454323342798,optimal
2021-02-08 00:30:00,3,19,0.0,0.0,0.0,0.07726666666666666,11.025,6.0,2,19.77783534975097,,0.0,0.0,0.0,0.0,42.26223869019455,optimal
2021-02-08 01:00:00,3,19,2.0,0.0,0.0,0.286,5.9745,6.0,2,19.73755242787206,,103.0,0.0,6897.0,0.0,42.21997645150436,optimal
2021-02-08 01:30:00,3,19,2.0,0.0,0.0,0.066,7.938,6.0,2,19.703672138376007,,7000.0,0.0,0.0,0.0,42.17775647505285,optimal
2021-02-08 02:00:00,3,19,0.017726377130312554,0.0,0.0,0.2972666666666667,8.6835,6.0,2,19.80465302955713,,62.042319956093934,0.0,0.0,0.0,42.1355787185778,optimal
2021-02-08 02:30:00,3,19,2.0,0.0,0.0,0.066,7.665,6.0,2,19.76974006479145,,7000.0,0.0,0.0,0.0,42.09344313985922,optimal
2021-02-08 03:00:00,3,19,2.0,0.0,0.0,0.07673333333333333,6.7725,6.0,2,19.870549838534043,,7000.0,0.0,0.0,0.0,42.051349696719356,optimal
2021-02-08 03:30:00,3,19,2.0,0.0,0.0,0.20203333333333334,5.5755,6.0,2,19.971444871391856,,7000.0,0.0,0.0,0.0,42.009298347022636,optimal
2021-02-08 04:00:00,3,19,2.0,0.0,5.0,0.1505,5.0925,6.0,2,20.074480659313995,,7000.0,0.0,0.0,0.0,44.34228904867561,optimal
2021-02-08 04:30:00,3,19,2.0,0.0,5.0,0.16796666666666668,4.1895,6.0,2,20.176078895230454,,7000.0,0.0,0.0,0.0,46.67294675962693,optimal
2021-02-08 05:00:00,3,19,2.0,0.0,0.0,0.1953,7.056,6.0,2,20.277507885797526,,7000.0,0.0,0.0,0.0,46.6262738128673,optimal
2021-02-08 05:30:00,3,19,2.0,0.0,3.4969981985508385,0.066,5.271,6.0,2,20.37896741671416,,7000.0,0.0,0.0,0.0,48.240721683366075,optimal
2021-02-08 06:00:00,3,19,2.0,0.0,0.0,0.2634666666666666,7.938,6.0,2,20.47742227084688,,7000.0,0.0,0.0,0.0,48.192480961682705,optimal
2021-02-08 06:30:00,3,19,2.0,0.0,0.0,0.0998,7.938,6.0,2,20.579482264392112,,7000.0,0.0,0.0,0.0,48.144288480721016,optimal
2021-02-08 07:00:00,3,19,0.0,0.0,0.0,2.4399,11.907,6.0,2,20.677841677571674,,0.0,0.0,0.0,0.0,48.096144192240295,optimal
2021-02-08 07:30:00,3,19,0.0,0.0,0.0,0.44756666666666667,11.025,6.0,2,20.666939914128257,,0.0,0.0,0.0,0.0,48.048048048048045,optimal
2021-02-08 08:00:00,3,19,0.0,0.0,0.0,2.2243000000000004,11.2875,6.0,2,20.635466921306346,,0.0,0.0,0.0,0.0,48.0,optimal
2021-02-08 08:30:00,3,19,0.0,0.0,0.0,0.35153333333333336,12.936,6.0,2,20.608503230661228,,0.0,0.0,0.0,0.0,47.882720094087425,optimal
2021-02-08 09:00:00,3,19,0.0,0.0,0.0,1.878766666666667,13.0095,6.0,2,20.577939244827295,,0.0,0.0,0.0,0.0,47.765557468080765,optimal
2021-02-08 09:30:00,3,19,0.0,0.0,0.0,2.5051666666666663,13.671,6.0,2,20.55618463767003,,0.0,0.0,0.0,0.0,47.64851200470011,optimal
2021-02-08 10:00:00,3,19,0.0,0.0,0.0,4.482233333333333,13.188,6.0,2,20.530685890643163,,0.0,0.0,0.0,0.0,47.53158358678284,optimal
2021-02-08 10:30:00,3,19,0.0,0.0,0.0,1.4935333333333334,13.8495,6.0,2,20.52198648997249,,0.0,0.0,0.0,0.0,47.41477209728348,optimal
2021-02-08 11:00:00,3,19,0.0,0.0,0.0,0.4124666666666666,13.23,6.0,2,20.503582367662627,,0.0,0.0,0.0,0.0,47.298077419273625,optimal
2021-02-08 11:30:00,3,19,0.0,0.0,0.0,0.4559333333333333,13.3665,6.0,2,20.46997828844588,,0.0,0.0,0.0,0.0,47.18149943594178,optimal
2021-02-08 12:00:00,3,19,0.0,0.0,0.0,0.297,13.0515,6.0,2,20.43548712185562,,0.0,0.0,0.0,0.0,47.065038030593264,optimal
2021-02-08 12:30:00,3,19,0.0,0.0,0.0,0.4099666666666666,13.5345,6.0,2,20.3971431803469,,0.0,0.0,0.0,0.0,46.948693086650096,optimal
2021-02-08 13:00:00,3,19,0.0,0.0,0.0,1.772233333333333,14.154,6.0,2,20.359718943469225,,0.0,0.0,0.0,0.0,46.832464487650874,optimal
2021-02-08 13:30:00,3,19,0.0,0.0,0.0,0.7376666666666666,14.112,6.0,2,20.322429051840135,,0.0,0.0,0.0,0.0,46.71635211725065,optimal
2021-02-08 14:00:00,3,19,0.0,0.0,0.0,0.2861,14.2485,6.0,2,20.287652679226053,,0.0,0.0,0.0,0.0,46.60035585922083,optimal
2021-02-08 14:30:00,3,19,0.0,0.0,0.0,0.4064,12.789,6.0,2,20.253315221537573,,0.0,0.0,0.0,0.0,46.484475597449034,optimal
2021-02-08 15:00:00,3,19,0.0,0.0,0.0,0.34076666666666666,13.0095,6.0,2,20.21722619222999,,0.0,0.0,0.0,0.0,46.36871121593901,optimal
2021-02-08 15:30:00,3,19,0.0,0.0,0.0,0.9559333333333332,12.1275,6.0,2,20.18032423060386,,0.0,0.0,0.0,0.0,46.253062598810494,optimal
2021-02-08 16:00:00,3,19,0.0,0.0,0.0,1.2799,12.348,6.0,2,20.147258093260582,,0.0,0.0,0.0,0.0,46.13752963029911,optimal
2021-02-08 16:30:00,3,19,0.0,0.0,0.0,3.049866666666667,12.348,6.0,2,20.13072233121704,,0.0,0.0,0.0,0.0,46.02211219475624,optimal
2021-02-08 17:00:00,3,19,0.0,0.0,0.0,4.523766666666666,25.389,6.0,2,20.143499199772226,,0.0,0.0,0.0,0.0,45.90681017664891,optimal
2021-02-08 17:30:00,3,19,0.0,0.0,0.0,1.5155666666666665,29.1375,6.0,2,20.138116799648344,,0.0,0.0,0.0,0.0,45.79162346055969,optimal
2021-02-08 18:00:00,3,19,0.0,0.0,0.0,3.5285666666666664,30.597,6.0,2,20.11467578094815,,0.0,0.0,0.0,0.0,45.67655193118656,optimal
2021-02-08 18:30:00,3,19,0.0,0.0,0.0,2.1860666666666666,33.684,6.0,2,20.094654573835946,,0.0,0.0,0.0,0.0,45.5615954733428,optimal
2021-02-08 19:00:00,3,19,0.0,0.0,0.0,0.29186666666666666,32.445,6.0,2,20.085768860111713,,0.0,0.0,0.0,0.0,45.44675397195688,optimal
2021-02-08 19:30:00,3,19,0.0,0.0,0.0,0.225,28.917,6.0,2,20.054329863914127,,0.0,0.0,0.0,0.0,45.33202731207235,optimal
2021-02-08 20:00:00,3,19,0.0,0.0,0.0,0.4806666666666667,15.876,6.0,2,20.02119307485657,,0.0,0.0,0.0,0.0,45.217415378847704,optimal
2021-02-08 20:30:00,3,19,0.0,0.0,0.0,0.67,12.348,6.0,2,20.0,,0.0,0.0,0.0,0.0,45.10291805755628,optimal
2021-02-08 21:00:00,3,19,0.0,0.0,0.0,1.8612666666666668,12.1275,6.0,2,19.975332169931743,,0.0,0.0,0.0,0.0,44.98853523358615,optimal
2021-02-08 21:30:00,3,19,0.0,0.0,0.0,2.2216,12.348,6.0,2,19.94995186757269,,0.0,0.0,0.0,0.0,44.87426679243999,optimal
2021-02-08 22:00:00,3,19,0.0,0.0,0.0,2.1100333333333334,12.1275,6.0,2,19.927667560667807,,0.0,0.0,0.0,0.0,44.760112619734976,optimal
2021-02-08 22:30:00,3,19,0.0,0.0,0.0,0.4534666666666666,12.1275,6.0,2,19.907365660892637,,0.0,0.0,0.0,0.0,44.64607260120267,optimal
2021-02-08 23:00:00,3,19,0.0,0.0,0.0,0.25653333333333334,11.2665,6.0,2,19.889070560939775,,0.0,0.0,0.0,0.0,44.53214662268889,optimal
2021-02-08 23:30:00,3,19,0.0,0.0,0.0,0.3127,10.143,6.0,2,19.861808244626786,,0.0,0.0,0.0,0.0,44.487614476066206,optimal
2021-02-09 00:00:00,3,19,2.0,0.0,0.0,0.056,11.13,6.0,-5,19.861808244626786,,7000.0,0.0,0.0,0.0,44.44312686159014,optimal
2021-02-09 00:30:00,3,19,2.0,0.0,0.0,0.11173333333333332,11.6865,6.0,-5,19.95827885267738,,0.0,0.0,7000.0,0.0,44.39868373472855,optimal
2021-02-09 01:00:00,3,19,2.0,0.0,4.193159161967081,0.18719999999999998,10.7205,6.0,-5,19.9143262810159,,0.0,0.0,7000.0,0.0,46.34603565292819,optimal
2021-02-09 01:30:00,3,19,2.0,0.0,0.0,0.08733333333333333,11.424,6.0,-5,19.872141786497423,,3095.6666666666665,0.0,3904.3333333333335,0.0,46.299689617275256,optimal
2021-02-09 02:00:00,3,19,2.0,0.0,5.0,0.08106666666666666,10.689,6.0,-5,19.89033506100118,,7000.0,0.0,0.0,0.0,48.62838992765797,optimal
2021-02-09 02:30:00,3,19,2.0,0.0,0.0,0.056,11.361,6.0,-5,19.986979231684966,,7000.0,0.0,0.0,0.0,48.579761537730306,optimal
2021-02-09 03:00:00,3,19,2.0,0.0,0.0,0.13726666666666668,11.571,6.0,-5,20.08299614287786,,7000.0,0.0,0.0,0.0,48.53118177619257,optimal
2021-02-09 03:30:00,3,19,0.0,0.0,0.0,0.16166666666666665,14.3745,6.0,-5,20.180535790970993,,0.0,0.0,0.0,0.0,48.48265059441637,optimal
2021-02-09 04:00:00,3,19,2.0,0.0,0.0,0.06193333333333333,13.23,6.0,-5,20.13714592912678,,7000.0,0.0,0.0,0.0,48.434167943821954,optimal
2021-02-09 04:30:00,3,19,1.6849297333455253,0.0,0.0,0.242,13.9755,6.0,-5,20.233541288651757,,5897.254066709339,0.0,0.0,0.0,48.38573377587813,optimal
2021-02-09 05:00:00,3,19,0.0,0.0,0.0,0.061,14.994,6.0,-5,20.310685033448618,,0.0,0.0,0.0,0.0,48.33734804210225,optimal
2021-02-09 05:30:00,3,19,2.0,0.0,0.0,0.1124,13.671,6.0,-5,20.264564177450154,,7000.0,0.0,0.0,0.0,48.289010694060146,optimal
2021-02-09 06:00:00,3,19,0.0,0.0,0.0,0.056,15.981,6.0,-5,20.36113115098767,,0.0,0.0,0.0,0.0,48.240721683366075,optimal
2021-02-09 06:30:00,3,19,0.0,0.0,0.0,0.18686666666666668,15.6345,6.0,-5,20.3148796383925,,0.0,0.0,0.0,0.0,48.192480961682705,optimal
2021-02-09 07:00:00,3,19,0.0,0.0,0.0,0.066,16.5375,6.0,-5,20.27125572868726,,0.0,0.0,0.0,0.0,48.144288480721016,optimal
2021-02-09 07:30:00,3,19,0.0,0.0,0.0,0.18986666666666668,14.7735,6.0,-5,20.22497799320459,,0.0,0.0,0.0,0.0,48.096144192240295,optimal
2021-02-09 08:00:00,3,19,0.0,0.0,0.0,0.11276666666666668,15.2145,6.0,-5,20.182152062006132,,0.0,0.0,0.0,0.0,48.048048048048045,optimal
2021-02-09 08:30:00,3,19,0.0,0.0,0.0,2.234333333333333,14.553,6.0,-5,20.142202605937786,,0.0,0.0,0.0,0.0,48.0,optimal
2021-02-09 09:00:00,3,19,0.0,0.0,0.0,1.9302333333333328,14.3325,6.0,-5,20.10689760940872,,0.0,0.0,0.0,0.0,47.847054375909146,optimal
2021-02-09 09:30:00,3,19,0.0,0.0,0.0,0.8340666666666667,14.595,6.0,-5,20.070179701144134,,0.0,0.0,0.0,0.0,47.694261697442386,optimal
2021-02-09 10:00:00,3,19,0.0,0.0,0.0,0.2918,14.994,6.0,-5,20.034399765395076,,0.0,0.0,0.0,0.0,47.54162181165409,optimal
2021-02-09 10:30:00,3,19,0.3937008981865006,0.0,0.0,0.48,14.3325,6.0,-5,20.0,,1377.9531436527523,0.0,0.0,0.0,47.38913456575158,optimal
2021-02-09 11:00:00,3,19,0.40978234211411063,0.0,0.0,0.5033333333333333,13.8915,6.0,-5,20.0,,1434.2381973993872,0.0,0.0,0.0,47.236799807094975,optimal
2021-02-09 11:30:00,3,19,0.3119881594635055,0.0,0.0,3.4353000000000002,13.8915,6.0,-5,20.0,,1091.9585581222693,0.0,0.0,0.0,47.08461738319703,optimal
2021-02-09 12:00:00,3,19,2.0,0.0,0.0,1.0045666666666668,13.4715,6.0,-5,20.0,,7000.0,0.0,0.0,0.0,46.932587141722976,optimal
2021-02-09 12:30:00,3,19,2.0,0.0,0.0,1.6341333333333334,13.23,6.0,-5,20.11155756110134,,7000.0,0.0,0.0,0.0,46.7807089304904,optimal
2021-02-09 13:00:00,3,19,0.7354923025124209,0.0,0.0,1.5364333333333333,13.8915,6.0,-5,20.224922168607712,,2574.2230587934732,0.0,0.0,0.0,46.628982597469054,optimal
2021-02-09 13:30:00,3,19,0.0,0.0,0.0,0.5193333333333334,26.9325,6.0,-5,20.243317851804868,,0.0,0.0,0.0,0.0,46.47740799078073,optimal
2021-02-09 14:00:00,3,19,0.0,0.0,0.0,2.925833333333333,30.303,6.0,-5,20.213771220213072,,0.0,0.0,0.0,0.0,46.3259849586991,optimal
2021-02-09 14:30:00,3,19,0.0,0.0,0.0,0.7267,32.886,6.0,-5,20.19062831260712,,0.0,0.0,0.0,0.0,46.17471334964955,optimal
2021-02-09 15:00:00,3,19,0.0,0.0,0.0,2.6715666666666666,34.9965,6.0,-5,20.171002749870183,,0.0,0.0,0.0,0.0,46.02359301220905,optimal
2021-02-09 15:30:00,3,19,0.0,0.0,0.0,0.5792999999999999,33.327,6.0,-5,20.149299384639153,,0.0,0.0,0.0,0.0,45.87262379510599,optimal
2021-02-09 16:00:00,3,19,0.0,0.0,0.0,1.7321333333333335,31.122,6.0,-5,20.124960503623196,,0.0,0.0,0.0,0.0,45.72180554722003,optimal
2021-02-09 16:30:00,3,19,0.0,0.0,0.0,1.2915666666666665,17.9025,6.0,-5,20.099910436997888,,0.0,0.0,0.0,0.0,45.57113811758196,optimal
2021-02-09 17:00:00,3,19,0.0,0.0,0.0,0.37746666666666656,15.6555,6.0,-5,20.072911991656408,,0.0,0.0,0.0,0.0,45.42062135537353,optimal
2021-02-09 17:30:00,3,19,0.0,0.0,0.0,0.3688,14.553,6.0,-5,20.04617394313308,,0.0,0.0,0.0,0.0,45.2702551099273,optimal
2021-02-09 18:00:00,3,19,0.0,0.0,0.0,1.6043,14.3325,6.0,-5,20.020444922462868,,0.0,0.0,0.0,0.0,45.12003923072652,optimal
2021-02-09 18:30:00,3,19,0.3609393680932908,0.0,0.0,0.8687,13.335,6.0,-5,20.0,,984.621121659851,0.0,278.66666666666663,0.0,44.96997356740494,optimal
2021-02-09 19:00:00,3,19,0.7884944658805653,0.0,0.0,0.4378,12.1275,6.0,-5,20.0,,2202.397297248645,0.0,557.3333333333334,0.0,44.820057969746685,optimal
2021-02-09 19:30:00,3,19,0.0,0.0,0.0,1.1000666666666665,12.2955,6.0,-5,20.017975523919254,,0.0,0.0,0.0,0.0,44.77523791177694,optimal
2021-02-09 20:00:00,3,19,0.28863756639512317,0.0,0.0,2.0173,11.6865,6.0,-5,20.0,,592.231482382931,0.0,418.0,0.0,44.73046267386516,optimal
2021-02-09 20:30:00,3,19,0.0,0.0,0.0,2.501,11.466,6.0,-5,20.0,,0.0,0.0,0.0,0.0,44.685732211191294,optimal
2021-02-09 21:00:00,3,19,0.0,0.0,0.0,0.7017333333333333,10.8045,6.0,-5,19.986417695408406,,0.0,0.0,0.0,0.0,44.6410464789801,optimal
2021-02-09 21:30:00,3,19,0.4379047619047619,0.0,0.0,2.3650333333333333,10.584,6.0,-5,19.967257474344354,,0.0,0.0,1532.6666666666667,0.0,44.59640543250112,optimal
2021-02-09 22:00:00,3,19,0.0,0.0,0.0,1.1722666666666668,11.2455,6.0,-5,19.95032895315639,,0.0,0.0,0.0,0.0,44.55180902706862,optimal
2021-02-09 22:30:00,3,19,0.0,0.0,0.0,0.5951333333333333,12.1275,6.0,-5,19.93524611009085,,0.0,0.0,0.0,0.0,44.50725721804155,optimal
2021-02-09 23:00:00,3,19,0.0,0.0,0.0,0.4544333333333333,11.823,6.0,-5,19.919352067790868,,0.0,0.0,0.0,0.0,44.46274996082351,optimal
2021-02-09 23:30:00,3,19,0.0,0.0,0.0,1.2491666666666668,11.7705,6.0,-5,19.89840390628711,,0.0,0.0,0.0,0.0,44.41828721086269,optimal
2021-02-10 00:00:00,3,19,0.0796190476190476,0.0,0.0,1.1494000000000002,34.9965,6.0,13,19.89840390628711,,0.0,0.0,278.66666666666663,0.0,44.37386892365183,optimal
2021-02-10 00:30:00,3,19,0.2786666666666667,0.0,0.0,0.3928333333333333,34.9965,6.0,13,19.865688477507348,,0.0,0.0,975.3333333333334,0.0,44.32949505472818,optimal
2021-02-10 01:00:00,3,19,0.0,0.0,0.0,0.106,34.9965,6.0,13,19.83657654712086,,0.0,0.0,0.0,0.0,44.28516555967345,optimal
2021-02-10 01:30:00,3,19,0.0,0.0,0.0,0.19326666666666667,27.741,6.0,13,19.803038149127477,,0.0,0.0,0.0,0.0,44.24088039411378,optimal
2021-02-10 02:00:00,3,19,0.0,0.0,0.0,0.12833333333333335,19.026,6.0,13,19.77125845478094,,0.0,0.0,0.0,0.0,44.19663951371967,optimal
2021-02-10 02:30:00,3,19,0.13933333333333334,0.0,0.0,0.3972,18.7215,6.0,13,19.73613675563834,,0.0,0.0,487.6666666666667,0.0,44.152442874205946,optimal
2021-02-10 03:00:00,3,19,0.0,0.0,0.0,0.5852,17.4195,6.0,13,19.703653088972747,,0.0,0.0,0.0,0.0,44.10829043133174,optimal
2021-02-10 03:30:00,3,19,0.0199047619047619,0.0,0.0,0.38326666666666664,16.758,6.0,13,19.676692505730962,,0.0,0.0,69.66666666666666,0.0,44.06418214090041,optimal
2021-02-10 04:00:00,3,19,0.5529542857142856,0.0,0.0,0.4664,14.217,6.0,13,19.64455608714309,,0.0,0.0,1935.34,0.0,44.020117958759506,optimal
2021-02-10 04:30:00,3,19,0.8637024530787677,0.0,0.0,0.3448333333333333,13.3665,6.0,13,19.614577192602802,,0.0,0.0,3022.958585775687,0.0,43.97609784080075,optimal
2021-02-10 05:00:00,3,19,2.0,0.0,0.0,0.6708,12.789,6.0,13,19.583663328001872,,0.0,0.0,7000.0,0.0,43.93212174295995,optimal
2021-02-10 05:30:00,3,19,2.0,0.0,0.0,0.282,11.907,6.0,13,19.560877251974777,,844.9652524423537,0.0,6155.034747557646,0.0,43.88818962121699,optimal
2021-02-10 06:00:00,3,19,2.0,0.0,0.0,1.4510666666666665,11.7075,6.0,13,19.547291331941842,,7000.0,0.0,0.0,0.0,43.844301431595774,optimal
2021-02-10 06:30:00,3,19,2.0,0.0,5.0,1.585,10.8045,6.0,13,19.66289065193622,,7000.0,0.0,0.0,0.0,46.175457130164176,optimal
2021-02-10 07:00:00,3,19,2.0,0.0,0.0,0.5124333333333333,11.508,6.0,13,19.779568324412033,,7000.0,0.0,0.0,0.0,46.129281673034015,optimal
2021-02-10 07:30:00,3,19,2.0,0.0,4.035468649766352,0.13213333333333332,11.508,6.0,13,19.89367807951478,,7000.0,0.0,0.0,0.0,48.0,optimal
2021-02-10 08:00:00,3,19,1.8657979296711726,0.0,0.0,0.3529333333333333,11.508,6.0,13,20.0,,4161.626087182437,0.0,2368.6666666666665,0.0,47.87959280959825,optimal
2021-02-10 08:30:00,3,19,0.0,0.0,0.0,0.1994,11.844,6.0,13,20.049096167426693,,0.0,0.0,0.0,0.0,47.7593060263869,optimal
2021-02-10 09:00:00,3,19,1.2862060696844408,0.0,0.0,0.063,11.508,6.0,13,20.0,,4501.721243895543,0.0,0.0,0.0,47.63913952995877,optimal
2021-02-10 09:30:00,3,19,2.0,0.0,0.0,0.1746,11.508,6.0,13,20.0397464870505,,7000.0,0.0,0.0,0.0,47.519093200027065,optimal
2021-02-10 10:00:00,3,19,2.0,0.0,0.0,0.0878,10.4475,6.0,13,20.13263834647663,,7000.0,0.0,0.0,0.0,47.39916691642529,optimal
2021-02-10 10:30:00,3,19,2.0,0.0,0.0,0.3501,10.8675,6.0,13,20.22405390243707,,7000.0,0.0,0.0,0.0,47.27936055910711,optimal
2021-02-10 11:00:00,3,19,2.0,0.0,0.0,0.7186333333333333,10.542,6.0,13,20.323890741101494,,7000.0,0.0,0.0,0.0,47.159674008146254,optimal
2021-02-10 11:30:00,3,19,2.0,0.0,0.0,0.063,11.025,6.0,13,20.431303397713027,,7000.0,0.0,0.0,0.0,47.04010714373636,optimal
2021-02-10 12:00:00,3,19,2.0,0.0,0.0,0.1994,11.025,6.0,13,20.522480352564717,,7000.0,0.0,0.0,0.0,46.92065984619087,optimal
2021-02-10 12:30:00,3,19,0.0,0.0,0.0,0.063,14.553,6.0,13,20.61643600342062,,0.0,0.0,0.0,0.0,46.80133199594293,optimal
2021-02-10 13:00:00,3,19,0.0,0.0,0.0,0.19319999999999998,13.0935,6.0,13,20.565963601667363,,0.0,0.0,0.0,0.0,46.68212347354524,optimal
2021-02-10 13:30:00,3,19,0.0,0.0,0.0,0.0692,15.6345,6.0,13,20.518252501154162,,0.0,0.0,0.0,0.0,46.56303415966995,optimal
2021-02-10 14:00:00,3,19,0.0,0.0,0.0,0.063,18.102,6.0,13,20.468677666763575,,0.0,0.0,0.0,0.0,46.44406393510853,optimal
2021-02-10 14:30:00,3,19,0.0,0.0,0.0,0.1994,17.199,6.0,13,20.419623971107722,,0.0,0.0,0.0,0.0,46.32521268077168,optimal
2021-02-10 15:00:00,3,19,0.0,0.0,0.0,0.063,18.2805,6.0,13,20.373453168058564,,0.0,0.0,0.0,0.0,46.20648027768916,optimal
2021-02-10 15:30:00,3,19,0.0,0.0,0.0,0.063,17.4615,6.0,13,20.324646104814263,,0.0,0.0,0.0,0.0,46.08786660700972,optimal
2021-02-10 16:00:00,3,19,0.0,0.0,0.0,0.1994,18.3225,6.0,13,20.275447448410247,,0.0,0.0,0.0,0.0,45.969371550000965,optimal
2021-02-10 16:30:00,3,19,0.0,0.0,0.0,0.329,17.094,6.0,13,20.22861405367343,,0.0,0.0,0.0,0.0,45.850994988049216,optimal
2021-02-10 17:00:00,3,19,0.0,0.0,0.0,0.2942333333333333,17.094,6.0,13,20.191058361624393,,0.0,0.0,0.0,0.0,45.73273680265942,optimal
2021-02-10 17:30:00,3,19,0.0,0.0,0.0,0.5499333333333333,17.094,6.0,13,20.152206421174675,,0.0,0.0,0.0,0.0,45.61459687545501,optimal
2021-02-10 18:00:00,3,19,0.0,0.0,0.0,2.340266666666667,17.3565,6.0,13,20.123623364663974,,0.0,0.0,0.0,0.0,45.496575088177806,optimal
2021-02-10 18:30:00,3,19,0.0,0.0,0.0,1.9073333333333333,17.115,6.0,13,20.10374519569303,,0.0,0.0,0.0,0.0,45.37867132268788,optimal
2021-02-10 19:00:00,3,19,0.0,0.0,0.0,1.0980666666666665,17.241,6.0,13,20.08340363418334,,0.0,0.0,0.0,0.0,45.26088546096344,optimal
2021-02-10 19:30:00,3,19,0.0,0.0,0.0,0.4619666666666666,17.094,6.0,13,20.056552516848175,,0.0,0.0,0.0,0.0,45.14321738510073,optimal
2021-02-10 20:00:00,3,19,0.0,0.0,0.0,0.8350333333333333,16.5165,6.0,13,20.02473011955109,,0.0,0.0,0.0,0.0,45.02566697731388,optimal
2021-02-10 20:30:00,3,19,0.0,0.0,0.0,0.47153333333333336,17.8185,6.0,13,20.0,,0.0,0.0,0.0,0.0,44.90823411993482,optimal
2021-02-10 21:00:00,3,19,0.0,0.0,0.0,0.32839999999999997,17.094,6.0,13,19.96740227194398,,0.0,0.0,0.0,0.0,44.86332588581488,optimal
2021-02-10 21:30:00,3,19,0.0,0.0,0.0,0.6276666666666666,16.8945,6.0,13,19.93501606397169,,0.0,0.0,0.0,0.0,44.81846255992907,optimal
2021-02-10 22:00:00,3,19,0.0,0.0,0.0,0.3733333333333333,18.123,6.0,13,19.904906971259617,,0.0,0.0,0.0,0.0,44.773644097369136,optimal
2021-02-10 22:30:00,3,19,0.0,0.0,0.0,0.14980000000000002,31.647,6.0,13,19.866291543202482,,0.0,0.0,0.0,0.0,44.72887045327177,optimal
2021-02-10 23:00:00,3,19,0.0,0.0,0.0,0.11259999999999999,34.9965,6.0,13,19.812045572781336,,0.0,0.0,0.0,0.0,44.6841415828185,optimal
2021-02-10 23:30:00,3,19,0.0,0.0,0.0,0.1034,34.9965,6.0,13,19.756541001566443,,0.0,0.0,0.0,0.0,44.63945744123568,optimal
2021-02-11 00:00:00,3,19,2.0,0.0,3.6211856449482505,0.064,16.254,6.0,-12,19.756541001566443,,7000.0,0.0,0.0,0.0,46.314881165144854,optimal
2021-02-11 00:30:00,3,19,2.0,0.0,0.0,0.1158,17.64,6.0,-12,19.845686918358755,,1446.8978624558167,0.0,5553.102137544183,0.0,46.2685662839797,optimal
2021-02-11 01:00:00,3,19,0.0,0.0,0.0,0.0788,19.1625,6.0,-12,19.823711960924086,,0.0,0.0,0.0,0.0,46.222297717695724,optimal
2021-02-11 01:30:00,3,19,0.0,0.0,0.0,0.10840000000000001,26.46,6.0,-12,19.77207206607731,,0.0,0.0,0.0,0.0,46.17607541997803,optimal
2021-02-11 02:00:00,3,19,0.0,0.0,0.0,0.0862,20.79,6.0,-12,19.721163961786626,,0.0,0.0,0.0,0.0,46.12989934455804,optimal
2021-02-11 02:30:00,3,19,0.0,0.0,0.0,0.1438,29.106,6.0,-12,19.669939179112223,,0.0,0.0,0.0,0.0,46.08376944521348,optimal
2021-02-11 03:00:00,3,19,0.0,0.0,0.0,0.064,19.1835,6.0,-12,19.61975182501137,,0.0,0.0,0.0,0.0,46.037685675768266,optimal
2021-02-11 03:30:00,3,19,0.0,0.0,0.0,0.09359999999999999,19.6665,6.0,-12,19.567823165982624,,0.0,0.0,0.0,0.0,45.99164799009249,optimal
2021-02-11 04:00:00,3,19,0.0,0.0,0.0,0.101,19.404,6.0,-12,19.517274551126246,,0.0,0.0,0.0,0.0,45.945656342102396,optimal
2021-02-11 04:30:00,3,19,2.0,0.0,0.0,0.1845,19.047,6.0,-12,19.467653874559637,,7000.0,0.0,0.0,0.0,45.89971068576028,optimal
2021-02-11 05:00:00,3,19,2.0,0.0,0.0,0.08990000000000001,18.858,6.0,-12,19.561277623884934,,7000.0,0.0,0.0,0.0,45.853810975074516,optimal
2021-02-11 05:30:00,3,19,0.0018675762699332749,0.0,0.0,0.08109999999999999,19.2675,6.0,-12,19.65274757549929,,6.536516944766462,0.0,0.0,0.0,45.80795716409944,optimal
2021-02-11 06:00:00,3,19,2.0,0.0,0.0,0.1933,18.963,6.0,-12,19.603153528956554,,7000.0,0.0,0.0,0.0,45.76214920693534,optimal
2021-02-11 06:30:00,3,19,2.0,0.0,0.0,0.064,18.438,6.0,-12,19.697899138787616,,7000.0,0.0,0.0,0.0,45.716387057728404,optimal
2021-02-11 07:00:00,3,19,2.0,0.0,0.0,0.318,18.7425,6.0,-12,19.790434467896272,,7000.0,0.0,0.0,0.0,45.670670670670674,optimal
2021-02-11 07:30:00,3,19,2.0,0.0,5.0,2.160066666666667,15.2145,6.0,-12,19.894532330558487,,7000.0,0.0,0.0,0.0,48.0,optimal
2021-02-11 08:00:00,3,19,2.0,0.0,0.0,0.29206666666666664,17.7765,6.0,-12,20.0,,1822.4376716601446,0.0,5177.562328339855,0.0,47.722695630987495,optimal
2021-02-11 08:30:00,3,19,2.0,0.0,0.0,0.7418333333333333,16.758,6.0,-12,20.0,,1385.293256157937,0.0,5614.706743842063,0.0,47.445668566344004,optimal
2021-02-11 09:00:00,3,19,2.0,0.0,0.0,1.8273666666666664,16.422,6.0,-12,20.0,,5510.7045430594335,0.0,1489.2954569405665,0.0,47.168918528765154,optimal
2021-02-11 09:30:00,3,19,2.0,0.0,0.0,3.8953,16.758,6.0,-12,20.09014700848384,,7000.0,0.0,0.0,0.0,46.89244524122388,optimal
2021-02-11 10:00:00,3,19,0.0,0.0,0.0,1.5882333333333332,29.358,6.0,-12,20.205848475418726,,0.0,0.0,0.0,0.0,46.61624842697015,optimal
2021-02-11 10:30:00,3,19,0.0,0.0,0.0,1.8524,34.9965,6.0,-12,20.174657671281537,,0.0,0.0,0.0,0.0,46.34032780953068,optimal
2021-02-11 11:00:00,3,19,0.0,0.0,0.0,0.8324,34.65,6.0,-12,20.15628313921361,,0.0,0.0,0.0,0.0,46.06468311270864,optimal
2021-02-11 11:30:00,3,19,0.0,0.0,0.0,1.3567,34.9965,6.0,-12,20.12495291308389,,0.0,0.0,0.0,0.0,45.78931406058343,optimal
2021-02-11 12:00:00,3,19,0.0,0.0,0.0,2.308333333333333,34.9965,6.0,-12,20.092099718287457,,0.0,0.0,0.0,0.0,45.51422037751034,optimal
2021-02-11 12:30:00,3,19,0.0,0.0,0.0,0.201,30.4815,6.0,-12,20.063159177205687,,0.0,0.0,0.0,0.0,45.239401788120325,optimal
2021-02-11 13:00:00,3,19,0.0,0.0,0.0,0.2488333333333333,21.4305,6.0,-12,20.031443975841807,,0.0,0.0,0.0,0.0,44.9648580173197,optimal
2021-02-11 13:30:00,3,19,1.0782279864496236,0.0,0.0,0.2892,14.3325,6.0,-12,20.0,,1405.131285907016,0.0,2368.6666666666665,0.0,44.69058879028987,optimal
2021-02-11 14:00:00,3,19,0.7449638082647791,0.0,0.0,0.2353,13.692,6.0,-12,20.0,,2328.7066622600605,0.0,278.6666666666667,0.0,44.41659383248708,optimal
2021-02-11 14:30:00,3,19,0.0,0.0,0.0,2.694933333333333,14.007,6.0,-12,20.018112215212817,,0.0,0.0,0.0,0.0,44.14287286964209,optimal
2021-02-11 15:00:00,3,19,0.28671343382272285,0.0,0.0,1.6827999999999999,12.873,6.0,-12,20.0,,933.8303517128634,0.0,69.66666666666666,0.0,43.869425627759945,optimal
2021-02-11 15:30:00,3,19,0.2291234443099108,0.0,0.0,3.4047666666666667,12.684,6.0,-12,20.0,,453.5987217513545,0.0,348.3333333333333,0.0,43.59625183311968,optimal
2021-02-11 16:00:00,3,19,0.7046944323820226,0.0,0.0,0.2777,12.306,6.0,-12,20.0,,2466.430513337079,0.0,0.0,0.0,43.323351212274055,optimal
2021-02-11 16:30:00,3,19,2.0,0.0,0.0,0.6322000000000001,10.6365,6.0,-12,20.0,,3844.905492238524,0.0,3155.094507761476,0.0,43.05072349204928,optimal
2021-02-11 17:00:00,3,19,0.0,0.0,0.0,2.4886,11.2455,6.0,-12,20.040946514129274,,0.0,0.0,0.0,0.0,42.778368399544725,optimal
2021-02-11 17:30:00,3,19,0.018373225974511322,0.0,0.0,2.032966666666667,11.2455,6.0,-12,20.012247364848932,,64.30629091078963,0.0,0.0,0.0,42.506285662132676,optimal
2021-02-11 18:00:00,3,19,2.0,0.0,0.0,0.40253333333333335,11.025,6.0,-12,20.0,,3467.094507761476,0.0,3532.905492238524,0.0,42.23447500745804,optimal
2021-02-11 18:30:00,3,19,0.0,0.0,0.0,1.6105666666666667,12.0855,6.0,-12,20.038584824275123,,0.0,0.0,0.0,0.0,41.96293616343807,optimal
2021-02-11 19:00:00,3,19,0.0,0.0,0.0,2.3767666666666667,11.6865,6.0,-12,20.0246222662736,,0.0,0.0,0.0,0.0,41.69166885826213,optimal
2021-02-11 19:30:00,3,19,0.45701423204938246,0.0,0.0,2.4751,11.2245,6.0,-12,20.0,,1599.5498121728388,0.0,0.0,0.0,41.42067282039137,optimal
2021-02-11 20:00:00,3,19,0.5790182973158355,0.0,0.0,1.3966666666666667,11.025,6.0,-12,20.0,,1956.8973739387577,0.0,69.66666666666666,0.0,41.14994777855847,optimal
2021-02-11 20:30:00,3,19,0.19904761904761903,0.0,0.0,0.8592000000000001,10.7835,6.0,-12,20.0,,0.0,0.0,696.6666666666666,0.0,40.87949346176741,optimal
2021-02-11 21:00:00,3,19,0.0,0.0,0.0,0.3348,11.025,6.0,-12,19.953659659300293,,0.0,0.0,0.0,0.0,40.60930959929314,optimal
2021-02-11 21:30:00,3,19,0.09952380952380951,0.0,0.0,1.0709666666666666,10.584,6.0,-12,19.907140979011643,,0.0,0.0,348.3333333333333,0.0,40.33939592068135,optimal
2021-02-11 22:00:00,3,19,0.0,0.0,0.0,1.9399333333333326,11.025,6.0,-12,19.869881461189838,,0.0,0.0,0.0,0.0,40.299056524760665,optimal
2021-02-11 22:30:00,3,19,1.2739047619047619,0.0,0.0,0.46066666666666667,10.4265,6.0,-12,19.838989149093948,,0.0,0.0,4458.666666666667,0.0,40.258757468235906,optimal
2021-02-11 23:00:00,3,19,0.0,0.0,0.0,0.4968,12.789,6.0,-12,19.802040203193176,,0.0,0.0,0.0,0.0,40.21849871076767,optimal
2021-02-11 23:30:00,3,19,0.0,0.0,0.0,2.1128,12.684,6.0,-12,19.767628644313856,,0.0,0.0,0.0,0.0,40.178280212056904,optimal
2021-02-12 00:00:00,3,19,0.0,0.0,0.0,0.19013333333333332,30.156,6.0,13,19.767628644313856,,0.0,0.0,0.0,0.0,40.13810193184485,optimal
2021-02-12 00:30:00,3,19,0.0,0.0,0.0,0.148,29.1585,6.0,13,19.712845001471145,,0.0,0.0,0.0,0.0,40.097963829913006,optimal
2021-02-12 01:00:00,3,19,0.0,0.0,0.0,0.21606666666666663,26.712,6.0,13,19.655055447108783,,0.0,0.0,0.0,0.0,40.05786586608309,optimal
2021-02-12 01:30:00,3,19,0.0,0.0,0.0,0.1882666666666667,15.435,6.0,13,19.597787324880464,,0.0,0.0,0.0,0.0,40.01780800021701,optimal
2021-02-12 02:00:00,3,19,0.0,0.0,0.0,0.139,13.566,6.0,13,19.54036485605401,,0.0,0.0,0.0,0.0,39.977790192216794,optimal
2021-02-12 02:30:00,3,19,0.0,0.0,0.0,0.2443333333333333,12.789,6.0,13,19.48235472521103,,0.0,0.0,0.0,0.0,39.937812402024576,optimal
2021-02-12 03:00:00,3,19,1.0165314705171273,0.0,0.0,0.14759999999999998,12.1275,6.0,13,19.427400016435985,,0.0,0.0,3557.8601468099455,0.0,39.89787458962255,optimal
2021-02-12 03:30:00,3,19,0.0,0.0,0.0,0.061,13.671,6.0,13,19.371410236273178,,0.0,0.0,0.0,0.0,39.85797671503293,optimal
2021-02-12 04:00:00,3,19,2.0,0.0,2.6716403481846163,0.1348,10.668,6.0,13,19.3156288098337,,1425.9534801432806,0.0,5574.04651985672,0.0,41.087147903705585,optimal
2021-02-12 04:30:00,3,19,2.0,0.0,0.0,0.1366,11.7285,6.0,13,19.292106078744435,,7000.0,0.0,0.0,0.0,41.04606075580188,optimal
2021-02-12 05:00:00,3,19,2.0,0.0,0.0,0.1348,11.025,6.0,13,19.383112378495248,,7000.0,0.0,0.0,0.0,41.00501469504607,optimal
2021-02-12 05:30:00,3,19,2.0,0.0,5.0,0.1062,10.689,6.0,13,19.475659618418334,,7000.0,0.0,0.0,0.0,43.339009680351026,optimal
2021-02-12 06:00:00,3,19,2.0,0.0,5.0,0.33093333333333336,8.1585,6.0,13,19.569461339223906,,7000.0,0.0,0.0,0.0,45.670670670670674,optimal
2021-02-12 06:30:00,3,19,2.0,0.0,5.0,0.7774666666666668,10.3635,6.0,13,19.669632669673714,,7000.0,0.0,0.0,0.0,48.0,optimal
2021-02-12 07:00:00,3,19,2.0,0.0,0.0,1.4355333333333333,10.8045,6.0,13,19.772205691936776,,7000.0,0.0,0.0,0.0,47.81721039968401,optimal
2021-02-12 07:30:00,3,19,2.0,0.0,0.0,2.9620333333333333,11.025,6.0,13,19.88204903643982,,7000.0,0.0,0.0,0.0,47.63460358896833,optimal
2021-02-12 08:00:00,3,19,2.0,0.0,0.0,1.0247666666666668,10.3635,6.0,13,20.0,,2141.7023476423788,0.0,4858.297652357622,0.0,47.452179385063374,optimal
2021-02-12 08:30:00,3,19,2.0,0.0,0.0,2.8100666666666667,10.8045,6.0,13,20.0,,1780.1742380838853,0.0,5219.825761916115,0.0,47.26993760536232,optimal
2021-02-12 09:00:00,3,19,2.0,0.0,0.0,2.4986333333333333,10.059,6.0,13,20.0,,4404.363414273737,0.0,2595.636585726262,0.0,47.08787806744097,optimal
2021-02-12 09:30:00,3,19,2.0,0.0,0.0,0.7099333333333333,10.584,6.0,13,20.050000033322338,,7000.0,0.0,0.0,0.0,46.906000589057534,optimal
2021-02-12 10:00:00,3,19,2.0,0.0,0.0,2.1761666666666666,9.4185,6.0,13,20.150122544633895,,7000.0,0.0,0.0,0.0,46.72430498815249,optimal
2021-02-12 10:30:00,3,19,2.0,0.0,0.0,2.7699000000000003,10.3635,6.0,13,20.26190436883951,,7000.0,0.0,0.0,0.0,46.542791082848346,optimal
2021-02-12 11:00:00,3,19,2.0,0.0,0.0,4.148633333333334,9.8385,6.0,13,20.368806105760562,,7000.0,0.0,0.0,0.0,46.361458691449506,optimal
2021-02-12 11:30:00,3,19,0.8553768023430031,0.0,0.0,2.3296,11.067,6.0,13,20.485202160969777,,2993.818808200511,0.0,0.0,0.0,46.180307632442066,optimal
2021-02-12 12:00:00,3,19,2.0,0.0,0.0,1.1987,10.8465,6.0,13,20.511760191019228,,7000.0,0.0,0.0,0.0,45.999337724493635,optimal
2021-02-12 12:30:00,3,19,0.0,0.0,0.0,2.6980666666666666,13.671,6.0,13,20.60971567948691,,0.0,0.0,0.0,0.0,45.81854878645315,optimal
2021-02-12 13:00:00,3,19,0.0,0.0,0.0,1.6954666666666667,12.348,6.0,13,20.573186444411302,,0.0,0.0,0.0,0.0,45.63794063735071,optimal
2021-02-12 13:30:00,3,19,0.0,0.0,0.0,0.19469999999999998,14.3325,6.0,13,20.531435098520973,,0.0,0.0,0.0,0.0,45.45751309639737,optimal
2021-02-12 14:00:00,3,19,0.0,0.0,0.0,0.2056,15.393,6.0,13,20.48479286527193,,0.0,0.0,0.0,0.0,45.277265982984986,optimal
2021-02-12 14:30:00,3,19,0.0,0.0,0.0,0.12373333333333332,13.587,6.0,13,20.438232658625566,,0.0,0.0,0.0,0.0,45.097199116686014,optimal
2021-02-12 15:00:00,3,19,0.0,0.0,0.0,0.1466,16.1385,6.0,13,20.38987999746845,,0.0,0.0,0.0,0.0,44.917312317253334,optimal
2021-02-12 15:30:00,3,19,0.0,0.0,0.0,0.2763,14.595,6.0,13,20.341855568686317,,0.0,0.0,0.0,0.0,44.73760540462009,optimal
2021-02-12 16:00:00,3,19,0.0,0.0,0.0,0.10523333333333332,14.637,6.0,13,20.29618749563397,,0.0,0.0,0.0,0.0,44.55807819889948,optimal
2021-02-12 16:30:00,3,19,0.0,0.0,0.0,0.1656,13.9125,6.0,13,20.2467929465016,,0.0,0.0,0.0,0.0,44.37873052038459,optimal
2021-02-12 17:00:00,3,19,0.0,0.0,0.0,0.3985,13.3665,6.0,13,20.202258987943825,,0.0,0.0,0.0,0.0,44.19956218954822,optimal
2021-02-12 17:30:00,3,19,0.0,0.0,0.0,0.39363333333333334,13.0095,6.0,13,20.163924011473444,,0.0,0.0,0.0,0.0,44.02057302704268,optimal
2021-02-12 18:00:00,3,19,0.0,0.0,0.0,1.6466333333333334,13.8915,6.0,13,20.121588652043492,,0.0,0.0,0.0,0.0,43.84176285369965,optimal
2021-02-12 18:30:00,3,19,0.0,0.0,0.0,0.7483,13.188,6.0,13,20.08631492535755,,0.0,0.0,0.0,0.0,43.663131490529956,optimal
2021-02-12 19:00:00,3,19,0.0,0.0,0.0,2.139266666666667,12.5685,6.0,13,20.056162920983034,,0.0,0.0,0.0,0.0,43.48467875872343,optimal
2021-02-12 19:30:00,3,19,0.0,0.0,0.0,0.6438333333333334,12.285,6.0,13,20.033614650113492,,0.0,0.0,0.0,0.0,43.30640447964872,optimal
2021-02-12 20:00:00,3,19,0.36731393435787946,0.0,0.0,2.233,11.487,6.0,13,20.0,,1285.598770252578,0.0,0.0,0.0,43.12830847485308,optimal
2021-02-12 20:30:00,3,19,0.0,0.0,0.0,4.6795333333333335,11.802,6.0,13,20.0,,0.0,0.0,0.0,0.0,42.95039056606223,optimal
2021-02-12 21:00:00,3,19,0.0,0.0,0.0,2.3079666666666667,11.2245,6.0,13,19.978712847735377,,0.0,0.0,0.0,0.0,42.77265057518018,optimal
2021-02-12 21:30:00,3,19,0.0,0.0,0.0,1.7224000000000002,11.025,6.0,13,19.950077993431226,,0.0,0.0,0.0,0.0,42.59508832428901,optimal
2021-02-12 22:00:00,3,19,0.0,0.0,0.0,1.0628666666666666,11.907,6.0,13,19.922520229444988,,0.0,0.0,0.0,0.0,42.41770363564873,optimal
2021-02-12 22:30:00,3,19,0.0,0.0,0.0,0.8970333333333333,25.83,6.0,13,19.894467511833504,,0.0,0.0,0.0,0.0,42.24049633169709,optimal
2021-02-12 23:00:00,3,19,0.0,0.0,0.0,1.7164333333333335,28.035,6.0,13,19.86886386038081,,0.0,0.0,0.0,0.0,42.198255835365394,optimal
2021-02-12 23:30:00,3,19,0.0,0.0,0.0,1.0456333333333334,28.119,6.0,13,19.844199139054385,,0.0,0.0,0.0,0.0,42.15605757953003,optimal
2021-02-13 00:00:00,3,19,0.0,0.0,0.0,0.059,11.025,6.0,4,19.844199139054385,,0.0,0.0,0.0,0.0,42.113901521950496,optimal
2021-02-13 00:30:00,3,19,2.0,0.0,0.0,0.22986666666666666,8.2005,6.0,4,19.800416437936867,,0.0,0.0,7000.0,0.0,42.071787620428545,optimal
2021-02-13 01:00:00,3,19,0.6274285714285714,0.0,0.0,0.059,9.5655,6.0,4,19.760328847354035,,0.0,0.0,2196.0,0.0,42.029715832808115,optimal
2021-02-13 01:30:00,3,19,2.0,0.0,5.0,0.10296666666666668,7.056,6.0,4,19.71702237449195,,7000.0,0.0,0.0,0.0,44.362686116975304,optimal
2021-02-13 02:00:00,3,19,2.0,0.0,0.0,0.26330000000000003,9.3975,6.0,4,19.816274738391968,,7000.0,0.0,0.0,0.0,44.31832343085833,optimal
2021-02-13 02:30:00,3,19,0.0,0.0,0.0,0.0848,10.059,6.0,4,19.91863893197595,,0.0,0.0,0.0,0.0,44.27400510742747,optimal
2021-02-13 03:00:00,3,19,2.0,0.0,0.0,0.11059999999999999,9.261,6.0,4,19.875702701043235,,7000.0,0.0,0.0,0.0,44.229731102320045,optimal
2021-02-13 03:30:00,3,19,2.0,0.0,0.0,0.22986666666666666,8.1585,6.0,4,19.97482780522268,,7000.0,0.0,0.0,0.0,44.185501371217725,optimal
2021-02-13 04:00:00,3,19,2.0,0.0,0.0,0.059,9.4815,6.0,4,20.07597635041174,,7000.0,0.0,0.0,0.0,44.14131586984651,optimal
2021-02-13 04:30:00,3,19,2.0,0.0,0.0,0.17453333333333332,8.379,6.0,4,20.173281206219627,,7000.0,0.0,0.0,0.0,44.097174553976664,optimal
2021-02-13 05:00:00,3,19,2.0,0.0,0.0,0.19173333333333328,9.5235,6.0,4,20.272409287653012,,7000.0,0.0,0.0,0.0,44.05307737942269,optimal
2021-02-13 05:30:00,3,19,2.0,0.0,3.594447906705556,0.07453333333333333,8.1375,6.0,4,20.371369133727338,,7000.0,0.0,0.0,0.0,45.716387057728404,optimal
2021-02-13 06:00:00,3,19,0.0,0.0,0.0,0.2917333333333333,10.0905,6.0,4,20.467445746008103,,0.0,0.0,0.0,0.0,45.670670670670674,optimal
2021-02-13 06:30:00,3,19,2.0,0.0,5.0,0.062,7.539,6.0,4,20.425973988046415,,7000.0,0.0,0.0,0.0,48.0,optimal
2021-02-13 07:00:00,3,19,2.0,0.0,0.0,2.4838666666666667,7.938,6.0,4,20.521927445429515,,7000.0,0.0,0.0,0.0,47.818573886706275,optimal
2021-02-13 07:30:00,3,19,2.0,0.0,0.0,1.4723666666666666,8.274,6.0,4,20.633520708955196,,7000.0,0.0,0.0,0.0,47.637329199525844,optimal
2021-02-13 08:00:00,3,19,2.0,0.0,0.0,0.9816666666666666,9.261,6.0,4,20.73946217022702,,7000.0,0.0,0.0,0.0,47.4562657570326,optimal
2021-02-13 08:30:00,3,19,1.0245572747623146,0.0,0.0,0.1364,9.9225,6.0,4,20.833510732260663,,3585.950461668101,0.0,0.0,0.0,47.27538337798184,optimal
2021-02-13 09:00:00,3,19,2.0,0.0,0.0,0.23486666666666667,9.702,6.0,4,20.851529233846964,,7000.0,0.0,0.0,0.0,47.09468188131014,optimal
2021-02-13 09:30:00,3,19,0.0,0.0,0.0,0.1414,10.584,6.0,4,20.940496859127105,,0.0,0.0,0.0,0.0,46.9141610861351,optimal
2021-02-13 10:00:00,3,19,0.0,0.0,0.0,0.21946666666666667,10.143,6.0,4,20.886564286967918,,0.0,0.0,0.0,0.0,46.733820811755244,optimal
2021-02-13 10:30:00,3,19,0.0,0.0,0.0,0.1468,13.0095,6.0,4,20.835097198149516,,0.0,0.0,0.0,0.0,46.55366087764977,optimal
2021-02-13 11:00:00,3,19,0.0,0.0,0.0,0.12890000000000001,11.025,6.0,4,20.782424745117655,,0.0,0.0,0.0,0.0,46.3736811034784,optimal
2021-02-13 11:30:00,3,19,0.0,0.0,0.0,0.23736666666666667,12.789,6.0,4,20.729656564465127,,0.0,0.0,0.0,0.0,46.1938813090812,optimal
2021-02-13 12:00:00,3,19,0.0,0.0,0.0,0.064,12.1275,6.0,4,20.679346029652272,,0.0,0.0,0.0,0.0,46.0142613144784,optimal
2021-02-13 12:30:00,3,19,0.0,0.0,0.0,0.24596666666666667,12.1695,6.0,4,20.62569156018582,,0.0,0.0,0.0,0.0,45.8348209398702,optimal
2021-02-13 13:00:00,3,19,0.0,0.0,0.0,0.1253,12.306,6.0,4,20.576111536269995,,0.0,0.0,0.0,0.0,45.6555600056366,optimal
2021-02-13 13:30:00,3,19,0.0,0.0,0.0,0.059,13.23,6.0,4,20.52458198484591,,0.0,0.0,0.0,0.0,45.476478332337244,optimal
2021-02-13 14:00:00,3,19,0.0,0.0,0.0,0.7967333333333333,13.671,6.0,4,20.472105365048204,,0.0,0.0,0.0,0.0,45.29757574071118,optimal
2021-02-13 14:30:00,3,19,0.0,0.0,0.0,1.215266666666667,13.9335,6.0,4,20.428583475098215,,0.0,0.0,0.0,0.0,45.11885205167675,optimal
2021-02-13 15:00:00,3,19,0.0,0.0,0.0,3.6618333333333335,13.293,6.0,4,20.390997256282642,,0.0,0.0,0.0,0.0,44.940307086331345,optimal
2021-02-13 15:30:00,3,19,0.0,0.0,0.0,2.6431,12.1065,6.0,4,20.361840551116835,,0.0,0.0,0.0,0.0,44.76194066595129,optimal
2021-02-13 16:00:00,3,19,0.0,0.0,0.0,0.24906666666666663,11.571,6.0,4,20.326140371581104,,0.0,0.0,0.0,0.0,44.58375261199162,optimal
2021-02-13 16:30:00,3,19,0.0,0.0,0.0,0.22363333333333332,11.025,6.0,4,20.284870127080048,,0.0,0.0,0.0,0.0,44.405742746085906,optimal
2021-02-13 17:00:00,3,19,0.0,0.0,0.0,1.1092666666666668,10.8465,6.0,4,20.239839030789657,,0.0,0.0,0.0,0.0,44.2279108900461,optimal
2021-02-13 17:30:00,3,19,0.0,0.0,0.0,2.1831,11.2455,6.0,4,20.19457988234699,,0.0,0.0,0.0,0.0,44.05025686586233,optimal
2021-02-13 18:00:00,3,19,0.0,0.0,0.0,1.7278,23.8665,6.0,4,20.155917298348356,,0.0,0.0,0.0,0.0,43.87278049570274,optimal
2021-02-13 18:30:00,3,19,0.0,0.0,0.0,0.12179999999999999,27.4575,6.0,4,20.122069160764923,,0.0,0.0,0.0,0.0,43.695481601913315,optimal
2021-02-13 19:00:00,3,19,0.0,0.0,0.0,0.36906666666666665,27.3735,6.0,4,20.083328044796826,,0.0,0.0,0.0,0.0,43.51836000701768,optimal
2021-02-13 19:30:00,3,19,0.0,0.0,0.0,1.3859333333333335,30.4605,6.0,4,20.050476229239425,,0.0,0.0,0.0,0.0,43.34141553371693,optimal
2021-02-13 20:00:00,3,19,0.0,0.0,0.0,2.249833333333333,30.0195,6.0,4,20.023851972768437,,0.0,0.0,0.0,0.0,43.16464800488949,optimal
2021-02-13 20:30:00,3,19,0.0,0.0,0.0,3.218633333333333,26.9325,6.0,4,20.0,,0.0,0.0,0.0,0.0,42.98805724359088,optimal
2021-02-13 21:00:00,3,19,0.0,0.0,0.0,0.30146666666666666,14.595,6.0,4,19.98872774038935,,0.0,0.0,0.0,0.0,42.81164307305357,optimal
2021-02-13 21:30:00,3,19,0.0,0.0,0.0,3.9538,12.4845,6.0,4,19.953172515877228,,0.0,0.0,0.0,0.0,42.63540531668679,optimal
2021-02-13 22:00:00,3,19,0.0,0.0,0.0,0.8336333333333333,12.1275,6.0,4,19.93045960357089,,0.0,0.0,0.0,0.0,42.45934379807638,optimal
2021-02-13 22:30:00,3,19,0.0,0.0,0.0,0.46636666666666665,12.1275,6.0,4,19.90692806044056,,0.0,0.0,0.0,0.0,42.28345834098458,optimal
2021-02-13 23:00:00,3,19,0.0,0.0,0.0,0.3949333333333333,12.789,6.0,4,19.877220511748973,,0.0,0.0,0.0,0.0,42.2411748826436,optimal
2021-02-13 23:30:00,3,19,0.0,0.0,0.0,0.32676666666666665,11.907,6.0,4,19.84285681373391,,0.0,0.0,0.0,0.0,42.19893370776096,optimal
2021-02-07 00:00:00,4,19,0.0,0.0,0.0,0.11723333333333331,14.007,6.0,20,21.0,,0.0,0.0,0.0,0.0,47.952,optimal
2021-02-07 00:30:00,4,19,0.0,0.0,0.0,0.1977333333333333,13.23,6.0,20,20.962949397487627,,0.0,0.0,0.0,0.0,47.904047999999996,optimal
2021-02-07 01:00:00,4,19,0.0,0.0,1.4211322614580606,0.18309999999999998,11.382,6.0,20,20.927362186521382,,0.0,0.0,0.0,0.0,48.53118177619257,optimal
2021-02-07 01:30:00,4,19,0.0,0.0,0.0,0.1432,11.7495,6.0,20,20.891312491289668,,0.0,0.0,0.0,0.0,48.48265059441637,optimal
2021-02-07 02:00:00,4,19,0.0,0.0,0.0,0.055,24.3285,6.0,20,20.854420519931352,,0.0,0.0,0.0,0.0,48.434167943821954,optimal
2021-02-07 02:30:00,4,19,0.0,0.0,0.0,0.11033333333333331,28.917,6.0,20,20.81571259480674,,0.0,0.0,0.0,0.0,48.38573377587813,optimal
2021-02-07 03:00:00,4,19,0.0,0.0,0.0,0.33273333333333327,31.3635,6.0,20,20.777963883295964,,0.0,0.0,0.0,0.0,48.33734804210225,optimal
2021-02-07 03:30:00,4,19,0.0,0.0,0.0,0.055,33.306,6.0,20,20.744547336542045,,0.0,0.0,0.0,0.0,48.289010694060146,optimal
2021-02-07 04:00:00,4,19,0.0,0.0,0.0,0.22193333333333332,31.3425,6.0,20,20.70547647976166,,0.0,0.0,0.0,0.0,48.240721683366075,optimal
2021-02-07 04:30:00,4,19,0.0,0.0,0.0,1.536266666666667,28.2555,6.0,20,20.66975005789578,,0.0,0.0,0.0,0.0,48.192480961682705,optimal
2021-02-07 05:00:00,4,19,0.0,0.0,0.0,0.055,15.6975,6.0,20,20.63984430661487,,0.0,0.0,0.0,0.0,48.144288480721016,optimal
2021-02-07 05:30:00,4,19,0.0,0.0,0.0,0.3438,12.5475,6.0,20,20.60091513193151,,0.0,0.0,0.0,0.0,48.096144192240295,optimal
2021-02-07 06:00:00,4,19,0.0,0.0,0.0,0.8068,12.0855,6.0,20,20.567921735501116,,0.0,0.0,0.0,0.0,48.048048048048045,optimal
2021-02-07 06:30:00,4,19,0.0,0.0,0.0,0.05433333333333334,11.907,6.0,20,20.532657722559133,,0.0,0.0,0.0,0.0,48.0,optimal
2021-02-07 07:00:00,4,19,0.0,0.0,0.0,1.3870333333333333,12.5685,6.0,20,20.497021097486822,,0.0,0.0,0.0,0.0,47.897453680404006,optimal
2021-02-07 07:30:00,4,19,0.0,0.0,0.0,0.1197,13.146,6.0,20,20.47209236247871,,0.0,0.0,0.0,0.0,47.79500990712761,optimal
2021-02-07 08:00:00,4,19,0.0,0.0,0.0,0.3922,10.584,6.0,20,20.439708442686875,,0.0,0.0,0.0,0.0,47.69266857762449,optimal
2021-02-07 08:30:00,4,19,0.0,0.0,0.0,3.4026666666666667,6.678,6.0,20,20.41736979344286,,0.0,0.0,0.0,0.0,47.59042958945087,optimal
2021-02-07 09:00:00,4,19,0.0,0.0,0.0,0.22353333333333333,7.938,6.0,20,20.38867089995267,,0.0,0.0,0.0,0.0,47.48829284026543,optimal
2021-02-07 09:30:00,4,19,0.0,0.0,0.0,0.08713333333333334,5.292,6.0,20,20.35129008018269,,0.0,0.0,0.0,0.0,47.386258227829174,optimal
2021-02-07 10:00:00,4,19,0.0,0.0,0.0,0.2874,9.261,6.0,20,20.303904210706275,,0.0,0.0,0.0,0.0,47.28432565000535,optimal
2021-02-07 10:30:00,4,19,0.0,0.0,0.0,0.148,10.3635,6.0,20,20.26081678604675,,0.0,0.0,0.0,0.0,47.18249500475935,optimal
2021-02-07 11:00:00,4,19,0.0,0.0,0.0,0.15916666666666665,8.274,6.0,20,20.214765501732813,,0.0,0.0,0.0,0.0,47.0807661901586,optimal
2021-02-07 11:30:00,4,19,0.0,0.0,0.0,0.2990333333333334,7.7175,6.0,20,20.169897860120276,,0.0,0.0,0.0,0.0,46.97913910437245,optimal
2021-02-07 12:00:00,4,19,0.0,0.0,0.0,2.5499,6.615,6.0,20,20.131858236475754,,0.0,0.0,0.0,0.0,46.877613645672085,optimal
2021-02-07 12:30:00,4,19,0.0,0.0,0.0,0.38353333333333334,6.174,6.0,20,20.104215852137383,,0.0,0.0,0.0,0.0,46.77618971243042,optimal
2021-02-07 13:00:00,4,19,0.0,0.0,0.0,0.32313333333333333,3.906,6.0,20,20.068982985189855,,0.0,0.0,0.0,0.0,46.674867203122,optimal
2021-02-07 13:30:00,4,19,0.03309615131823299,0.0,0.0,0.5724666666666667,2.3415,6.0,20,20.030688181352218,,115.83652961381547,0.0,0.0,0.0,46.57364601632288,optimal
2021-02-07 14:00:00,4,19,0.5391120986512785,0.0,0.0,2.4159333333333333,2.205,6.0,20,20.0,,1622.0663961740045,0.0,264.82594910547033,0.0,46.47252605071057,optimal
2021-02-07 14:30:00,4,19,2.0,0.0,0.0,0.4142,0.882,6.0,20,20.0,,3084.8259491054705,0.0,3915.1740508945295,0.0,46.371507205063864,optimal
2021-02-07 15:00:00,4,19,2.0,0.0,0.0,0.4529666666666666,1.5435,6.0,20,20.02741031160042,,7000.0,0.0,0.0,0.0,46.270589378262805,optimal
2021-02-07 15:30:00,4,19,2.0,0.0,0.0,0.0999,1.5435,6.0,20,20.136643347304055,,7000.0,0.0,0.0,0.0,46.16977246928855,optimal
2021-02-07 16:00:00,4,19,0.0,0.0,0.0,1.7372999999999998,5.0715,6.0,20,20.231241220458937,,0.0,0.0,0.0,0.0,46.06905637722327,optimal
2021-02-07 16:30:00,4,19,0.0,0.0,0.0,0.9370333333333332,5.376,6.0,20,20.19716895094907,,0.0,0.0,0.0,0.0,45.968441001250056,optimal
2021-02-07 17:00:00,4,19,0.0,0.0,0.0,0.46426666666666666,5.0715,6.0,20,20.158899290825765,,0.0,0.0,0.0,0.0,45.867926240652814,optimal
2021-02-07 17:30:00,4,19,0.0,0.0,0.0,0.2603333333333333,5.5125,6.0,20,20.128660677864087,,0.0,0.0,0.0,0.0,45.76751199481617,optimal
2021-02-07 18:00:00,4,19,0.0,0.0,0.0,0.08986666666666666,9.261,6.0,20,20.095668155024054,,0.0,0.0,0.0,0.0,45.66719816322536,optimal
2021-02-07 18:30:00,4,19,0.0,0.0,0.0,2.434633333333333,11.7075,6.0,20,20.06082052995798,,0.0,0.0,0.0,0.0,45.56698464546614,optimal
2021-02-07 19:00:00,4,19,0.0,0.0,0.0,0.4473333333333333,12.348,6.0,20,20.046310042416245,,0.0,0.0,0.0,0.0,45.46687134122468,optimal
2021-02-07 19:30:00,4,19,0.0,0.0,0.0,0.37876666666666664,12.348,6.0,20,20.02436894530095,,0.0,0.0,0.0,0.0,45.36685815028746,optimal
2021-02-07 20:00:00,4,19,0.0,0.0,0.0,2.413833333333333,12.1275,6.0,20,20.011160461356052,,0.0,0.0,0.0,0.0,45.26694497254118,optimal
2021-02-07 20:30:00,4,19,0.0,0.0,0.0,0.29353333333333337,12.5265,6.0,20,20.0,,0.0,0.0,0.0,0.0,45.16713170797265,optimal
2021-02-07 21:00:00,4,19,0.0,0.0,0.0,2.693033333333333,11.7495,6.0,20,19.976492221317695,,0.0,0.0,0.0,0.0,45.06741825666869,optimal
2021-02-07 21:30:00,4,19,0.0,0.0,0.0,1.0745,13.23,6.0,20,19.9619206101668,,0.0,0.0,0.0,0.0,44.967804518816024,optimal
2021-02-07 22:00:00,4,19,0.0,0.0,0.0,0.6877000000000001,14.3325,6.0,20,19.956899245141148,,0.0,0.0,0.0,0.0,44.86829039470121,optimal
2021-02-07 22:30:00,4,19,0.0,0.0,0.0,0.4171333333333333,14.994,6.0,20,19.94772533412328,,0.0,0.0,0.0,0.0,44.76887578471052,optimal
2021-02-07 23:00:00,4,19,0.0,0.0,0.0,4.0538,14.8155,6.0,20,19.93286253523606,,0.0,0.0,0.0,0.0,44.724106908925805,optimal
2021-02-07 23:30:00,4,19,0.0,0.0,0.0,2.501266666666667,14.112,6.0,20,19.92394712922995,,0.0,0.0,0.0,0.0,44.67938280201688,optimal
2021-02-08 00:00:00,4,19,0.0,0.0,0.0,0.061,30.597,6.0,14,19.92394712922995,,0.0,0.0,0.0,0.0,44.634703419214866,optimal
2021-02-08 00:30:00,4,19,0.0,0.0,0.0,0.09483333333333331,33.684,6.0,14,19.884668410007404,,0.0,0.0,0.0,0.0,44.59006871579565,optimal
2021-02-08 01:00:00,4,19,0.0,0.0,0.0,0.17603333333333332,32.445,6.0,14,19.84617499640225,,0.0,0.0,0.0,0.0,44.545478647079854,optimal
2021-02-08 01:30:00,4,19,0.0,0.0,0.0,0.15293333333333334,28.917,6.0,14,19.809421856427385,,0.0,0.0,0.0,0.0,44.50093316843277,optimal
2021-02-08 02:00:00,4,19,0.0,0.0,0.0,0.061,15.876,6.0,14,19.772167691534857,,0.0,0.0,0.0,0.0,44.45643223526434,optimal
2021-02-08 02:30:00,4,19,0.0,0.0,0.0,0.23613333333333333,12.348,6.0,14,19.733023082238674,,0.0,0.0,0.0,0.0,44.41197580302907,optimal
2021-02-08 03:00:00,4,19,0.0,0.0,0.0,0.12666666666666668,12.1275,6.0,14,19.697647774972715,,0.0,0.0,0.0,0.0,44.36756382722604,optimal
2021-02-08 03:30:00,4,19,0.0,0.0,0.0,0.0813,12.348,6.0,14,19.660281913675057,,0.0,0.0,0.0,0.0,44.32319626339881,optimal
2021-02-08 04:00:00,4,19,0.0,0.0,0.0,0.27493333333333336,12.1275,6.0,14,19.62196673594374,,0.0,0.0,0.0,0.0,44.278873067135414,optimal
2021-02-08 04:30:00,4,19,0.0,0.0,0.0,0.06756666666666666,12.1275,6.0,14,19.587533485992328,,0.0,0.0,0.0,0.0,44.23459419406828,optimal
2021-02-08 05:00:00,4,19,0.8378810231144143,0.0,0.0,0.20986666666666667,11.2665,6.0,14,19.548740754964527,,0.0,0.0,2932.5835809004498,0.0,44.19035959987421,optimal
2021-02-08 05:30:00,4,19,2.0,0.0,3.402063087707371,0.15293333333333334,10.143,6.0,14,19.512664542453788,,4156.615432853252,0.0,2843.384567146748,0.0,45.76214920693534,optimal
2021-02-08 06:00:00,4,19,2.0,0.0,0.0,0.06776666666666667,11.2455,6.0,14,19.559382749535303,,7000.0,0.0,0.0,0.0,45.716387057728404,optimal
2021-02-08 06:30:00,4,19,2.0,0.0,0.0,0.4877666666666666,11.025,6.0,14,19.661577828727083,,7000.0,0.0,0.0,0.0,45.670670670670674,optimal
2021-02-08 07:00:00,4,19,2.0,0.0,5.0,0.9812333333333332,5.9745,6.0,14,19.774086904522175,,7000.0,0.0,0.0,0.0,48.0,optimal
2021-02-08 07:30:00,4,19,2.0,0.0,0.0,0.21786666666666668,7.938,6.0,14,19.886021324720847,,7000.0,0.0,0.0,0.0,47.80810428296834,optimal
2021-02-08 08:00:00,4,19,2.0,0.0,0.0,0.23716666666666664,8.6835,6.0,14,20.0,,1768.6348147138663,0.0,5231.365185286134,0.0,47.616400461653704,optimal
2021-02-08 08:30:00,4,19,2.0,0.0,0.0,0.38839999999999997,7.665,6.0,14,20.0,,1683.7874266011786,0.0,5316.212573398821,0.0,47.42488834416039,optimal
2021-02-08 09:00:00,4,19,2.0,0.0,0.0,0.21346666666666667,6.7725,6.0,14,20.0,,2284.2125733988214,0.0,4715.787426601179,0.0,47.233567738784565,optimal
2021-02-08 09:30:00,4,19,2.0,0.0,0.0,0.38980000000000004,5.5755,6.0,14,20.006217601777337,,7000.0,0.0,0.0,0.0,47.04243845401412,optimal
2021-02-08 10:00:00,4,19,2.0,0.0,0.0,0.11303333333333332,5.0925,6.0,14,20.1108404492208,,7000.0,0.0,0.0,0.0,46.85150029852844,optimal
2021-02-08 10:30:00,4,19,2.0,0.0,0.0,0.21546666666666667,4.1895,6.0,14,20.208022463609353,,7000.0,0.0,0.0,0.0,46.66075308119825,optimal
2021-02-08 11:00:00,4,19,2.0,0.0,0.0,0.2245,7.056,6.0,14,20.306499152473364,,7000.0,0.0,0.0,0.0,46.47019661108539,optimal
2021-02-08 11:30:00,4,19,2.0,0.0,0.0,0.071,5.271,6.0,14,20.402878259516203,,7000.0,0.0,0.0,0.0,46.27983069744265,optimal
2021-02-08 12:00:00,4,19,0.0,0.0,0.0,0.1832333333333333,7.938,6.0,14,20.494266224244377,,0.0,0.0,0.0,0.0,46.08965514971354,optimal
2021-02-08 12:30:00,4,19,0.2575598373658046,0.0,0.0,0.2114333333333333,7.938,6.0,14,20.446515208117148,,901.4594307803163,0.0,0.0,0.0,45.89966977753217,optimal
2021-02-08 13:00:00,4,19,0.0,0.0,0.0,0.16916666666666666,11.907,6.0,14,20.42121540418874,,0.0,0.0,0.0,0.0,45.70987439072297,optimal
2021-02-08 13:30:00,4,19,0.0,0.0,0.0,0.09233333333333331,11.025,6.0,14,20.377504708131003,,0.0,0.0,0.0,0.0,45.52026879930059,optimal
2021-02-08 14:00:00,4,19,0.0,0.0,0.0,0.21986666666666668,11.2875,6.0,14,20.331607710581494,,0.0,0.0,0.0,0.0,45.330852813469626,optimal
2021-02-08 14:30:00,4,19,0.0,0.0,0.0,0.071,12.936,6.0,14,20.286572141645703,,0.0,0.0,0.0,0.0,45.14162624362449,optimal
2021-02-08 15:00:00,4,19,0.0,0.0,0.0,0.2016,13.0095,6.0,14,20.238256991951264,,0.0,0.0,0.0,0.0,44.952588900349205,optimal
2021-02-08 15:30:00,4,19,0.0,0.0,0.0,0.28703333333333336,13.671,6.0,14,20.19469313829234,,0.0,0.0,0.0,0.0,44.76374059441719,optimal
2021-02-08 16:00:00,4,19,0.0,0.0,0.0,0.5773333333333334,13.188,6.0,14,20.162036026885968,,0.0,0.0,0.0,0.0,44.57508113679111,optimal
2021-02-08 16:30:00,4,19,0.0,0.0,0.0,0.229,13.8495,6.0,14,20.14275059631351,,0.0,0.0,0.0,0.0,44.38661033862266,optimal
2021-02-08 17:00:00,4,19,0.0,0.0,0.0,0.22473333333333328,13.23,6.0,14,20.115924515544332,,0.0,0.0,0.0,0.0,44.19832801125238,optimal
2021-02-08 17:30:00,4,19,0.0,0.0,0.0,0.4405,13.3665,6.0,14,20.08734222325507,,0.0,0.0,0.0,0.0,44.01023396620946,optimal
2021-02-08 18:00:00,4,19,0.0,0.0,0.0,0.48969999999999997,13.0515,6.0,14,20.06257431090258,,0.0,0.0,0.0,0.0,43.82232801521159,optimal
2021-02-08 18:30:00,4,19,0.0,0.0,0.0,0.8512333333333334,13.5345,6.0,14,20.039849772550454,,0.0,0.0,0.0,0.0,43.63460997016472,optimal
2021-02-08 19:00:00,4,19,0.0,0.0,0.0,1.1313,14.154,6.0,14,20.02601550830762,,0.0,0.0,0.0,0.0,43.447079643162894,optimal
2021-02-08 19:30:00,4,19,0.0,0.0,0.0,0.5799666666666667,14.112,6.0,14,20.020304980424598,,0.0,0.0,0.0,0.0,43.25973684648807,optimal
2021-02-08 20:00:00,4,19,0.0,0.0,0.0,2.5168000000000004,14.2485,6.0,14,20.0,,0.0,0.0,0.0,0.0,43.07258139260992,optimal
2021-02-08 20:30:00,4,19,0.0,0.0,0.0,1.462,12.789,6.0,14,20.000314149700486,,0.0,0.0,0.0,0.0,42.88561309418565,optimal
2021-02-08 21:00:00,4,19,0.0,0.0,0.0,0.37510000000000004,13.0095,6.0,14,19.998423230473144,,0.0,0.0,0.0,0.0,42.698831764059804,optimal
2021-02-08 21:30:00,4,19,0.0,0.0,0.0,0.4298333333333333,12.1275,6.0,14,19.97409138524846,,0.0,0.0,0.0,0.0,42.512237215264086,optimal
2021-02-08 22:00:00,4,19,0.0,0.0,0.0,0.3556,12.348,6.0,14,19.94882304021609,,0.0,0.0,0.0,0.0,42.32582926101716,optimal
2021-02-08 22:30:00,4,19,0.0,0.0,0.0,0.3544333333333333,12.348,6.0,14,19.921489863499403,,0.0,0.0,0.0,0.0,42.283503431756145,optimal
2021-02-08 23:00:00,4,19,0.0,0.0,0.0,0.21209999999999998,25.389,6.0,14,19.89186744398329,,0.0,0.0,0.0,0.0,42.24121992832439,optimal
2021-02-08 23:30:00,4,19,0.0,0.0,0.0,0.06866666666666667,29.1375,6.0,14,19.853450595398698,,0.0,0.0,0.0,0.0,42.19897870839607,optimal
2021-02-09 00:00:00,4,19,2.0,0.0,5.0,0.056,11.571,6.0,-11,19.853450595398698,,7000.0,0.0,0.0,0.0,44.53177972968767,optimal
2021-02-09 00:30:00,4,19,0.09952380952380951,0.0,0.0,0.16263333333333332,14.3745,6.0,-11,19.95971154355432,,0.0,0.0,348.3333333333333,0.0,44.48724794995798,optimal
2021-02-09 01:00:00,4,19,2.0,0.0,5.0,0.1482,13.23,6.0,-11,19.928345123873086,,0.0,0.0,7000.0,0.0,46.81776070200802,optimal
2021-02-09 01:30:00,4,19,2.0,0.0,0.0,0.21480000000000002,13.9755,6.0,-11,19.900211308448288,,6995.713333333333,0.0,4.286666666666667,0.0,46.77094294130602,optimal
2021-02-09 02:00:00,4,19,0.0,0.0,0.0,0.1616,14.994,6.0,-11,20.018397786443618,,0.0,0.0,0.0,0.0,46.72417199836471,optimal
2021-02-09 02:30:00,4,19,2.0,0.0,3.6983581420118057,0.058,13.671,6.0,-11,19.978300786522322,,7000.0,0.0,0.0,0.0,48.434167943821954,optimal
2021-02-09 03:00:00,4,19,0.0,0.0,0.0,0.058,15.981,6.0,-11,20.077772855630542,,0.0,0.0,0.0,0.0,48.38573377587813,optimal
2021-02-09 03:30:00,4,19,0.0,0.0,0.0,0.1616,15.6345,6.0,-11,20.035687928036893,,0.0,0.0,0.0,0.0,48.33734804210225,optimal
2021-02-09 04:00:00,4,19,0.0,0.0,0.0,0.058,16.5375,6.0,-11,19.996064150822296,,0.0,0.0,0.0,0.0,48.289010694060146,optimal
2021-02-09 04:30:00,4,19,0.0,0.0,0.0,0.058,14.7735,6.0,-11,19.954708855208832,,0.0,0.0,0.0,0.0,48.240721683366075,optimal
2021-02-09 05:00:00,4,19,0.0,0.0,0.0,0.1172,15.2145,6.0,-11,19.91320166847146,,0.0,0.0,0.0,0.0,48.192480961682705,optimal
2021-02-09 05:30:00,4,19,0.0,0.0,0.0,0.1024,14.553,6.0,-11,19.872739068109432,,0.0,0.0,0.0,0.0,48.144288480721016,optimal
2021-02-09 06:00:00,4,19,2.0,0.0,0.0,0.058,14.3325,6.0,-11,19.832082245782136,,7000.0,0.0,0.0,0.0,48.096144192240295,optimal
2021-02-09 06:30:00,4,19,0.41874841918550504,0.0,0.0,0.1616,14.595,6.0,-11,19.932062525392862,,1465.6194671492676,0.0,0.0,0.0,48.048048048048045,optimal
2021-02-09 07:00:00,4,19,0.0,0.0,0.0,0.21463333333333331,14.994,6.0,-11,19.921930193297815,,0.0,0.0,0.0,0.0,48.0,optimal
2021-02-09 07:30:00,4,19,2.0,0.0,0.0,0.2361,14.3325,6.0,-11,19.889718184831228,,7000.0,0.0,0.0,0.0,47.748734527201556,optimal
2021-02-09 08:00:00,4,19,1.267336650394227,0.0,0.0,0.325,13.8915,6.0,-11,20.0,,2452.964943046461,0.0,1982.7133333333334,0.0,47.49772031987591,optimal
2021-02-09 08:30:00,4,19,2.0,0.0,0.0,0.068,13.8915,6.0,-11,20.01224686310058,,7000.0,0.0,0.0,0.0,47.24695712675759,optimal
2021-02-09 09:00:00,4,19,2.0,0.0,0.0,0.068,13.4715,6.0,-11,20.102886277056374,,7000.0,0.0,0.0,0.0,46.99644469683239,optimal
2021-02-09 09:30:00,4,19,2.0,0.0,0.0,0.1716,13.23,6.0,-11,20.193679437339092,,7000.0,0.0,0.0,0.0,46.74618277933712,optimal
2021-02-09 10:00:00,4,19,2.0,0.0,0.0,0.068,13.8915,6.0,-11,20.28710759528645,,7000.0,0.0,0.0,0.0,46.49617112375934,optimal
2021-02-09 10:30:00,4,19,0.0,0.0,0.0,0.068,26.9325,6.0,-11,20.378977633654625,,0.0,0.0,0.0,0.0,46.24640947983714,optimal
2021-02-09 11:00:00,4,19,0.0,0.0,0.0,0.1716,30.303,6.0,-11,20.32982836932255,,0.0,0.0,0.0,0.0,45.99689759755886,optimal
2021-02-09 11:30:00,4,19,0.0,0.0,0.0,0.068,32.886,6.0,-11,20.283547057270326,,0.0,0.0,0.0,0.0,45.74763522716286,optimal
2021-02-09 12:00:00,4,19,0.0,0.0,0.0,0.11033333333333331,34.9965,6.0,-11,20.23542196884445,,0.0,0.0,0.0,0.0,45.49862211913725,optimal
2021-02-09 12:30:00,4,19,0.0,0.0,0.0,0.43660000000000004,33.327,6.0,-11,20.18939633773926,,0.0,0.0,0.0,0.0,45.24985802421967,optimal
2021-02-09 13:00:00,4,19,0.0,0.0,0.0,0.264,31.122,6.0,-11,20.152053573701558,,0.0,0.0,0.0,0.0,45.00134269339701,optimal
2021-02-09 13:30:00,4,19,0.0,0.0,0.0,0.195,17.9025,6.0,-11,20.11287447267962,,0.0,0.0,0.0,0.0,44.75307587790517,optimal
2021-02-09 14:00:00,4,19,0.0,0.0,0.0,0.29860000000000003,15.6555,6.0,-11,20.0749617561132,,0.0,0.0,0.0,0.0,44.50505732922882,optimal
2021-02-09 14:30:00,4,19,0.0,0.0,0.0,0.195,14.553,6.0,-11,20.03811953105146,,0.0,0.0,0.0,0.0,44.257286799101145,optimal
2021-02-09 15:00:00,4,19,0.5282695523437936,0.0,0.0,0.205,14.3325,6.0,-11,20.0,,1848.9434332032777,0.0,0.0,0.0,44.0097640395036,optimal
2021-02-09 15:30:00,4,19,0.534221933296213,0.0,0.0,0.3322,13.335,6.0,-11,20.0,,1451.7767665367458,0.0,418.0,0.0,43.76248880266566,optimal
2021-02-09 16:00:00,4,19,0.9398670171861284,0.0,0.0,0.066,12.1275,6.0,-11,20.0,,2903.581226818116,0.0,385.9533333333333,0.0,43.51546084106455,optimal
2021-02-09 16:30:00,4,19,0.0,0.0,0.0,0.18106666666666663,12.2955,6.0,-11,20.026326734348622,,0.0,0.0,0.0,0.0,43.268679907425046,optimal
2021-02-09 17:00:00,4,19,0.15178919307452043,0.0,0.0,0.646,11.6865,6.0,-11,20.0,,81.21550909415475,0.0,450.0466666666667,0.0,43.022145754719176,optimal
2021-02-09 17:30:00,4,19,0.6247985107566097,0.0,0.0,0.8402333333333334,11.466,6.0,-11,20.0,,96.7947876481344,0.0,2089.9999999999995,0.0,42.775858136166015,optimal
2021-02-09 18:00:00,4,19,0.4915889115447734,0.0,0.0,0.30219999999999997,10.8045,6.0,-11,20.0,,683.7207609370162,0.0,1036.8404294696907,0.0,42.529816805231405,optimal
2021-02-09 18:30:00,4,19,2.0,0.0,0.0,0.9495,10.584,6.0,-11,20.0,,2324.173762803024,0.0,4675.826237196976,0.0,42.284021515627735,optimal
2021-02-09 19:00:00,4,19,0.0,0.0,0.0,0.8032999999999999,11.2455,6.0,-11,20.04298015010704,,0.0,0.0,0.0,0.0,42.038472021313666,optimal
2021-02-09 19:30:00,4,19,0.0,0.0,0.0,0.2715,12.1275,6.0,-11,20.037605626473585,,0.0,0.0,0.0,0.0,41.79316807649391,optimal
2021-02-09 20:00:00,4,19,0.0,0.0,0.0,0.1982,11.823,6.0,-11,20.019717793078907,,0.0,0.0,0.0,0.0,41.548109435618976,optimal
2021-02-09 20:30:00,4,19,0.0,0.0,0.0,0.2295,11.7705,6.0,-11,20.0,,0.0,0.0,0.0,0.0,41.50656132618336,optimal
2021-02-09 21:00:00,4,19,0.0,0.0,0.0,0.3839333333333333,11.13,6.0,-11,19.987626575450925,,0.0,0.0,0.0,0.0,41.46505476485718,optimal
2021-02-09 21:30:00,4,19,0.0,0.0,0.0,0.2307,11.6865,6.0,-11,19.968395202811593,,0.0,0.0,0.0,0.0,41.42358971009232,optimal
2021-02-09 22:00:00,4,19,0.0,0.0,0.0,0.2829333333333333,10.7205,6.0,-11,19.94473023937055,,0.0,0.0,0.0,0.0,41.38216612038223,optimal
2021-02-09 22:30:00,4,19,0.0,0.0,0.0,0.068,11.424,6.0,-11,19.91869725409536,,0.0,0.0,0.0,0.0,41.340783954261845,optimal
2021-02-09 23:00:00,4,19,0.0,0.0,0.0,0.068,10.689,6.0,-11,19.877153837085352,,0.0,0.0,0.0,0.0,41.29944317030758,optimal
2021-02-09 23:30:00,4,19,0.0,0.0,0.0,0.1716,11.361,6.0,-11,19.835847519616415,,0.0,0.0,0.0,0.0,41.25814372713727,optimal
2021-02-10 00:00:00,4,19,2.0,0.0,5.0,0.162,11.025,6.0,-11,19.835847519616415,,7000.0,0.0,0.0,0.0,43.59188558341014,optimal
2021-02-10 00:30:00,4,19,2.0,0.0,5.0,0.067,14.553,6.0,-11,19.940095154437063,,1496.333333333333,0.0,5503.666666666667,0.0,45.92329369782673,optimal
2021-02-10 01:00:00,4,19,2.0,0.0,5.0,0.067,13.0935,6.0,-11,19.92800374861579,,7000.0,0.0,0.0,0.0,48.252370404128904,optimal
2021-02-10 01:30:00,4,19,2.0,0.0,0.790828429485343,0.067,15.6345,6.0,-11,20.02688141731589,,7000.0,0.0,0.0,0.0,48.579761537730306,optimal
2021-02-10 02:00:00,4,19,0.0,0.0,0.0,0.067,18.102,6.0,-11,20.125243988311333,,0.0,0.0,0.0,0.0,48.53118177619257,optimal
2021-02-10 02:30:00,4,19,0.0,0.0,0.0,0.067,17.199,6.0,-11,20.081663932804087,,0.0,0.0,0.0,0.0,48.48265059441637,optimal
2021-02-10 03:00:00,4,19,0.0,0.0,0.0,0.067,18.2805,6.0,-11,20.03819675063605,,0.0,0.0,0.0,0.0,48.434167943821954,optimal
2021-02-10 03:30:00,4,19,0.0,0.0,0.0,0.067,17.4615,6.0,-11,19.9948421494627,,0.0,0.0,0.0,0.0,48.38573377587813,optimal
2021-02-10 04:00:00,4,19,0.0,0.0,0.0,0.067,18.3225,6.0,-11,19.951599837696683,,0.0,0.0,0.0,0.0,48.33734804210225,optimal
2021-02-10 04:30:00,4,19,0.0,0.0,0.0,0.067,17.094,6.0,-11,19.908469524505875,,0.0,0.0,0.0,0.0,48.289010694060146,optimal
2021-02-10 05:00:00,4,19,0.0,0.0,0.0,0.067,17.094,6.0,-11,19.865191917527223,,0.0,0.0,0.0,0.0,48.240721683366075,optimal
2021-02-10 05:30:00,4,19,2.0,0.0,0.0,0.067,17.094,6.0,-11,19.821767398255005,,7000.0,0.0,0.0,0.0,48.192480961682705,optimal
2021-02-10 06:00:00,4,19,0.0,0.0,0.0,0.076,17.3565,6.0,-11,19.91962521010827,,0.0,0.0,0.0,0.0,48.144288480721016,optimal
2021-02-10 06:30:00,4,19,2.0,0.0,0.0,0.077,17.115,6.0,-11,19.87554170279655,,7000.0,0.0,0.0,0.0,48.096144192240295,optimal
2021-02-10 07:00:00,4,19,0.33017916169134,0.0,0.0,0.077,17.241,6.0,-11,19.973519240256927,,1155.6270659196898,0.0,0.0,0.0,48.048048048048045,optimal
2021-02-10 07:30:00,4,19,2.0,0.0,0.0,0.11633333333333332,17.094,6.0,-11,19.95368058701057,,7000.0,0.0,0.0,0.0,48.0,optimal
2021-02-10 08:00:00,4,19,2.0,0.0,0.0,0.24916666666666662,16.5165,6.0,-11,20.05355822952662,,7000.0,0.0,0.0,0.0,47.45265099986412,optimal
2021-02-10 08:30:00,4,19,0.0,0.0,0.0,0.395,17.8185,6.0,-11,20.15849539067083,,0.0,0.0,0.0,0.0,46.905849348728374,optimal
2021-02-10 09:00:00,4,19,2.0,0.0,0.0,2.569,17.094,6.0,-11,20.12492560321839,,7000.0,0.0,0.0,0.0,46.35959449924377,optimal
2021-02-10 09:30:00,4,19,2.0,0.0,0.0,2.5199333333333334,16.8945,6.0,-11,20.245864464811984,,7000.0,0.0,0.0,0.0,45.81388590460865,optimal
2021-02-10 10:00:00,4,19,0.0,0.0,0.0,0.8487333333333333,18.123,6.0,-11,20.35362340366804,,0.0,0.0,0.0,0.0,45.26872301856816,optimal
2021-02-10 10:30:00,4,19,0.0,0.0,0.0,0.3812,31.647,6.0,-11,20.314285241101874,,0.0,0.0,0.0,0.0,44.724105295413715,optimal
2021-02-10 11:00:00,4,19,0.0,0.0,0.0,0.09613333333333333,34.9965,6.0,-11,20.277209505006798,,0.0,0.0,0.0,0.0,44.18003218998242,optimal
2021-02-10 11:30:00,4,19,0.0,0.0,0.0,0.0855,34.9965,6.0,-11,20.237377559284784,,0.0,0.0,0.0,0.0,43.636503157656556,optimal
2021-02-10 12:00:00,4,19,0.0,0.0,0.0,0.0883,34.9965,6.0,-11,20.19513375537079,,0.0,0.0,0.0,0.0,43.09351765436302,optimal
2021-02-10 12:30:00,4,19,0.0,0.0,0.0,0.9584,34.9965,6.0,-11,20.15573943419726,,0.0,0.0,0.0,0.0,42.55107513657278,optimal
2021-02-10 13:00:00,4,19,0.0,0.0,0.0,0.8234333333333332,34.9965,6.0,-11,20.13180429931542,,0.0,0.0,0.0,0.0,42.009175061300326,optimal
2021-02-10 13:30:00,4,19,0.0,0.0,0.0,0.29719999999999996,27.741,6.0,-11,20.104146924407015,,0.0,0.0,0.0,0.0,41.467816886103144,optimal
2021-02-10 14:00:00,4,19,0.0,0.0,0.0,0.37360000000000004,19.026,6.0,-11,20.065659143354907,,0.0,0.0,0.0,0.0,40.92700006908116,optimal
2021-02-10 14:30:00,4,19,0.0,0.0,0.0,0.41633333333333333,18.7215,6.0,-11,20.031130812869826,,0.0,0.0,0.0,0.0,40.3867240688762,optimal
2021-02-10 15:00:00,4,19,0.3954164237058509,0.0,0.0,0.417,17.4195,6.0,-11,20.0,,1383.9574829704782,0.0,0.0,0.0,39.846988344671445,optimal
2021-02-10 15:30:00,4,19,0.34151315430818985,0.0,0.0,0.454,16.758,6.0,-11,20.0,,1195.2960400786644,0.0,0.0,0.0,39.307792356190895,optimal
2021-02-10 16:00:00,4,19,0.3668480059253638,0.0,0.0,0.6031333333333333,14.217,6.0,-11,20.0,,1005.3013540721066,0.0,278.66666666666663,0.0,38.769135563698825,optimal
2021-02-10 16:30:00,4,19,0.43210664128957393,0.0,0.0,0.3357,13.3665,6.0,-11,20.0,,1373.0399111801755,0.0,139.33333333333331,0.0,38.23101742799925,optimal
2021-02-10 17:00:00,4,19,0.42504149433875665,0.0,0.0,0.42023333333333335,12.789,6.0,-11,20.0,,1278.6452301856482,0.0,209.0,0.0,37.69343741043537,optimal
2021-02-10 17:30:00,4,19,0.29287683549770455,0.0,0.0,0.6240666666666668,11.907,6.0,-11,20.0,,885.7355909086325,0.0,139.33333333333331,0.0,37.15639497288906,optimal
2021-02-10 18:00:00,4,19,0.28674075753671163,0.0,0.0,0.5343,11.7075,6.0,-11,20.0,,864.2593180451574,0.0,139.33333333333331,0.0,36.61988957778029,optimal
2021-02-10 18:30:00,4,19,2.0,0.0,0.0,0.3924666666666666,10.8045,6.0,-11,20.0,,2471.666666666667,0.0,4528.333333333333,0.0,36.083920688066634,optimal
2021-02-10 19:00:00,4,19,0.09523477744507443,0.0,0.0,0.2572,11.508,6.0,-11,20.024481947029866,,333.3217210577605,0.0,0.0,0.0,35.54848776724269,optimal
2021-02-10 19:30:00,4,19,0.4885414503418092,0.0,0.0,0.2696,11.508,6.0,-11,20.0,,1709.8950761963322,0.0,0.0,0.0,35.01359027933957,optimal
2021-02-10 20:00:00,4,19,0.46279331597566586,0.0,0.0,0.30476666666666663,11.508,6.0,-11,20.0,,1619.7766059148305,0.0,0.0,0.0,34.47922768892435,optimal
2021-02-10 20:30:00,4,19,0.0,0.0,0.0,0.31739999999999996,11.844,6.0,-11,20.0,,0.0,0.0,0.0,0.0,33.94539946109954,optimal
2021-02-10 21:00:00,4,19,0.0,0.0,0.0,0.3855,11.508,6.0,-11,19.965163655085302,,0.0,0.0,0.0,0.0,33.412105061502565,optimal
2021-02-10 21:30:00,4,19,0.0,0.0,0.0,0.49273333333333336,11.508,6.0,-11,19.931017404807733,,0.0,0.0,0.0,0.0,32.879343956305185,optimal
2021-02-10 22:00:00,4,19,0.17914285714285713,0.0,0.0,0.4978666666666667,10.4475,6.0,-11,19.89831705110741,,0.0,0.0,627.0,0.0,32.347115612213,optimal
2021-02-10 22:30:00,4,19,0.0,0.0,0.0,0.4038,10.8675,6.0,-11,19.86300253459667,,0.0,0.0,0.0,0.0,31.815419496464916,optimal
2021-02-10 23:00:00,4,19,0.0,0.0,0.0,0.3521,10.542,6.0,-11,19.82515062675756,,0.0,0.0,0.0,0.0,31.284255076832576,optimal
2021-02-10 23:30:00,4,19,0.0,0.0,0.0,0.28353333333333336,11.025,6.0,-11,19.783916632430994,,0.0,0.0,0.0,0.0,31.252970821755742,optimal
2021-02-11 00:00:00,4,19,2.0,0.0,5.0,0.06633333333333333,11.025,6.0,-6,19.783916632430994,,6791.0,0.0,209.0,0.0,33.596717850933985,optimal
2021-02-11 00:30:00,4,19,2.0,0.0,5.0,0.1577333333333333,10.584,6.0,-6,19.87487601694468,,1984.0,0.0,5016.0,0.0,35.93812113308305,optimal
2021-02-11 01:00:00,4,19,2.0,0.0,5.0,0.11513333333333334,11.025,6.0,-6,19.868705269687155,,7000.0,0.0,0.0,0.0,38.277183011949965,optimal
2021-02-11 01:30:00,4,19,2.0,0.0,5.0,0.10886666666666665,10.4265,6.0,-6,19.95892388885496,,7000.0,0.0,0.0,0.0,40.613905828938016,optimal
2021-02-11 02:00:00,4,19,2.0,0.0,5.0,0.159,12.789,6.0,-6,20.048782227232522,,7000.0,0.0,0.0,0.0,42.948291923109075,optimal
2021-02-11 02:30:00,4,19,2.0,0.0,5.0,0.07126666666666667,12.684,6.0,-6,20.139420730507922,,7000.0,0.0,0.0,0.0,45.280343631185964,optimal
2021-02-11 03:00:00,4,19,2.0,0.0,5.0,0.1966,16.254,6.0,-6,20.227792900623466,,7000.0,0.0,0.0,0.0,47.61006328755478,optimal
2021-02-11 03:30:00,4,19,2.0,0.0,1.427933598102862,0.065,17.64,6.0,-6,20.318209432632568,,7000.0,0.0,0.0,0.0,48.240721683366075,optimal
2021-02-11 04:00:00,4,19,0.0,0.0,0.0,0.20286666666666667,19.1625,6.0,-6,20.40638042684618,,0.0,0.0,0.0,0.0,48.192480961682705,optimal
2021-02-11 04:30:00,4,19,0.0,0.0,0.0,0.065,26.46,6.0,-6,20.356327174097004,,0.0,0.0,0.0,0.0,48.144288480721016,optimal
2021-02-11 05:00:00,4,19,0.0,0.0,0.0,0.13393333333333335,20.79,6.0,-6,20.303618085287145,,0.0,0.0,0.0,0.0,48.096144192240295,optimal
2021-02-11 05:30:00,4,19,0.0,0.0,0.0,0.13393333333333335,29.106,6.0,-6,20.252438251785577,,0.0,0.0,0.0,0.0,48.048048048048045,optimal
2021-02-11 06:00:00,4,19,0.0,0.0,0.0,0.08813333333333334,19.1835,6.0,-6,20.202038480932274,,0.0,0.0,0.0,0.0,48.0,optimal
2021-02-11 06:30:00,4,19,0.0,0.0,0.0,0.2473333333333333,19.6665,6.0,-6,20.15628314807088,,0.0,0.0,0.0,0.0,47.57020532797313,optimal
2021-02-11 07:00:00,4,19,0.0,0.0,0.0,0.15273333333333333,19.404,6.0,-6,20.11184782533734,,0.0,0.0,0.0,0.0,47.140840450618285,optimal
2021-02-11 07:30:00,4,19,0.0,0.0,0.0,0.074,19.047,6.0,-6,20.062437395193815,,0.0,0.0,0.0,0.0,46.7119049381408,optimal
2021-02-11 08:00:00,4,19,1.3846123698886,0.0,0.0,0.2033,18.858,6.0,-6,20.012582683786718,,4846.1432946100995,0.0,0.0,0.0,46.283398361175784,optimal
2021-02-11 08:30:00,4,19,0.0,0.0,0.0,0.4104666666666666,19.2675,6.0,-6,20.06783380760862,,0.0,0.0,0.0,0.0,45.85532029078774,optimal
2021-02-11 09:00:00,4,19,0.0,0.0,0.0,1.5284333333333333,18.963,6.0,-6,20.033487019058807,,0.0,0.0,0.0,0.0,45.427670298470076,optimal
2021-02-11 09:30:00,4,19,0.9873656192675401,0.0,0.0,0.26456666666666667,18.438,6.0,-6,20.0,,3455.7796674363904,0.0,0.0,0.0,45.00044795614473,optimal
2021-02-11 10:00:00,4,19,0.0,0.0,0.0,0.40636666666666665,18.7425,6.0,-6,20.033724096039602,,0.0,0.0,0.0,0.0,44.57365283616172,optimal
2021-02-11 10:30:00,4,19,2.0,0.0,0.0,0.3959,15.2145,6.0,-6,20.0,,4770.666666666666,0.0,2229.3333333333335,0.0,44.147284511298686,optimal
2021-02-11 11:00:00,4,19,0.0,0.0,0.0,0.3307,17.7765,6.0,-6,20.057754668810837,,0.0,0.0,0.0,0.0,43.72134255476052,optimal
2021-02-11 11:30:00,4,19,0.357017304966365,0.0,0.0,0.8711666666666666,16.758,6.0,-6,20.020694229497405,,1249.5605673822777,0.0,0.0,0.0,43.295826540178886,optimal
2021-02-11 12:00:00,4,19,2.0,0.0,0.0,1.4125333333333332,16.422,6.0,-6,20.01662448424116,,7000.0,0.0,0.0,0.0,42.870736041611835,optimal
2021-02-11 12:30:00,4,19,2.0,0.0,0.0,0.13193333333333335,16.758,6.0,-6,20.13115077000078,,7000.0,0.0,0.0,0.0,42.44607063354335,optimal
2021-02-11 13:00:00,4,19,0.0,0.0,0.0,0.2066,29.358,6.0,-6,20.23068324992644,,0.0,0.0,0.0,0.0,42.021829890882934,optimal
2021-02-11 13:30:00,4,19,0.0,0.0,0.0,0.47786666666666666,34.9965,6.0,-6,20.191317081692564,,0.0,0.0,0.0,0.0,41.59801338896518,optimal
2021-02-11 14:00:00,4,19,0.0,0.0,0.0,0.34,34.65,6.0,-6,20.157590538958313,,0.0,0.0,0.0,0.0,41.174620703549344,optimal
2021-02-11 14:30:00,4,19,0.0,0.0,0.0,0.3588,34.9965,6.0,-6,20.121878795360598,,0.0,0.0,0.0,0.0,40.75165141081892,optimal
2021-02-11 15:00:00,4,19,0.0,0.0,0.0,0.4597333333333333,34.9965,6.0,-6,20.08942080148557,,0.0,0.0,0.0,0.0,40.32910508738123,optimal
2021-02-11 15:30:00,4,19,0.0,0.0,0.0,0.28386666666666666,30.4815,6.0,-6,20.05852579865177,,0.0,0.0,0.0,0.0,39.90698131026698,optimal
2021-02-11 16:00:00,4,19,0.0,0.0,0.0,0.2524666666666667,21.4305,6.0,-6,20.02805923394526,,0.0,0.0,0.0,0.0,39.86707432895671,optimal
2021-02-11 16:30:00,4,19,0.35258972009247674,0.0,0.0,0.3892,14.3325,6.0,-6,20.0,,1164.3973536570018,0.0,69.66666666666666,0.0,39.82720725462775,optimal
2021-02-11 17:00:00,4,19,0.9221583485585652,0.0,0.0,0.4574,13.692,6.0,-6,20.0,,3157.8875532883117,0.0,69.66666666666666,0.0,39.78738004737313,optimal
2021-02-11 17:30:00,4,19,0.0,0.0,0.0,0.3706333333333333,14.007,6.0,-6,20.034522447039155,,0.0,0.0,0.0,0.0,39.747592667325755,optimal
2021-02-11 18:00:00,4,19,0.6520508138059345,0.0,0.0,0.33846666666666664,12.873,6.0,-6,20.0,,1655.1778483207706,0.0,627.0,0.0,39.70784507465843,optimal
2021-02-11 18:30:00,4,19,0.6226881093420514,0.0,0.0,0.36523333333333335,12.684,6.0,-6,20.0,,1761.4083826971803,0.0,418.0,0.0,39.66813722958377,optimal
2021-02-11 19:00:00,4,19,0.5715806429733826,0.0,0.0,0.5105,12.306,6.0,-6,20.0,,1652.1989170735058,0.0,348.3333333333333,0.0,39.62846909235419,optimal
2021-02-11 19:30:00,4,19,1.3549577306760552,0.0,0.0,2.0518666666666667,10.6365,6.0,-6,20.0,,3906.3520573661935,0.0,836.0,0.0,39.58884062326183,optimal
2021-02-11 20:00:00,4,19,0.0,0.0,0.0,0.16219999999999998,11.2455,6.0,-6,20.051366941025034,,0.0,0.0,0.0,0.0,39.54925178263857,optimal
2021-02-11 20:30:00,4,19,0.0,0.0,0.0,0.19763333333333333,11.2455,6.0,-6,20.0,,0.0,0.0,0.0,0.0,39.50970253085593,optimal
2021-02-11 21:00:00,4,19,0.0,0.0,0.0,0.5562666666666667,11.025,6.0,-6,19.948093692726818,,0.0,0.0,0.0,0.0,39.470192828325075,optimal
2021-02-11 21:30:00,4,19,0.0,0.0,0.0,0.22663333333333333,12.0855,6.0,-6,19.902553165098865,,0.0,0.0,0.0,0.0,39.43072263549675,optimal
2021-02-11 22:00:00,4,19,0.0,0.0,0.0,0.3756666666666667,11.6865,6.0,-6,19.850603999520096,,0.0,0.0,0.0,0.0,39.391291912861256,optimal
2021-02-11 22:30:00,4,19,0.0,0.0,0.0,0.43356666666666666,11.2245,6.0,-6,19.80418255376964,,0.0,0.0,0.0,0.0,39.35190062094839,optimal
2021-02-11 23:00:00,4,19,0.0,0.0,0.0,0.38153333333333334,11.025,6.0,-6,19.75770928895083,,0.0,0.0,0.0,0.0,39.31254872032744,optimal
2021-02-11 23:30:00,4,19,0.0,0.0,0.0,0.4265333333333334,10.7835,6.0,-6,19.70773684237505,,0.0,0.0,0.0,0.0,39.27323617160712,optimal
2021-02-12 00:00:00,4,19,2.0,0.0,5.0,0.1752,11.067,6.0,-10,19.70773684237505,,7000.0,0.0,0.0,0.0,41.60896293543551,optimal
2021-02-12 00:30:00,4,19,2.0,0.0,5.0,0.044533333333333334,10.8465,6.0,-10,19.791022339601476,,2680.666666666667,0.0,4319.333333333333,0.0,43.94235397250007,optimal
2021-02-12 01:00:00,4,19,0.0,0.0,0.0,0.0516,13.671,6.0,-10,19.78418377692167,,0.0,0.0,0.0,0.0,43.898411618527575,optimal
2021-02-12 01:30:00,4,19,2.0,0.0,5.0,0.0856,12.348,6.0,-10,19.72334518229201,,7000.0,0.0,0.0,0.0,46.22951320690905,optimal
2021-02-12 02:00:00,4,19,0.0,0.0,0.0,0.2056,14.3325,6.0,-10,19.805038966400428,,0.0,0.0,0.0,0.0,46.18328369370214,optimal
2021-02-12 02:30:00,4,19,0.0,0.0,0.0,0.158,15.393,6.0,-10,19.747775795906094,,0.0,0.0,0.0,0.0,46.137100410008436,optimal
2021-02-12 03:00:00,4,19,2.0,0.0,0.0,0.10826666666666668,13.587,6.0,-10,19.69047622891607,,7000.0,0.0,0.0,0.0,46.09096330959843,optimal
2021-02-12 03:30:00,4,19,0.0,0.0,0.0,0.11159999999999999,16.1385,6.0,-10,19.774526120481312,,0.0,0.0,0.0,0.0,46.044872346288834,optimal
2021-02-12 04:00:00,4,19,0.0,0.0,0.0,0.19413333333333332,14.595,6.0,-10,19.71880982106154,,0.0,0.0,0.0,0.0,45.99882747394255,optimal
2021-02-12 04:30:00,4,19,0.0,0.0,0.0,0.16946666666666668,14.637,6.0,-10,19.666718357760015,,0.0,0.0,0.0,0.0,45.9528286464686,optimal
2021-02-12 05:00:00,4,19,0.0,0.0,0.0,0.0504,13.9125,6.0,-10,19.616076460153494,,0.0,0.0,0.0,0.0,45.90687581782213,optimal
2021-02-12 05:30:00,4,19,2.0,0.0,0.0,0.252,13.3665,6.0,-10,19.564973104596724,,7000.0,0.0,0.0,0.0,45.86096894200431,optimal
2021-02-12 06:00:00,4,19,2.0,0.0,4.700926473654192,0.08353333333333333,13.0095,6.0,-10,19.66157614033633,,7000.0,0.0,0.0,0.0,48.048048048048045,optimal
2021-02-12 06:30:00,4,19,1.1965355012940038,0.0,0.0,0.36010000000000003,13.8915,6.0,-10,19.756570330148428,,4187.874254529013,0.0,0.0,0.0,48.0,optimal
2021-02-12 07:00:00,4,19,2.0,0.0,0.0,0.7321666666666666,13.188,6.0,-10,19.804380806463012,,7000.0,0.0,0.0,0.0,47.79194535830982,optimal
2021-02-12 07:30:00,4,19,2.0,0.0,0.0,0.10959999999999999,12.5685,6.0,-10,19.90207956121405,,7000.0,0.0,0.0,0.0,47.584098771261324,optimal
2021-02-12 08:00:00,4,19,0.6522292421835483,0.0,0.0,0.25,12.285,6.0,-10,20.0,,2282.802347642419,0.0,0.0,0.0,47.37646003079988,optimal
2021-02-12 08:30:00,4,19,2.0,0.0,0.0,0.08346666666666668,11.487,6.0,-10,20.0,,6164.0,0.0,836.0,0.0,47.169028929078905,optimal
2021-02-12 09:00:00,4,19,2.0,0.0,0.0,0.1564,11.802,6.0,-10,20.06699874021262,,7000.0,0.0,0.0,0.0,46.96180525845965,optimal
2021-02-12 09:30:00,4,19,2.0,0.0,0.0,0.12093333333333334,11.2245,6.0,-10,20.148776246217675,,7000.0,0.0,0.0,0.0,46.754788811511006,optimal
2021-02-12 10:00:00,4,19,2.0,0.0,0.0,0.124,11.025,6.0,-10,20.235323423960786,,7000.0,0.0,0.0,0.0,46.54797938100931,optimal
2021-02-12 10:30:00,4,19,0.5833456071444595,0.0,0.0,0.2024,11.907,6.0,-10,20.327406454165825,,2041.7096250056081,0.0,0.0,0.0,46.34137675993812,optimal
2021-02-12 11:00:00,4,19,0.0,0.0,0.0,0.1,25.83,6.0,-10,20.321693089659604,,0.0,0.0,0.0,0.0,46.134980741488,optimal
2021-02-12 11:30:00,4,19,0.0,0.0,0.0,0.21786666666666668,28.035,6.0,-10,20.273710678601454,,0.0,0.0,0.0,0.0,45.928791119056335,optimal
2021-02-12 12:00:00,4,19,0.0,0.0,0.0,0.13333333333333333,28.119,6.0,-10,20.228363436889182,,0.0,0.0,0.0,0.0,45.7228076862471,optimal
2021-02-12 12:30:00,4,19,0.0,0.0,0.0,0.17503333333333332,30.156,6.0,-10,20.181555225471588,,0.0,0.0,0.0,0.0,45.517030236870674,optimal
2021-02-12 13:00:00,4,19,0.0,0.0,0.0,0.1806333333333333,29.1585,6.0,-10,20.139722820495678,,0.0,0.0,0.0,0.0,45.31145856494362,optimal
2021-02-12 13:30:00,4,19,0.0,0.0,0.0,0.2712,26.712,6.0,-10,20.10616209638999,,0.0,0.0,0.0,0.0,45.106092464688494,optimal
2021-02-12 14:00:00,4,19,0.0,0.0,0.0,0.3624,15.435,6.0,-10,20.07624652539924,,0.0,0.0,0.0,0.0,44.90093173053363,optimal
2021-02-12 14:30:00,4,19,0.0,0.0,0.0,0.2236,13.566,6.0,-10,20.053093590799197,,0.0,0.0,0.0,0.0,44.695976157112916,optimal
2021-02-12 15:00:00,4,19,0.0,0.0,0.0,0.3836,12.789,6.0,-10,20.02476736539456,,0.0,0.0,0.0,0.0,44.49122553926562,optimal
2021-02-12 15:30:00,4,19,0.7536861735563298,0.0,0.0,0.3118,12.1275,6.0,-10,20.0,,2637.901607447154,0.0,0.0,0.0,44.28667967203617,optimal
2021-02-12 16:00:00,4,19,0.0,0.0,0.0,0.27113333333333334,13.671,6.0,-10,20.030559222312984,,0.0,0.0,0.0,0.0,44.08233835067396,optimal
2021-02-12 16:30:00,4,19,1.8385127779177286,0.0,0.0,0.048,10.668,6.0,-10,20.0,,6156.128056045382,0.0,278.66666666666663,0.0,43.8782013706331,optimal
2021-02-12 17:00:00,4,19,0.0,0.0,0.0,0.068,11.7285,6.0,-10,20.073905274932653,,0.0,0.0,0.0,0.0,43.67426852757229,optimal
2021-02-12 17:30:00,4,19,0.0,0.0,0.0,0.32193333333333335,11.025,6.0,-10,20.0293222545607,,0.0,0.0,0.0,0.0,43.47053961735453,optimal
2021-02-12 18:00:00,4,19,0.3698078860734131,0.0,0.0,0.3163333333333333,10.689,6.0,-10,20.0,,1294.3276012569459,0.0,0.0,0.0,43.267014436047,optimal
2021-02-12 18:30:00,4,19,2.0,0.0,0.0,0.36,8.1585,6.0,-10,20.0,,2053.666666666667,0.0,4946.333333333333,0.0,43.06369277992077,optimal
2021-02-12 19:00:00,4,19,0.764141933600807,0.0,0.0,0.2486,10.3635,6.0,-10,20.019902194729998,,2674.4967676028245,0.0,0.0,0.0,42.860574445450666,optimal
2021-02-12 19:30:00,4,19,0.0,0.0,0.0,0.28703333333333336,10.8045,6.0,-10,20.048235081375196,,0.0,0.0,0.0,0.0,42.81771387100522,optimal
2021-02-12 20:00:00,4,19,0.0,0.0,0.0,0.2147333333333333,11.025,6.0,-10,20.022203626656534,,0.0,0.0,0.0,0.0,42.774896157134215,optimal
2021-02-12 20:30:00,4,19,0.0,0.0,0.0,0.42656666666666665,10.3635,6.0,-10,20.0,,0.0,0.0,0.0,0.0,42.73212126097708,optimal
2021-02-12 21:00:00,4,19,0.0,0.0,0.0,0.5585333333333333,10.8045,6.0,-10,19.979636647598507,,0.0,0.0,0.0,0.0,42.689389139716106,optimal
2021-02-12 21:30:00,4,19,0.6170476190476191,0.0,0.0,0.2549666666666667,10.059,6.0,-10,19.958665989901803,,0.0,0.0,2159.6666666666665,0.0,42.64669975057639,optimal
2021-02-12 22:00:00,4,19,0.0,0.0,0.0,0.5357999999999999,10.584,6.0,-10,19.931807135315243,,0.0,0.0,0.0,0.0,42.60405305082581,optimal
2021-02-12 22:30:00,4,19,0.0,0.0,0.0,0.2561333333333333,9.4185,6.0,-10,19.908530998789306,,0.0,0.0,0.0,0.0,42.56144899777499,optimal
2021-02-12 23:00:00,4,19,0.0,0.0,0.0,0.11546666666666669,10.3635,6.0,-10,19.87177569151245,,0.0,0.0,0.0,0.0,42.518887548777215,optimal
2021-02-12 23:30:00,4,19,0.0,0.0,0.0,0.2069333333333333,9.8385,6.0,-10,19.828892711352836,,0.0,0.0,0.0,0.0,42.476368661228435,optimal
2021-02-13 00:00:00,4,19,2.0,0.0,0.0,0.064,9.261,6.0,-2,19.828892711352836,,7000.0,0.0,0.0,0.0,42.43389229256721,optimal
2021-02-13 00:30:00,4,19,2.0,0.0,0.0,0.064,8.1585,6.0,-2,19.926657313226308,,0.0,0.0,7000.0,0.0,42.391458400274644,optimal
2021-02-13 01:00:00,4,19,2.0,0.0,0.0,0.064,9.4815,6.0,-2,19.88286934077705,,0.0,0.0,7000.0,0.0,42.34906694187437,optimal
2021-02-13 01:30:00,4,19,2.0,0.0,0.0,0.064,8.379,6.0,-2,19.83932428131872,,100.0,0.0,6900.0,0.0,42.306717874932495,optimal
2021-02-13 02:00:00,4,19,2.0,0.0,0.0,0.064,9.5235,6.0,-2,19.79804191802845,,7000.0,0.0,0.0,0.0,42.264411157057566,optimal
2021-02-13 02:30:00,4,19,2.0,0.0,2.9509276245896015,0.064,8.1375,6.0,-2,19.89640442872968,,7000.0,0.0,0.0,0.0,43.62383736758057,optimal
2021-02-13 03:00:00,4,19,2.0,0.0,0.0,0.064,10.0905,6.0,-2,19.994512178281422,,7000.0,0.0,0.0,0.0,43.58021353021298,optimal
2021-02-13 03:30:00,4,19,2.0,0.0,5.0,0.064,7.539,6.0,-2,20.092365826520865,,7000.0,0.0,0.0,0.0,45.91163331668277,optimal
2021-02-13 04:00:00,4,19,2.0,0.0,5.0,0.064,7.938,6.0,-2,20.18983653043412,,7000.0,0.0,0.0,0.0,48.240721683366075,optimal
2021-02-13 04:30:00,4,19,2.0,0.0,0.0,0.064,8.274,6.0,-2,20.286925281855744,,7000.0,0.0,0.0,0.0,48.192480961682705,optimal
2021-02-13 05:00:00,4,19,2.0,0.0,0.0,0.064,9.261,6.0,-2,20.383503568909322,,7000.0,0.0,0.0,0.0,48.144288480721016,optimal
2021-02-13 05:30:00,4,19,2.0,0.0,0.0,0.06266666666666666,9.9225,6.0,-2,20.479572713709228,,6582.0,0.0,418.0,0.0,48.096144192240295,optimal
2021-02-13 06:00:00,4,19,2.0,0.0,0.0,0.0762,9.702,6.0,-2,20.568226245198396,,6442.666666666667,0.0,557.3333333333334,0.0,48.048048048048045,optimal
2021-02-13 06:30:00,4,19,0.0,0.0,0.0,0.086,10.584,6.0,-2,20.660648168505496,,0.0,0.0,0.0,0.0,48.0,optimal
2021-02-13 07:00:00,4,19,2.0,0.0,0.0,0.07946666666666667,10.143,6.0,-2,20.622377212486967,,7000.0,0.0,0.0,0.0,47.70823618320208,optimal
2021-02-13 07:30:00,4,19,0.0,0.0,0.0,0.072,13.0095,6.0,-2,20.7205857103432,,0.0,0.0,0.0,0.0,47.41676413022096,optimal
2021-02-13 08:00:00,4,19,0.0,0.0,0.0,0.22733333333333328,11.025,6.0,-2,20.6818547164253,,0.0,0.0,0.0,0.0,47.12558354929283,optimal
2021-02-13 08:30:00,4,19,0.0,0.0,0.0,0.43326666666666663,12.789,6.0,-2,20.650632693978256,,0.0,0.0,0.0,0.0,46.834694148945616,optimal
2021-02-13 09:00:00,4,19,0.0,0.0,0.0,0.4806666666666667,12.1275,6.0,-2,20.619450650318335,,0.0,0.0,0.0,0.0,46.54409563799875,optimal
2021-02-13 09:30:00,4,19,0.0,0.0,0.0,0.1911,12.1695,6.0,-2,20.595091007176077,,0.0,0.0,0.0,0.0,46.25378772556284,optimal
2021-02-13 10:00:00,4,19,0.0,0.0,0.0,1.717,12.306,6.0,-2,20.564873601300288,,0.0,0.0,0.0,0.0,45.96377012103936,optimal
2021-02-13 10:30:00,4,19,0.0,0.0,0.0,0.304,13.23,6.0,-2,20.554454659139644,,0.0,0.0,0.0,0.0,45.6740425341204,optimal
2021-02-13 11:00:00,4,19,0.0,0.0,0.0,0.26893333333333336,13.671,6.0,-2,20.517700556983367,,0.0,0.0,0.0,0.0,45.38460467478836,optimal
2021-02-13 11:30:00,4,19,0.0,0.0,0.0,0.26893333333333336,13.9335,6.0,-2,20.479079351891084,,0.0,0.0,0.0,0.0,45.09545625331566,optimal
2021-02-13 12:00:00,4,19,0.0,0.0,0.0,0.224,13.293,6.0,-2,20.439650532749567,,0.0,0.0,0.0,0.0,44.80659698026443,optimal
2021-02-13 12:30:00,4,19,0.0,0.0,0.0,1.916,12.1065,6.0,-2,20.39997382599113,,0.0,0.0,0.0,0.0,44.51802656648625,optimal
2021-02-13 13:00:00,4,19,0.0,0.0,0.0,2.899333333333333,11.571,6.0,-2,20.36870416698108,,0.0,0.0,0.0,0.0,44.22974472312185,optimal
2021-02-13 13:30:00,4,19,0.0,0.0,0.0,1.0834333333333335,11.025,6.0,-2,20.338148949542695,,0.0,0.0,0.0,0.0,43.94175116160081,optimal
2021-02-13 14:00:00,4,19,1.1300449431660748,0.0,0.0,0.371,10.8465,6.0,-2,20.296813544062317,,3955.1573010812613,0.0,0.0,0.0,43.65404559364129,optimal
2021-02-13 14:30:00,4,19,0.0,0.0,0.0,0.264,11.2455,6.0,-2,20.334145762862853,,0.0,0.0,0.0,0.0,43.366627731249736,optimal
2021-02-13 15:00:00,4,19,0.0,0.0,0.0,0.237,23.8665,6.0,-2,20.30470220105493,,0.0,0.0,0.0,0.0,43.07949728672057,optimal
2021-02-13 15:30:00,4,19,0.0,0.0,0.0,0.26366666666666666,27.4575,6.0,-2,20.274626122146806,,0.0,0.0,0.0,0.0,42.79265397263593,optimal
2021-02-13 16:00:00,4,19,0.0,0.0,0.0,0.2404333333333333,27.3735,6.0,-2,20.247601598409588,,0.0,0.0,0.0,0.0,42.50609750186538,optimal
2021-02-13 16:30:00,4,19,0.0,0.0,0.0,0.10840000000000001,30.4605,6.0,-2,20.21893471504859,,0.0,0.0,0.0,0.0,42.219827587565604,optimal
2021-02-13 17:00:00,4,19,0.0,0.0,0.0,0.09076666666666668,30.0195,6.0,-2,20.186312703918837,,0.0,0.0,0.0,0.0,41.93384394318012,optimal
2021-02-13 17:30:00,4,19,0.0,0.0,0.0,0.09266666666666669,26.9325,6.0,-2,20.156559311352897,,0.0,0.0,0.0,0.0,41.64814628243903,optimal
2021-02-13 18:00:00,4,19,0.0,0.0,0.0,0.3268666666666667,14.595,6.0,-2,20.126568080394748,,0.0,0.0,0.0,0.0,41.36273431935867,optimal
2021-02-13 18:30:00,4,19,0.0,0.0,0.0,0.5756666666666667,12.4845,6.0,-2,20.102641966003883,,0.0,0.0,0.0,0.0,41.0776077682414,optimal
2021-02-13 19:00:00,4,19,0.0,0.0,0.0,0.695,12.1275,6.0,-2,20.080604886951498,,0.0,0.0,0.0,0.0,40.79276634367524,optimal
2021-02-13 19:30:00,4,19,0.0,0.0,0.0,0.446,12.1275,6.0,-2,20.060510273162105,,0.0,0.0,0.0,0.0,40.508209760533646,optimal
2021-02-13 20:00:00,4,19,0.0,0.0,0.0,0.45026666666666665,12.789,6.0,-2,20.031500725466465,,0.0,0.0,0.0,0.0,40.2239377339752,optimal
2021-02-13 20:30:00,4,19,0.0,0.0,0.0,0.4868,11.907,6.0,-2,20.0,,0.0,0.0,0.0,0.0,40.18371379624122,optimal
2021-02-13 21:00:00,4,19,0.0,0.0,0.0,0.4913333333333333,11.025,6.0,-2,19.981617909409486,,0.0,0.0,0.0,0.0,40.14353008244498,optimal
2021-02-13 21:30:00,4,19,0.05971428571428571,0.0,0.0,0.44656666666666667,8.2005,6.0,-2,19.964496349720655,,0.0,0.0,209.0,0.0,40.10338655236254,optimal
2021-02-13 22:00:00,4,19,0.0,0.0,0.0,0.2362,9.5655,6.0,-2,19.945160792998188,,0.0,0.0,0.0,0.0,40.06328316581018,optimal
2021-02-13 22:30:00,4,19,0.0,0.0,0.0,0.074,7.056,6.0,-2,19.912302664511945,,0.0,0.0,0.0,0.0,40.02321988264437,optimal
2021-02-13 23:00:00,4,19,0.0,0.0,0.0,0.17633333333333334,9.3975,6.0,-2,19.86881087321492,,0.0,0.0,0.0,0.0,39.98319666276173,optimal
2021-02-13 23:30:00,4,19,0.0,0.0,0.0,0.2756,10.059,6.0,-2,19.829910502062834,,0.0,0.0,0.0,0.0,39.94321346609897,optimal
2021-02-07 00:00:00,5,19,0.0,0.0,0.0,0.11346666666666669,7.7175,6.0,-3,21.0,,0.0,0.0,0.0,0.0,47.952,optimal
2021-02-07 00:30:00,5,19,0.0,0.0,0.0,0.07813333333333335,6.615,6.0,-3,20.959470920930748,,0.0,0.0,0.0,0.0,47.904047999999996,optimal
2021-02-07 01:00:00,5,19,0.0,0.0,0.0,0.064,6.174,6.0,-3,20.91807393179554,,0.0,0.0,0.0,0.0,47.856143952,optimal
2021-02-07 01:30:00,5,19,0.0,0.0,0.0,0.12186666666666666,3.906,6.0,-3,20.877936754269616,,0.0,0.0,0.0,0.0,47.80828780804799,optimal
2021-02-07 02:00:00,5,19,0.9196201964784012,0.0,0.0,0.14426666666666668,2.3415,6.0,-3,20.8425947356212,,0.0,0.0,3218.6706876744042,0.0,47.76047952023995,optimal
2021-02-07 02:30:00,5,19,2.0,0.0,0.0,0.117,2.205,6.0,-3,20.807975774442898,,1858.670687674404,0.0,5141.329312325596,0.0,47.712719040719705,optimal
2021-02-07 03:00:00,5,19,2.0,0.0,1.7213563636576623,0.0746,0.882,6.0,-3,20.80622937932266,,7000.0,0.0,0.0,0.0,48.48265059441637,optimal
2021-02-07 03:30:00,5,19,2.0,0.0,0.0,0.064,1.5435,6.0,-3,20.90724790150938,,7000.0,0.0,0.0,0.0,48.434167943821954,optimal
2021-02-07 04:00:00,5,19,2.0,0.0,0.0,0.064,1.5435,6.0,-3,21.007661118567402,,7000.0,0.0,0.0,0.0,48.38573377587813,optimal
2021-02-07 04:30:00,5,19,0.0,0.0,0.0,0.1276,5.0715,6.0,-3,21.10768476195753,,0.0,0.0,0.0,0.0,48.33734804210225,optimal
2021-02-07 05:00:00,5,19,0.0,0.0,0.0,0.064,5.376,6.0,-3,21.06730546115389,,0.0,0.0,0.0,0.0,48.289010694060146,optimal
2021-02-07 05:30:00,5,19,0.0,0.0,0.0,0.064,5.0715,6.0,-3,21.025745761421486,,0.0,0.0,0.0,0.0,48.240721683366075,optimal
2021-02-07 06:00:00,5,19,0.0,0.0,0.0,0.1276,5.5125,6.0,-3,20.98429370226069,,0.0,0.0,0.0,0.0,48.192480961682705,optimal
2021-02-07 06:30:00,5,19,0.33838095238095234,0.0,0.0,1.6313333333333333,9.261,6.0,-3,20.94423398712014,,0.0,0.0,1184.3333333333333,0.0,48.144288480721016,optimal
2021-02-07 07:00:00,5,19,0.0,0.0,0.0,0.7946666666666666,11.7075,6.0,-3,20.930605152370312,,0.0,0.0,0.0,0.0,48.096144192240295,optimal
2021-02-07 07:30:00,5,19,0.0,0.0,0.0,1.1667,12.348,6.0,-3,20.904063542113906,,0.0,0.0,0.0,0.0,48.048048048048045,optimal
2021-02-07 08:00:00,5,19,0.0,0.0,0.0,0.6261,12.348,6.0,-3,20.880165847303928,,0.0,0.0,0.0,0.0,48.0,optimal
2021-02-07 08:30:00,5,19,0.0,0.0,0.0,1.5889333333333333,12.1275,6.0,-3,20.850857244368463,,0.0,0.0,0.0,0.0,47.68610975741813,optimal
2021-02-07 09:00:00,5,19,0.0,0.0,0.0,0.2297333333333333,12.5265,6.0,-3,20.825866683741687,,0.0,0.0,0.0,0.0,47.37253340507884,optimal
2021-02-07 09:30:00,5,19,0.0,0.0,0.0,0.47663333333333335,11.7495,6.0,-3,20.792275914805497,,0.0,0.0,0.0,0.0,47.05927062909189,optimal
2021-02-07 10:00:00,5,19,0.0,0.0,0.0,2.6574333333333335,13.23,6.0,-3,20.763879405068128,,0.0,0.0,0.0,0.0,46.74632111588093,optimal
2021-02-07 10:30:00,5,19,0.0,0.0,0.0,1.2891333333333335,14.3325,6.0,-3,20.7538106597573,,0.0,0.0,0.0,0.0,46.43368455218318,optimal
2021-02-07 11:00:00,5,19,0.0,0.0,0.0,0.13433333333333333,14.994,6.0,-3,20.724255403822298,,0.0,0.0,0.0,0.0,46.12136062504913,optimal
2021-02-07 11:30:00,5,19,0.0,0.0,0.0,0.10226666666666669,14.8155,6.0,-3,20.67820488629316,,0.0,0.0,0.0,0.0,45.80934902184221,optimal
2021-02-07 12:00:00,5,19,0.0,0.0,0.0,0.10933333333333331,14.112,6.0,-3,20.629881472460745,,0.0,0.0,0.0,0.0,45.497649430238496,optimal
2021-02-07 12:30:00,5,19,0.0,0.0,0.0,0.08106666666666666,14.007,6.0,-3,20.581825993887275,,0.0,0.0,0.0,0.0,45.18626153822639,optimal
2021-02-07 13:00:00,5,19,0.0,0.0,0.0,0.13053333333333333,13.23,6.0,-3,20.53332387688313,,0.0,0.0,0.0,0.0,44.875185034106295,optimal
2021-02-07 13:30:00,5,19,0.0,0.0,0.0,0.074,11.382,6.0,-3,20.485946811453047,,0.0,0.0,0.0,0.0,44.56441960649032,optimal
2021-02-07 14:00:00,5,19,0.0,0.0,0.0,0.13053333333333333,11.7495,6.0,-3,20.437679748410986,,0.0,0.0,0.0,0.0,44.25396494430196,optimal
2021-02-07 14:30:00,5,19,0.0,0.0,0.0,0.11806666666666667,24.3285,6.0,-3,20.390809406005804,,0.0,0.0,0.0,0.0,43.94382073677579,optimal
2021-02-07 15:00:00,5,19,0.0,0.0,0.0,0.3385666666666667,28.917,6.0,-3,20.346231249921523,,0.0,0.0,0.0,0.0,43.633986673457144,optimal
2021-02-07 15:30:00,5,19,0.0,0.0,0.0,0.13290000000000002,31.3635,6.0,-3,20.30927996722296,,0.0,0.0,0.0,0.0,43.32446244420182,optimal
2021-02-07 16:00:00,5,19,0.0,0.0,0.0,0.08933333333333333,33.306,6.0,-3,20.27160553793863,,0.0,0.0,0.0,0.0,43.01524773917575,optimal
2021-02-07 16:30:00,5,19,0.0,0.0,0.0,0.0958,31.3425,6.0,-3,20.230474195305526,,0.0,0.0,0.0,0.0,42.7063422488547,optimal
2021-02-07 17:00:00,5,19,0.0,0.0,0.0,0.3591666666666667,28.2555,6.0,-3,20.18503026331186,,0.0,0.0,0.0,0.0,42.39774566402398,optimal
2021-02-07 17:30:00,5,19,0.0,0.0,0.0,0.32996666666666663,15.6975,6.0,-3,20.15034034925504,,0.0,0.0,0.0,0.0,42.089457675778085,optimal
2021-02-07 18:00:00,5,19,0.0,0.0,0.0,0.14096666666666666,12.5475,6.0,-3,20.125299243094876,,0.0,0.0,0.0,0.0,42.04736821810231,optimal
2021-02-07 18:30:00,5,19,0.0,0.0,0.0,0.13473333333333332,12.0855,6.0,-3,20.099359646453493,,0.0,0.0,0.0,0.0,42.00532084988421,optimal
2021-02-07 19:00:00,5,19,0.0,0.0,0.0,0.36723333333333336,11.907,6.0,-3,20.071593628891577,,0.0,0.0,0.0,0.0,41.963315529034325,optimal
2021-02-07 19:30:00,5,19,0.0,0.0,0.0,0.22716666666666663,12.5685,6.0,-3,20.049503132251125,,0.0,0.0,0.0,0.0,41.921352213505294,optimal
2021-02-07 20:00:00,5,19,0.0,0.0,0.0,0.23346666666666666,13.146,6.0,-3,20.025337507331297,,0.0,0.0,0.0,0.0,41.87943086129179,optimal
2021-02-07 20:30:00,5,19,0.19904761904761903,0.0,0.0,0.1866,10.584,6.0,-3,20.0,,0.0,0.0,696.6666666666666,0.0,41.837551430430494,optimal
2021-02-07 21:00:00,5,19,0.15923809523809523,0.0,0.0,0.23383333333333328,6.678,6.0,-3,19.97260966229535,,0.0,0.0,557.3333333333334,0.0,41.79571387900006,optimal
2021-02-07 21:30:00,5,19,0.0,0.0,0.0,0.3298333333333333,7.938,6.0,-3,19.946918329020544,,0.0,0.0,0.0,0.0,41.753918165121064,optimal
2021-02-07 22:00:00,5,19,0.33838095238095234,0.0,0.0,0.42923333333333336,5.292,6.0,-3,19.921073985412853,,0.0,0.0,1184.3333333333333,0.0,41.71216424695594,optimal
2021-02-07 22:30:00,5,19,0.0,0.0,0.0,0.26766666666666666,9.261,6.0,-3,19.89276971689473,,0.0,0.0,0.0,0.0,41.67045208270899,optimal
2021-02-07 23:00:00,5,19,0.0,0.0,0.0,0.2581333333333333,10.3635,6.0,-3,19.861772812602474,,0.0,0.0,0.0,0.0,41.62878163062628,optimal
2021-02-07 23:30:00,5,19,0.0,0.0,0.0,0.2783,8.274,6.0,-3,19.829353677699608,,0.0,0.0,0.0,0.0,41.58715284899565,optimal
2021-02-08 00:00:00,5,19,2.0,0.0,4.998666919193077,0.06,11.907,6.0,-12,19.829353677699608,,7000.0,0.0,0.0,0.0,43.919932482763365,optimal
2021-02-08 00:30:00,5,19,2.0,0.0,5.0,0.06366666666666666,11.025,6.0,-12,19.931712453168167,,4074.0000000000005,0.0,2925.9999999999995,0.0,46.25101255028059,optimal
2021-02-08 01:00:00,5,19,2.0,0.0,5.0,0.15616666666666665,11.2875,6.0,-12,19.97476293415797,,7000.0,0.0,0.0,0.0,48.579761537730306,optimal
2021-02-08 01:30:00,5,19,1.6785711033929533,0.0,0.0,0.2529,12.936,6.0,-12,20.078688059519003,,5874.998861875337,0.0,0.0,0.0,48.53118177619257,optimal
2021-02-08 02:00:00,5,19,0.0,0.0,0.0,0.126,13.0095,6.0,-12,20.16143926580349,,0.0,0.0,0.0,0.0,48.48265059441637,optimal
2021-02-08 02:30:00,5,19,0.0,0.0,0.0,0.15473333333333333,13.671,6.0,-12,20.12258353895243,,0.0,0.0,0.0,0.0,48.434167943821954,optimal
2021-02-08 03:00:00,5,19,0.0,0.0,0.0,0.2213333333333333,13.188,6.0,-12,20.084538482272258,,0.0,0.0,0.0,0.0,48.38573377587813,optimal
2021-02-08 03:30:00,5,19,0.0,0.0,0.0,0.09666666666666669,13.8495,6.0,-12,20.048067058909993,,0.0,0.0,0.0,0.0,48.33734804210225,optimal
2021-02-08 04:00:00,5,19,0.0,0.0,0.0,0.104,13.23,6.0,-12,20.00904181552382,,0.0,0.0,0.0,0.0,48.289010694060146,optimal
2021-02-08 04:30:00,5,19,0.0,0.0,0.0,0.2907333333333333,13.3665,6.0,-12,19.970136310838,,0.0,0.0,0.0,0.0,48.240721683366075,optimal
2021-02-08 05:00:00,5,19,2.0,0.0,0.0,0.078,13.0515,6.0,-12,19.934845353299707,,7000.0,0.0,0.0,0.0,48.192480961682705,optimal
2021-02-08 05:30:00,5,19,0.0,0.0,0.0,0.21706666666666663,13.5345,6.0,-12,20.036517570285216,,0.0,0.0,0.0,0.0,48.144288480721016,optimal
2021-02-08 06:00:00,5,19,0.0,0.0,0.0,0.19566666666666663,14.154,6.0,-12,19.99917780992795,,0.0,0.0,0.0,0.0,48.096144192240295,optimal
2021-02-08 06:30:00,5,19,0.0,0.0,0.0,0.126,14.112,6.0,-12,19.961372891022776,,0.0,0.0,0.0,0.0,48.048048048048045,optimal
2021-02-08 07:00:00,5,19,0.0,0.0,0.0,0.22740000000000002,14.2485,6.0,-12,19.92212883265764,,0.0,0.0,0.0,0.0,48.0,optimal
2021-02-08 07:30:00,5,19,2.0,0.0,0.0,0.18036666666666668,12.789,6.0,-12,19.89183091424519,,7000.0,0.0,0.0,0.0,47.85946402568467,optimal
2021-02-08 08:00:00,5,19,0.5506061375372879,0.0,0.0,1.0635333333333332,13.0095,6.0,-12,20.0,,1927.121481380508,0.0,0.0,0.0,47.71906858734366,optimal
2021-02-08 08:30:00,5,19,2.0,0.0,0.0,0.2107333333333333,12.1275,6.0,-12,20.0,,5815.666666666667,0.0,1184.3333333333333,0.0,47.578813544441,optimal
2021-02-08 09:00:00,5,19,1.947709410666312,0.0,0.0,0.204,12.348,6.0,-12,20.073230098838444,,6816.982937332092,0.0,0.0,0.0,47.43869875658123,optimal
2021-02-08 09:30:00,5,19,2.0,0.0,0.0,0.11043333333333334,12.348,6.0,-12,20.164186139866278,,7000.0,0.0,0.0,0.0,47.29872408350933,optimal
2021-02-08 10:00:00,5,19,0.0,0.0,0.0,0.5365,25.389,6.0,-12,20.26039766543004,,0.0,0.0,0.0,0.0,47.15888938511049,optimal
2021-02-08 10:30:00,5,19,0.0,0.0,0.0,0.3888333333333333,29.1375,6.0,-12,20.23016832672267,,0.0,0.0,0.0,0.0,47.01919452141006,optimal
2021-02-08 11:00:00,5,19,0.0,0.0,0.0,0.42333333333333334,30.597,6.0,-12,20.19474678961317,,0.0,0.0,0.0,0.0,46.87963935257332,optimal
2021-02-08 11:30:00,5,19,0.0,0.0,0.0,0.3531333333333333,33.684,6.0,-12,20.155058383327958,,0.0,0.0,0.0,0.0,46.74022373890542,optimal
2021-02-08 12:00:00,5,19,0.0,0.0,0.0,0.5085,32.445,6.0,-12,20.11431344375198,,0.0,0.0,0.0,0.0,46.60094754085119,optimal
2021-02-08 12:30:00,5,19,0.0,0.0,0.0,0.6704333333333333,28.917,6.0,-12,20.0770720846576,,0.0,0.0,0.0,0.0,46.46181061899501,optimal
2021-02-08 13:00:00,5,19,0.0,0.0,0.0,0.22566666666666663,15.876,6.0,-12,20.043716907131017,,0.0,0.0,0.0,0.0,46.32281283406069,optimal
2021-02-08 13:30:00,5,19,0.6357918610547076,0.0,0.0,0.19473333333333329,12.348,6.0,-12,20.0,,2225.2715136914767,0.0,0.0,0.0,46.1839540469113,optimal
2021-02-08 14:00:00,5,19,1.2947279088836077,0.0,0.0,0.172,12.1275,6.0,-12,20.0,,4531.547681092627,0.0,0.0,0.0,46.04523411854907,optimal
2021-02-08 14:30:00,5,19,0.0,0.0,0.0,0.136,12.348,6.0,-12,20.046395983243976,,0.0,0.0,0.0,0.0,45.90665291011519,optimal
2021-02-08 15:00:00,5,19,0.5748124186517442,0.0,0.0,0.3564,12.1275,6.0,-12,20.0,,2011.8434652811045,0.0,0.0,0.0,45.768210282889754,optimal
2021-02-08 15:30:00,5,19,0.600581093144034,0.0,0.0,0.24819999999999998,12.1275,6.0,-12,20.0,,2102.033826004119,0.0,0.0,0.0,45.62990609829154,optimal
2021-02-08 16:00:00,5,19,0.6451212176883134,0.0,0.0,0.1749,11.2665,6.0,-12,20.0,,2257.924261909097,0.0,0.0,0.0,45.491740217877926,optimal
2021-02-08 16:30:00,5,19,1.881479636404624,0.0,0.0,0.15783333333333335,10.143,6.0,-12,20.0,,6097.512060749517,0.0,487.6666666666667,0.0,45.353712503344724,optimal
2021-02-08 17:00:00,5,19,0.0,0.0,0.0,0.214,11.2455,6.0,-12,20.076842184742826,,0.0,0.0,0.0,0.0,45.21582281652606,optimal
2021-02-08 17:30:00,5,19,0.0,0.0,0.0,0.5626666666666666,11.025,6.0,-12,20.031036754347006,,0.0,0.0,0.0,0.0,45.07807101939421,optimal
2021-02-08 18:00:00,5,19,2.0,0.0,0.0,0.49006666666666665,5.9745,6.0,-12,20.0,,6373.0,0.0,627.0,0.0,44.94045697405949,optimal
2021-02-08 18:30:00,5,19,0.0,0.0,0.0,0.5979333333333333,7.938,6.0,-12,20.10301410364092,,0.0,0.0,0.0,0.0,44.8029805427701,optimal
2021-02-08 19:00:00,5,19,0.0,0.0,0.0,0.10523333333333332,8.6835,6.0,-12,20.072512706283238,,0.0,0.0,0.0,0.0,44.665641587912006,optimal
2021-02-08 19:30:00,5,19,0.31494551560346146,0.0,0.0,0.1263,7.665,6.0,-12,20.02634085012643,,1102.309304612115,0.0,0.0,0.0,44.52843997200877,optimal
2021-02-08 20:00:00,5,19,0.4801041548057155,0.0,0.0,0.6146666666666666,6.7725,6.0,-12,20.0,,1610.6978751533375,0.0,69.66666666666666,0.0,44.39137555772143,optimal
2021-02-08 20:30:00,5,19,0.0,0.0,0.0,0.3981,5.5755,6.0,-12,20.0,,0.0,0.0,0.0,0.0,44.254448207848384,optimal
2021-02-08 21:00:00,5,19,0.05971428571428571,0.0,0.0,0.4570666666666667,5.0925,6.0,-12,19.96576915430404,,0.0,0.0,209.0,0.0,44.21019375964053,optimal
2021-02-08 21:30:00,5,19,0.0796190476190476,0.0,0.0,0.31156666666666666,4.1895,6.0,-12,19.93948530825657,,0.0,0.0,278.66666666666663,0.0,44.16598356588089,optimal
2021-02-08 22:00:00,5,19,0.0,0.0,0.0,0.2819333333333333,7.056,6.0,-12,19.91565622918873,,0.0,0.0,0.0,0.0,44.12181758231501,optimal
2021-02-08 22:30:00,5,19,0.0,0.0,0.0,0.4251666666666667,5.271,6.0,-12,19.893671455912102,,0.0,0.0,0.0,0.0,44.077695764732695,optimal
2021-02-08 23:00:00,5,19,0.0,0.0,0.0,0.19140000000000001,7.938,6.0,-12,19.877733951497813,,0.0,0.0,0.0,0.0,44.03361806896796,optimal
2021-02-08 23:30:00,5,19,0.0,0.0,0.0,0.5738333333333334,7.938,6.0,-12,19.855832865394046,,0.0,0.0,0.0,0.0,43.989584450898995,optimal
2021-02-09 00:00:00,5,19,0.0,0.0,0.0,0.062,30.303,6.0,15,19.855832865394046,,0.0,0.0,0.0,0.0,43.9455948664481,optimal
2021-02-09 00:30:00,5,19,0.0,0.0,0.0,0.17193333333333333,32.886,6.0,15,19.81440358393771,,0.0,0.0,0.0,0.0,43.90164927158165,optimal
2021-02-09 01:00:00,5,19,0.0,0.0,0.0,0.14363333333333334,34.9965,6.0,15,19.775432213027266,,0.0,0.0,0.0,0.0,43.857747622310065,optimal
2021-02-09 01:30:00,5,19,0.0,0.0,0.0,0.0649,33.327,6.0,15,19.736119503311112,,0.0,0.0,0.0,0.0,43.81388987468775,optimal
2021-02-09 02:00:00,5,19,0.0,0.0,0.0,0.062,31.122,6.0,15,19.695058874154537,,0.0,0.0,0.0,0.0,43.77007598481307,optimal
2021-02-09 02:30:00,5,19,0.0,0.0,0.0,0.1182,17.9025,6.0,15,19.6537869987237,,0.0,0.0,0.0,0.0,43.72630590882826,optimal
2021-02-09 03:00:00,5,19,0.0,0.0,0.0,0.20026666666666668,15.6555,6.0,15,19.613886991263,,0.0,0.0,0.0,0.0,43.68257960291943,optimal
2021-02-09 03:30:00,5,19,0.0,0.0,0.0,0.062,14.553,6.0,15,19.575877911925065,,0.0,0.0,0.0,0.0,43.63889702331651,optimal
2021-02-09 04:00:00,5,19,0.0,0.0,0.0,0.24196666666666666,14.3325,6.0,15,19.535432722477076,,0.0,0.0,0.0,0.0,43.595258126293196,optimal
2021-02-09 04:30:00,5,19,1.1485319485404781,0.0,4.461069057902681,0.0745,13.335,6.0,15,19.49898735799619,,0.0,0.0,4019.861819891674,0.0,45.670670670670674,optimal
2021-02-09 05:00:00,5,19,2.0,0.0,5.0,0.4053,12.1275,6.0,15,19.461128770739318,,639.5284865583428,0.0,6360.471513441657,0.0,48.0,optimal
2021-02-09 05:30:00,5,19,2.0,0.0,0.0,0.15493333333333334,12.2955,6.0,15,19.443899180727367,,7000.0,0.0,0.0,0.0,47.67655666007533,optimal
2021-02-09 06:00:00,5,19,2.0,0.0,0.0,0.2735,11.6865,6.0,15,19.548577503606964,,7000.0,0.0,0.0,0.0,47.353436763490585,optimal
2021-02-09 06:30:00,5,19,2.0,0.0,0.0,0.1821333333333333,11.466,6.0,15,19.6556664678684,,7000.0,0.0,0.0,0.0,47.03063998680242,optimal
2021-02-09 07:00:00,5,19,2.0,0.0,0.0,1.9208,10.8045,6.0,15,19.762294016991365,,7000.0,0.0,0.0,0.0,46.70816600689095,optimal
2021-02-09 07:30:00,5,19,2.0,0.0,0.0,0.3954666666666666,10.584,6.0,15,19.890051068098952,,7000.0,0.0,0.0,0.0,46.386014500959384,optimal
2021-02-09 08:00:00,5,19,2.0,0.0,0.0,1.6750999999999998,11.2455,6.0,15,20.0,,4716.326666666667,0.0,2283.673333333333,0.0,46.06418514653375,optimal
2021-02-09 08:30:00,5,19,0.0,0.0,0.0,0.2733333333333333,12.1275,6.0,15,20.06905510072056,,0.0,0.0,0.0,0.0,45.74267762146255,optimal
2021-02-09 09:00:00,5,19,0.4056807107869607,0.0,0.0,0.15693333333333334,11.823,6.0,15,20.021103339608704,,1419.8824877543625,0.0,0.0,0.0,45.421491603916415,optimal
2021-02-09 09:30:00,5,19,0.6791083614046854,0.0,0.0,0.2316,11.7705,6.0,15,20.0,,2376.879264916399,0.0,0.0,0.0,45.10062677238783,optimal
2021-02-09 10:00:00,5,19,2.0,0.0,0.0,0.25989999999999996,11.13,6.0,15,20.0,,2334.201340038023,0.0,4665.798659961977,0.0,44.78008280569077,optimal
2021-02-09 10:30:00,5,19,1.1460453596393587,0.0,0.0,0.21606666666666663,11.6865,6.0,15,20.0,,2235.9864769861774,0.0,1775.1722817515788,0.0,44.4598593829604,optimal
2021-02-09 11:00:00,5,19,2.0,0.0,0.0,0.072,10.7205,6.0,15,20.0,,6040.977608380223,0.0,959.0223916197774,0.0,44.13995618365277,optimal
2021-02-09 11:30:00,5,19,2.0,0.0,0.0,0.22119999999999998,11.424,6.0,15,20.07461327657093,,7000.0,0.0,0.0,0.0,43.820372887544444,optimal
2021-02-09 12:00:00,5,19,2.0,0.0,0.0,0.11726666666666669,10.689,6.0,15,20.171553466007804,,7000.0,0.0,0.0,0.0,43.50110917473223,optimal
2021-02-09 12:30:00,5,19,2.0,0.0,0.0,0.0778,11.361,6.0,15,20.266272198577656,,7000.0,0.0,0.0,0.0,43.18216472563282,optimal
2021-02-09 13:00:00,5,19,2.0,0.0,0.0,0.1184,11.571,6.0,15,20.359818716925997,,7000.0,0.0,0.0,0.0,42.86353922098252,optimal
2021-02-09 13:30:00,5,19,0.0,0.0,0.0,0.072,14.3745,6.0,15,20.453813734201393,,0.0,0.0,0.0,0.0,42.545232341836865,optimal
2021-02-09 14:00:00,5,19,0.0,0.0,0.0,0.0836,13.23,6.0,15,20.40506946686021,,0.0,0.0,0.0,0.0,42.22724376957036,optimal
2021-02-09 14:30:00,5,19,0.0,0.0,0.0,0.11259999999999999,13.9755,6.0,15,20.35655631462842,,0.0,0.0,0.0,0.0,41.90957318587611,optimal
2021-02-09 15:00:00,5,19,0.0,0.0,0.0,0.17546666666666666,14.994,6.0,15,20.308625231001873,,0.0,0.0,0.0,0.0,41.592220272765566,optimal
2021-02-09 15:30:00,5,19,0.0,0.0,0.0,0.41543333333333327,13.671,6.0,15,20.26195895336081,,0.0,0.0,0.0,0.0,41.27518471256813,optimal
2021-02-09 16:00:00,5,19,0.0,0.0,0.0,0.4701666666666667,15.981,6.0,15,20.2228749251696,,0.0,0.0,0.0,0.0,40.95846618793089,optimal
2021-02-09 16:30:00,5,19,0.0,0.0,0.0,0.18006666666666665,15.6345,6.0,15,20.190082667011787,,0.0,0.0,0.0,0.0,40.64206438181829,optimal
2021-02-09 17:00:00,5,19,0.0,0.0,0.0,0.32176666666666665,16.5375,6.0,15,20.150170835156885,,0.0,0.0,0.0,0.0,40.325978977511795,optimal
2021-02-09 17:30:00,5,19,0.0,0.0,0.0,0.31460000000000005,14.7735,6.0,15,20.11225915164367,,0.0,0.0,0.0,0.0,40.01020965860961,optimal
2021-02-09 18:00:00,5,19,0.0,0.0,0.0,0.4020666666666667,15.2145,6.0,15,20.077133092616567,,0.0,0.0,0.0,0.0,39.69475610902633,optimal
2021-02-09 18:30:00,5,19,0.0,0.0,0.0,1.2958666666666665,14.553,6.0,15,20.045808444785834,,0.0,0.0,0.0,0.0,39.37961801299263,optimal
2021-02-09 19:00:00,5,19,0.0,0.0,0.0,1.1796,14.3325,6.0,15,20.038012681791038,,0.0,0.0,0.0,0.0,39.064795055054965,optimal
2021-02-09 19:30:00,5,19,0.0,0.0,0.0,1.522733333333333,14.595,6.0,15,20.02836209272554,,0.0,0.0,0.0,0.0,39.02573025999991,optimal
2021-02-09 20:00:00,5,19,0.0,0.0,0.0,0.39203333333333334,14.994,6.0,15,20.019751554059404,,0.0,0.0,0.0,0.0,38.98670452973991,optimal
2021-02-09 20:30:00,5,19,0.0,0.0,0.0,0.29196666666666665,14.3325,6.0,15,20.0,,0.0,0.0,0.0,0.0,38.94771782521017,optimal
2021-02-09 21:00:00,5,19,0.0,0.0,0.0,0.45713333333333334,13.8915,6.0,15,19.97510944761236,,0.0,0.0,0.0,0.0,38.90877010738496,optimal
2021-02-09 21:30:00,5,19,0.0,0.0,0.0,0.3895,13.8915,6.0,15,19.952442120124804,,0.0,0.0,0.0,0.0,38.86986133727758,optimal
2021-02-09 22:00:00,5,19,0.0,0.0,0.0,0.42,13.4715,6.0,15,19.9308011734962,,0.0,0.0,0.0,0.0,38.8309914759403,optimal
2021-02-09 22:30:00,5,19,0.0,0.0,0.0,0.08493333333333333,13.23,6.0,15,19.90380550765931,,0.0,0.0,0.0,0.0,38.79216048446436,optimal
2021-02-09 23:00:00,5,19,0.0,0.0,0.0,0.1242,13.8915,6.0,15,19.86264278376682,,0.0,0.0,0.0,0.0,38.7533683239799,optimal
2021-02-09 23:30:00,5,19,0.0,0.0,0.0,0.21359999999999998,26.9325,6.0,15,19.822509521985392,,0.0,0.0,0.0,0.0,38.71461495565592,optimal
2021-02-10 00:00:00,5,19,2.0,0.0,5.0,0.1677,10.4475,6.0,-7,19.822509521985392,,7000.0,0.0,0.0,0.0,41.05090034070026,optimal
2021-02-10 00:30:00,5,19,2.0,0.0,5.0,0.39153333333333334,10.8675,6.0,-7,19.923728757436344,,0.0,0.0,7000.0,0.0,43.38484944035956,optimal
2021-02-10 01:00:00,5,19,2.0,0.0,5.0,0.3644333333333333,10.542,6.0,-7,19.888985122755056,,1042.0,0.0,5958.0,0.0,45.7164645909192,optimal
2021-02-10 01:30:00,5,19,2.0,0.0,1.1192337558413694,0.48510000000000003,11.025,6.0,-7,19.87267508236549,,7000.0,0.0,0.0,0.0,46.20238416035293,optimal
2021-02-10 02:00:00,5,19,2.0,0.0,5.0,0.33313333333333334,11.025,6.0,-7,19.980464253569302,,7000.0,0.0,0.0,0.0,48.53118177619257,optimal
2021-02-10 02:30:00,5,19,2.0,0.0,0.0,0.3816333333333333,14.553,6.0,-7,20.086113059097844,,7000.0,0.0,0.0,0.0,48.48265059441637,optimal
2021-02-10 03:00:00,5,19,2.0,0.0,0.0,0.2277333333333333,13.0935,6.0,-7,20.192037110489114,,7000.0,0.0,0.0,0.0,48.434167943821954,optimal
2021-02-10 03:30:00,5,19,2.0,0.0,0.0,0.16613333333333333,15.6345,6.0,-7,20.295277811202837,,7000.0,0.0,0.0,0.0,48.38573377587813,optimal
2021-02-10 04:00:00,5,19,0.0,0.0,0.0,1.034733333333333,18.102,6.0,-7,20.403121656793914,,0.0,0.0,0.0,0.0,48.33734804210225,optimal
2021-02-10 04:30:00,5,19,0.0,0.0,0.0,0.7333,17.199,6.0,-7,20.376809892116565,,0.0,0.0,0.0,0.0,48.289010694060146,optimal
2021-02-10 05:00:00,5,19,0.0,0.0,0.0,0.077,18.2805,6.0,-7,20.352683951594273,,0.0,0.0,0.0,0.0,48.240721683366075,optimal
2021-02-10 05:30:00,5,19,0.0,0.0,0.0,0.19223333333333328,17.4615,6.0,-7,20.324322421894195,,0.0,0.0,0.0,0.0,48.192480961682705,optimal
2021-02-10 06:00:00,5,19,0.0,0.0,0.0,0.19796666666666668,18.3225,6.0,-7,20.297002410673148,,0.0,0.0,0.0,0.0,48.144288480721016,optimal
2021-02-10 06:30:00,5,19,0.0,0.0,0.0,0.08166666666666667,17.094,6.0,-7,20.267168662032272,,0.0,0.0,0.0,0.0,48.096144192240295,optimal
2021-02-10 07:00:00,5,19,0.0,0.0,0.0,0.7606,17.094,6.0,-7,20.23961453846041,,0.0,0.0,0.0,0.0,48.048048048048045,optimal
2021-02-10 07:30:00,5,19,0.0,0.0,0.0,1.1345999999999998,17.094,6.0,-7,20.219626403726757,,0.0,0.0,0.0,0.0,48.0,optimal
2021-02-10 08:00:00,5,19,0.0,0.0,0.0,1.4611666666666667,17.3565,6.0,-7,20.19041561260644,,0.0,0.0,0.0,0.0,47.82902026068091,optimal
2021-02-10 08:30:00,5,19,0.0,0.0,0.0,0.5951666666666666,17.115,6.0,-7,20.16268366179228,,0.0,0.0,0.0,0.0,47.65821150110115,optimal
2021-02-10 09:00:00,5,19,0.0,0.0,0.0,0.3801666666666667,17.241,6.0,-7,20.131240218781812,,0.0,0.0,0.0,0.0,47.48757355028096,optimal
2021-02-10 09:30:00,5,19,1.11910095130562,0.0,0.0,0.41843333333333327,17.094,6.0,-7,20.102306183870112,,3916.85332956967,0.0,0.0,0.0,47.3171062374116,optimal
2021-02-10 10:00:00,5,19,2.0,0.0,0.0,0.3353333333333333,16.5165,6.0,-7,20.15943015103783,,7000.0,0.0,0.0,0.0,47.1468093918551,optimal
2021-02-10 10:30:00,5,19,0.0,0.0,0.0,0.2646,17.8185,6.0,-7,20.279214966061158,,0.0,0.0,0.0,0.0,46.97668284314416,optimal
2021-02-10 11:00:00,5,19,2.0,0.0,0.0,0.1821333333333333,17.094,6.0,-7,20.23816431970615,,7000.0,0.0,0.0,0.0,46.80672642098193,optimal
2021-02-10 11:30:00,5,19,2.0,0.0,0.0,1.6858666666666666,16.8945,6.0,-7,20.33293302400683,,7000.0,0.0,0.0,0.0,46.636939955241864,optimal
2021-02-10 12:00:00,5,19,0.0,0.0,0.0,0.068,18.123,6.0,-7,20.45067389622905,,0.0,0.0,0.0,0.0,46.46732327596754,optimal
2021-02-10 12:30:00,5,19,0.0,0.0,0.0,0.20806666666666662,31.647,6.0,-7,20.400685373252557,,0.0,0.0,0.0,0.0,46.29787621337248,optimal
2021-02-10 13:00:00,5,19,0.0,0.0,0.0,0.16926666666666668,34.9965,6.0,-7,20.353656245892218,,0.0,0.0,0.0,0.0,46.128598597840025,optimal
2021-02-10 13:30:00,5,19,0.0,0.0,0.0,0.17623333333333333,34.9965,6.0,-7,20.305965004779424,,0.0,0.0,0.0,0.0,45.9594902599231,optimal
2021-02-10 14:00:00,5,19,0.0,0.0,0.0,0.09983333333333332,34.9965,6.0,-7,20.259056045030963,,0.0,0.0,0.0,0.0,45.79055103034409,optimal
2021-02-10 14:30:00,5,19,0.0,0.0,0.0,0.22656666666666664,34.9965,6.0,-7,20.211242989887232,,0.0,0.0,0.0,0.0,45.62178073999466,optimal
2021-02-10 15:00:00,5,19,0.0,0.0,0.0,0.1507666666666667,34.9965,6.0,-7,20.166114307537967,,0.0,0.0,0.0,0.0,45.453179219935585,optimal
2021-02-10 15:30:00,5,19,0.0,0.0,0.0,0.15656666666666666,27.741,6.0,-7,20.119571035747498,,0.0,0.0,0.0,0.0,45.28474630139657,optimal
2021-02-10 16:00:00,5,19,0.0,0.0,0.0,0.3091666666666667,19.026,6.0,-7,20.076956683789316,,0.0,0.0,0.0,0.0,45.11648181577608,optimal
2021-02-10 16:30:00,5,19,0.0,0.0,0.0,0.1189,18.7215,6.0,-7,20.03941540275821,,0.0,0.0,0.0,0.0,44.94838559464122,optimal
2021-02-10 17:00:00,5,19,0.4685538752911657,0.0,0.0,0.5114333333333333,17.4195,6.0,-7,20.0,,1639.93856351908,0.0,0.0,0.0,44.780457469727494,optimal
2021-02-10 17:30:00,5,19,0.4539911212119987,0.0,0.0,0.4133,16.758,6.0,-7,20.0,,1588.9689242419954,0.0,0.0,0.0,44.61269727293868,optimal
2021-02-10 18:00:00,5,19,0.3378359956319508,0.0,0.0,0.5761000000000001,14.217,6.0,-7,20.0,,973.4259847118277,0.0,209.0,0.0,44.44510483634666,optimal
2021-02-10 18:30:00,5,19,0.276640885408047,0.0,0.0,1.9454,13.3665,6.0,-7,20.0,,480.57643226149787,0.0,487.6666666666667,0.0,44.277679992191224,optimal
2021-02-10 19:00:00,5,19,0.5652610132793304,0.0,0.0,0.5463333333333333,12.789,6.0,-7,20.0,,1072.7468798109899,0.0,905.6666666666665,0.0,44.11042257287995,optimal
2021-02-10 19:30:00,5,19,0.33253192653225827,0.0,0.0,0.5561,11.907,6.0,-7,20.0,,1163.861742862904,0.0,0.0,0.0,43.943332410987985,optimal
2021-02-10 20:00:00,5,19,0.4258028397851636,0.0,0.0,0.5538666666666667,11.7075,6.0,-7,20.0,,1141.9766059147394,0.0,348.3333333333333,0.0,43.77640933925791,optimal
2021-02-10 20:30:00,5,19,0.4777142857142857,0.0,0.0,0.4579666666666666,10.8045,6.0,-7,20.0,,0.0,0.0,1672.0,0.0,43.609653190599566,optimal
2021-02-10 21:00:00,5,19,0.0,0.0,0.0,0.44653333333333334,11.508,6.0,-7,19.97455049075806,,0.0,0.0,0.0,0.0,43.44306379808988,optimal
2021-02-10 21:30:00,5,19,0.0,0.0,0.0,0.29469999999999996,11.508,6.0,-7,19.94576904150944,,0.0,0.0,0.0,0.0,43.27664099497271,optimal
2021-02-10 22:00:00,5,19,0.0,0.0,0.0,0.4164666666666666,11.508,6.0,-7,19.911491600010457,,0.0,0.0,0.0,0.0,43.11038461465865,optimal
2021-02-10 22:30:00,5,19,0.0,0.0,0.0,0.6746666666666666,11.844,6.0,-7,19.87651027207824,,0.0,0.0,0.0,0.0,42.94429449072491,optimal
2021-02-10 23:00:00,5,19,0.0,0.0,0.0,0.16219999999999998,11.508,6.0,-7,19.842579885004035,,0.0,0.0,0.0,0.0,42.7783704569151,optimal
2021-02-10 23:30:00,5,19,0.0,0.0,0.0,0.6317,11.508,6.0,-7,19.79712455621991,,0.0,0.0,0.0,0.0,42.73559208645818,optimal
2021-02-11 00:00:00,5,19,0.0,0.0,0.0,0.066,19.2675,6.0,-23,19.79712455621991,,0.0,0.0,0.0,0.0,42.692856494371725,optimal
2021-02-11 00:30:00,5,19,1.7953804079254574,0.0,0.0,0.09346666666666668,18.963,6.0,-23,19.744791048898655,,0.0,0.0,6283.831427739101,0.0,42.650163637877355,optimal
2021-02-11 01:00:00,5,19,2.0,0.0,0.0,0.10033333333333332,18.438,6.0,-23,19.693407028760173,,6247.498094405768,0.0,752.5019055942321,0.0,42.607513474239475,optimal
2021-02-11 01:30:00,5,19,2.0,0.0,0.0,0.25046666666666667,18.7425,6.0,-23,19.768779053320404,,7000.0,0.0,0.0,0.0,42.56490596076524,optimal
2021-02-11 02:00:00,5,19,2.0,0.0,5.0,0.07973333333333334,15.2145,6.0,-23,19.862192816253476,,7000.0,0.0,0.0,0.0,44.89734105480447,optimal
2021-02-11 02:30:00,5,19,2.0,0.0,0.0,0.159,17.7765,6.0,-23,19.95191511809329,,7000.0,0.0,0.0,0.0,44.852443713749665,optimal
2021-02-11 03:00:00,5,19,2.0,0.0,0.0,0.10940000000000001,16.758,6.0,-23,20.04274754834253,,7000.0,0.0,0.0,0.0,44.807591270035914,optimal
2021-02-11 03:30:00,5,19,2.0,0.0,5.0,0.1278,16.422,6.0,-23,20.13208359372411,,7000.0,0.0,0.0,0.0,47.13778367876588,optimal
2021-02-11 04:00:00,5,19,2.0,0.0,2.42121218585046,0.2024,16.758,6.0,-23,20.222207518286243,,7000.0,0.0,0.0,0.0,48.240721683366075,optimal
2021-02-11 04:30:00,5,19,0.0,0.0,0.0,0.23926666666666668,29.358,6.0,-23,20.3142527531318,,0.0,0.0,0.0,0.0,48.192480961682705,optimal
2021-02-11 05:00:00,5,19,0.0,0.0,0.0,0.2024,34.9965,6.0,-23,20.267315180316018,,0.0,0.0,0.0,0.0,48.144288480721016,optimal
2021-02-11 05:30:00,5,19,0.0,0.0,0.0,0.07629999999999999,34.65,6.0,-23,20.217814722373728,,0.0,0.0,0.0,0.0,48.096144192240295,optimal
2021-02-11 06:00:00,5,19,0.0,0.0,0.0,0.1175,34.9965,6.0,-23,20.166542237513877,,0.0,0.0,0.0,0.0,48.048048048048045,optimal
2021-02-11 06:30:00,5,19,0.0,0.0,0.0,0.18830000000000002,34.9965,6.0,-23,20.116882465150287,,0.0,0.0,0.0,0.0,48.0,optimal
2021-02-11 07:00:00,5,19,0.0,0.0,0.0,0.49610000000000004,30.4815,6.0,-23,20.072316439585382,,0.0,0.0,0.0,0.0,47.39345795077207,optimal
2021-02-11 07:30:00,5,19,0.0,0.0,0.0,0.30839999999999995,21.4305,6.0,-23,20.039131960476762,,0.0,0.0,0.0,0.0,46.78752244359336,optimal
2021-02-11 08:00:00,5,19,0.9991002871409977,0.0,0.0,2.2879666666666667,14.3325,6.0,-23,20.0,,1894.5176716601586,0.0,1602.3333333333333,0.0,46.182192871921835,optimal
2021-02-11 08:30:00,5,19,1.5747848515945022,0.0,0.0,0.2946666666666667,13.692,6.0,-23,20.0,,5233.080313914091,0.0,278.66666666666663,0.0,45.57746862982198,optimal
2021-02-11 09:00:00,5,19,0.0,0.0,0.0,0.076,14.007,6.0,-23,20.058128213417888,,0.0,0.0,0.0,0.0,44.973349111964225,optimal
2021-02-11 09:30:00,5,19,0.6772601935287905,0.0,0.0,0.2483333333333333,12.873,6.0,-23,20.0,,2370.410677350767,0.0,0.0,0.0,44.36983371362433,optimal
2021-02-11 10:00:00,5,19,0.6671883250308583,0.0,0.0,0.1874,12.684,6.0,-23,20.0,,2335.159137608004,0.0,0.0,0.0,43.766921830682776,optimal
2021-02-11 10:30:00,5,19,0.720992802552133,0.0,0.0,0.076,12.306,6.0,-23,20.0,,2523.4748089324657,0.0,0.0,0.0,43.164612859624164,optimal
2021-02-11 11:00:00,5,19,2.0,0.0,0.0,0.2124,10.6365,6.0,-23,20.0,,7000.0,0.0,0.0,0.0,42.562906197536606,optimal
2021-02-11 11:30:00,5,19,0.0,0.0,0.0,0.09659999999999999,11.2455,6.0,-23,20.091646097267617,,0.0,0.0,0.0,0.0,41.961801242111136,optimal
2021-02-11 12:00:00,5,19,0.06816312959628341,0.0,0.0,0.2102,11.2455,6.0,-23,20.04122884579341,,238.57095358699195,0.0,0.0,0.0,41.361297391641095,optimal
2021-02-11 12:30:00,5,19,2.0,0.0,0.0,0.1194,11.025,6.0,-23,20.0,,7000.0,0.0,0.0,0.0,40.761394045021525,optimal
2021-02-11 13:00:00,5,19,0.0,0.0,0.0,0.1275,12.0855,6.0,-23,20.095335664270056,,0.0,0.0,0.0,0.0,40.162090601748574,optimal
2021-02-11 13:30:00,5,19,0.0,0.0,0.0,0.22269999999999998,11.6865,6.0,-23,20.050842711555234,,0.0,0.0,0.0,0.0,39.563386461918896,optimal
2021-02-11 14:00:00,5,19,0.5111192109075682,0.0,0.0,0.076,11.2245,6.0,-23,20.008647431424038,,1788.9172381764888,0.0,0.0,0.0,38.96528102622904,optimal
2021-02-11 14:30:00,5,19,0.6228798497922208,0.0,0.0,0.1566,11.025,6.0,-23,20.0,,2180.0794742727726,0.0,0.0,0.0,38.36777369597488,optimal
2021-02-11 15:00:00,5,19,2.0,0.0,0.0,0.17446666666666666,10.7835,6.0,-23,20.0,,3865.0,0.0,3135.0,0.0,37.77086387305098,optimal
2021-02-11 15:30:00,5,19,0.0144771526692882,0.0,0.0,0.3958,11.025,6.0,-23,20.03448681499155,,50.6700343425087,0.0,0.0,0.0,37.17455095995,optimal
2021-02-11 16:00:00,5,19,2.0,0.0,0.0,0.6675,10.584,6.0,-23,20.0,,7000.0,0.0,0.0,0.0,36.57883435976211,optimal
2021-02-11 16:30:00,5,19,0.4263392740119619,0.0,0.0,0.5658666666666666,11.025,6.0,-23,20.11279038331348,,1492.1874590418668,0.0,0.0,0.0,35.98371347617442,optimal
2021-02-11 17:00:00,5,19,2.0,0.0,0.0,0.5175666666666667,10.4265,6.0,-23,20.111723562340195,,7000.0,0.0,0.0,0.0,35.389187713470314,optimal
2021-02-11 17:30:00,5,19,0.0,0.0,0.0,2.6259333333333332,12.789,6.0,-23,20.219314967915473,,0.0,0.0,0.0,0.0,34.79525647652891,optimal
2021-02-11 18:00:00,5,19,0.0,0.0,0.0,0.3793333333333333,12.684,6.0,-23,20.191083766958496,,0.0,0.0,0.0,0.0,34.760461220052385,optimal
2021-02-11 18:30:00,5,19,0.0,0.0,0.0,0.4077,16.254,6.0,-23,20.157174377181757,,0.0,0.0,0.0,0.0,34.72570075883233,optimal
2021-02-11 19:00:00,5,19,0.0,0.0,0.0,0.5981333333333333,17.64,6.0,-23,20.12219854113988,,0.0,0.0,0.0,0.0,34.6909750580735,optimal
2021-02-11 19:30:00,5,19,0.0,0.0,0.0,0.5476666666666666,19.1625,6.0,-23,20.085547509488652,,0.0,0.0,0.0,0.0,34.65628408301542,optimal
2021-02-11 20:00:00,5,19,0.0,0.0,0.0,0.4491,26.46,6.0,-23,20.04436423844984,,0.0,0.0,0.0,0.0,34.62162779893241,optimal
2021-02-11 20:30:00,5,19,0.0,0.0,0.0,0.3941,20.79,6.0,-23,20.0,,0.0,0.0,0.0,0.0,34.587006171133474,optimal
2021-02-11 21:00:00,5,19,0.0,0.0,0.0,0.8536,29.106,6.0,-23,19.953962317066924,,0.0,0.0,0.0,0.0,34.55241916496234,optimal
2021-02-11 21:30:00,5,19,0.0,0.0,0.0,2.1789333333333336,19.1835,6.0,-23,19.9112974628729,,0.0,0.0,0.0,0.0,34.51786674579738,optimal
2021-02-11 22:00:00,5,19,0.0,0.0,0.0,0.5146333333333333,19.6665,6.0,-23,19.874175073845308,,0.0,0.0,0.0,0.0,34.48334887905158,optimal
2021-02-11 22:30:00,5,19,0.0,0.0,0.0,1.7838,19.404,6.0,-23,19.831758321547298,,0.0,0.0,0.0,0.0,34.44886553017253,optimal
2021-02-11 23:00:00,5,19,0.0,0.0,0.0,0.6008666666666667,19.047,6.0,-23,19.798356888478864,,0.0,0.0,0.0,0.0,34.41441666464236,optimal
2021-02-11 23:30:00,5,19,0.0,0.0,0.0,0.5810333333333333,18.858,6.0,-23,19.756354751764164,,0.0,0.0,0.0,0.0,34.380002247977714,optimal
2021-02-12 00:00:00,5,19,2.0,0.0,5.0,0.11443333333333333,11.487,6.0,21,19.756354751764164,,6860.666666666667,0.0,139.33333333333331,0.0,36.720622245729736,optimal
2021-02-12 00:30:00,5,19,2.0,0.0,5.0,0.3092333333333333,11.802,6.0,21,19.837754548357655,,1008.666666666667,0.0,5991.333333333333,0.0,39.058901623484005,optimal
2021-02-12 01:00:00,5,19,2.0,0.0,5.0,0.36333333333333334,11.2245,6.0,21,19.804419812198027,,7000.0,0.0,0.0,0.0,41.39484272186052,optimal
2021-02-12 01:30:00,5,19,2.0,0.0,5.0,0.39776666666666666,11.025,6.0,21,19.896340671739782,,7000.0,0.0,0.0,0.0,43.72844787913866,optimal
2021-02-12 02:00:00,5,19,2.0,0.0,5.0,0.2064333333333333,11.907,6.0,21,19.989894072006297,,7000.0,0.0,0.0,0.0,46.05971943125952,optimal
2021-02-12 02:30:00,5,19,0.0,0.0,0.0,0.3275,25.83,6.0,21,20.08198253340667,,0.0,0.0,0.0,0.0,46.01365971182826,optimal
2021-02-12 03:00:00,5,19,0.0,0.0,0.0,0.49026666666666663,28.035,6.0,21,20.032286258338008,,0.0,0.0,0.0,0.0,45.967646052116436,optimal
2021-02-12 03:30:00,5,19,0.0,0.0,0.0,0.33763333333333334,28.119,6.0,21,19.983915276902778,,0.0,0.0,0.0,0.0,45.921678406064316,optimal
2021-02-12 04:00:00,5,19,0.0,0.0,0.0,0.36819999999999997,30.156,6.0,21,19.93396303512941,,0.0,0.0,0.0,0.0,45.87575672765825,optimal
2021-02-12 04:30:00,5,19,0.0,0.0,0.0,0.5010666666666667,29.1585,6.0,21,19.88587506418251,,0.0,0.0,0.0,0.0,45.82988097093059,optimal
2021-02-12 05:00:00,5,19,0.0,0.0,0.0,0.21066666666666664,26.712,6.0,21,19.840846391092178,,0.0,0.0,0.0,0.0,45.78405108995966,optimal
2021-02-12 05:30:00,5,19,0.0,0.0,0.0,1.4111333333333334,15.435,6.0,21,19.791920759519254,,0.0,0.0,0.0,0.0,45.7382670388697,optimal
2021-02-12 06:00:00,5,19,0.0,0.0,0.0,1.0938333333333332,13.566,6.0,21,19.754590465722107,,0.0,0.0,0.0,0.0,45.69252877183083,optimal
2021-02-12 06:30:00,5,19,2.0,0.0,0.05017774234036815,0.3935666666666667,12.789,6.0,21,19.720544144116715,,7000.0,0.0,0.0,0.0,45.670670670670674,optimal
2021-02-12 07:00:00,5,19,2.0,0.0,5.0,1.5635666666666665,12.1275,6.0,21,19.82953224860353,,7000.0,0.0,0.0,0.0,48.0,optimal
2021-02-12 07:30:00,5,19,1.257940306515143,0.0,0.0,0.07466666666666667,13.671,6.0,21,19.961913652568136,,4402.791072803,0.0,0.0,0.0,47.90805179656761,optimal
2021-02-12 08:00:00,5,19,2.0,0.0,0.0,0.1336,10.668,6.0,21,20.0,,7000.0,0.0,0.0,0.0,47.81619554133866,optimal
2021-02-12 08:30:00,5,19,0.0,0.0,0.0,0.08233333333333333,11.7285,6.0,21,20.082283938481417,,0.0,0.0,0.0,0.0,47.724431142364935,optimal
2021-02-12 09:00:00,5,19,0.5287173138972191,0.0,0.0,0.15766666666666665,11.025,6.0,21,20.021372094148294,,1850.510598640267,0.0,0.0,0.0,47.632758507790186,optimal
2021-02-12 09:30:00,5,19,0.7428443607133078,0.0,0.0,0.13226666666666667,10.689,6.0,21,20.0,,2599.9552624965777,0.0,0.0,0.0,47.54117754585001,optimal
2021-02-12 10:00:00,5,19,2.0,0.0,0.0,0.12033333333333332,8.1585,6.0,21,20.0,,2498.2041049306986,0.0,4501.795895069301,0.0,47.44968816487177,optimal
2021-02-12 10:30:00,5,19,2.0,0.0,0.0,0.12033333333333332,10.3635,6.0,21,20.00142115276864,,7000.0,0.0,0.0,0.0,47.35829027327451,optimal
2021-02-12 11:00:00,5,19,0.0,0.0,0.0,0.1336,10.8045,6.0,21,20.094829473070927,,0.0,0.0,0.0,0.0,47.266983779568854,optimal
2021-02-12 11:30:00,5,19,0.0,0.0,0.0,0.076,11.025,6.0,21,20.04787105302442,,0.0,0.0,0.0,0.0,47.175768592356896,optimal
2021-02-12 12:00:00,5,19,1.979861151997998,0.0,0.0,0.20306666666666665,10.3635,6.0,21,20.0,,4567.025418499183,0.0,2362.4886134938106,0.0,47.084644620332156,optimal
2021-02-12 12:30:00,5,19,0.0,0.0,0.0,0.0952,10.8045,6.0,21,20.047222451031313,,0.0,0.0,0.0,0.0,46.993611772279436,optimal
2021-02-12 13:00:00,5,19,2.0,0.0,0.0,0.27776666666666666,10.059,6.0,21,20.0,,2129.7877961575673,0.0,4870.212203842433,0.0,46.90266995707477,optimal
2021-02-12 13:30:00,5,19,0.0,0.0,0.0,1.8102,10.584,6.0,21,20.00898847095911,,0.0,0.0,0.0,0.0,46.81181908368531,optimal
2021-02-12 14:00:00,5,19,2.0,0.0,0.0,2.0057,9.4185,6.0,21,20.0,,272.83004573888024,0.0,6727.1699542611195,0.0,46.721059061169235,optimal
2021-02-12 14:30:00,5,19,1.8090876210512656,0.0,0.0,0.43656666666666666,10.3635,6.0,21,20.0,,6331.80667367943,0.0,0.0,0.0,46.63038979867568,optimal
2021-02-12 15:00:00,5,19,2.0,0.0,0.0,1.890233333333333,9.8385,6.0,21,20.10150505768909,,7000.0,0.0,0.0,0.0,46.539811205444614,optimal
2021-02-12 15:30:00,5,19,0.0,0.0,0.0,0.5756666666666667,11.067,6.0,21,20.221029805060653,,0.0,0.0,0.0,0.0,46.44932319080679,optimal
2021-02-12 16:00:00,5,19,0.0,0.0,0.0,0.6430666666666667,10.8465,6.0,21,20.194142589109283,,0.0,0.0,0.0,0.0,46.358925664183595,optimal
2021-02-12 16:30:00,5,19,0.0,0.0,0.0,0.716,13.671,6.0,21,20.173939794153437,,0.0,0.0,0.0,0.0,46.26861853508702,optimal
2021-02-12 17:00:00,5,19,0.0,0.0,0.0,0.6311333333333333,12.348,6.0,21,20.161541421338182,,0.0,0.0,0.0,0.0,46.17840171311955,optimal
2021-02-12 17:30:00,5,19,0.0,0.0,0.0,0.5648,14.3325,6.0,21,20.150537633876876,,0.0,0.0,0.0,0.0,46.08827510797404,optimal
2021-02-12 18:00:00,5,19,0.0,0.0,0.0,0.3369,15.393,6.0,21,20.133994374066816,,0.0,0.0,0.0,0.0,45.99823862943368,optimal
2021-02-12 18:30:00,5,19,0.0,0.0,0.0,0.4099666666666666,13.587,6.0,21,20.107300591169775,,0.0,0.0,0.0,0.0,45.908292187371856,optimal
2021-02-12 19:00:00,5,19,0.0,0.0,0.0,0.4729666666666666,16.1385,6.0,21,20.084028962019612,,0.0,0.0,0.0,0.0,45.8184356917521,optimal
2021-02-12 19:30:00,5,19,0.0,0.0,0.0,0.4656666666666667,14.595,6.0,21,20.053078559482934,,0.0,0.0,0.0,0.0,45.728669052627964,optimal
2021-02-12 20:00:00,5,19,0.0,0.0,0.0,0.5184333333333333,14.637,6.0,21,20.025165139865944,,0.0,0.0,0.0,0.0,45.63899218014295,optimal
2021-02-12 20:30:00,5,19,0.0,0.0,0.0,0.7355666666666667,13.9125,6.0,21,20.0,,0.0,0.0,0.0,0.0,45.54940498453042,optimal
2021-02-12 21:00:00,5,19,0.0,0.0,0.0,0.6462,13.3665,6.0,21,19.982542000525203,,0.0,0.0,0.0,0.0,45.459907376113506,optimal
2021-02-12 21:30:00,5,19,0.0,0.0,0.0,0.6306,13.0095,6.0,21,19.96204952502155,,0.0,0.0,0.0,0.0,45.37049926530501,optimal
2021-02-12 22:00:00,5,19,0.0,0.0,0.0,0.6853666666666667,13.8915,6.0,21,19.937090657874446,,0.0,0.0,0.0,0.0,45.325128766039704,optimal
2021-02-12 22:30:00,5,19,0.0,0.0,0.0,0.5544666666666667,13.188,6.0,21,19.919055929367772,,0.0,0.0,0.0,0.0,45.279803637273666,optimal
2021-02-12 23:00:00,5,19,0.0,0.0,0.0,0.8886666666666666,12.5685,6.0,21,19.89812753781284,,0.0,0.0,0.0,0.0,45.234523833636395,optimal
2021-02-12 23:30:00,5,19,0.0,0.0,0.0,0.2374,12.285,6.0,21,19.885210408485865,,0.0,0.0,0.0,0.0,45.18928930980276,optimal
2021-02-13 00:00:00,5,19,2.0,0.0,5.0,0.056,7.938,6.0,-10,19.885210408485865,,7000.0,0.0,0.0,0.0,47.51910002049296,optimal
2021-02-13 00:30:00,5,19,2.0,0.0,2.537865419326678,0.056,8.274,6.0,-10,19.982691758199106,,0.0,0.0,7000.0,0.0,48.67706699465263,optimal
2021-02-13 01:00:00,5,19,2.0,0.0,0.0,0.0875,9.261,6.0,-10,19.93862126721918,,4975.38,0.0,2024.62,0.0,48.62838992765797,optimal
2021-02-13 01:30:00,5,19,2.0,0.0,0.0,0.0875,9.9225,6.0,-10,19.995954041694073,,7000.0,0.0,0.0,0.0,48.579761537730306,optimal
2021-02-13 02:00:00,5,19,2.0,0.0,0.0,0.0945,9.702,6.0,-10,20.094173496177103,,7000.0,0.0,0.0,0.0,48.53118177619257,optimal
2021-02-13 02:30:00,5,19,2.0,0.0,0.0,0.0805,10.584,6.0,-10,20.19240949003451,,7000.0,0.0,0.0,0.0,48.48265059441637,optimal
2021-02-13 03:00:00,5,19,2.0,0.0,0.0,0.0875,10.143,6.0,-10,20.290108192698117,,7000.0,0.0,0.0,0.0,48.434167943821954,optimal
2021-02-13 03:30:00,5,19,0.0,0.0,0.0,0.0875,13.0095,6.0,-10,20.387695282353118,,0.0,0.0,0.0,0.0,48.38573377587813,optimal
2021-02-13 04:00:00,5,19,2.0,0.0,0.0,0.056,11.025,6.0,-10,20.34347125516191,,7000.0,0.0,0.0,0.0,48.33734804210225,optimal
2021-02-13 04:30:00,5,19,0.0,0.0,0.0,0.054666666666666655,12.789,6.0,-10,20.440024701098935,,0.0,0.0,0.0,0.0,48.289010694060146,optimal
2021-02-13 05:00:00,5,19,0.0,0.0,0.0,0.056,12.1275,6.0,-10,20.39735564037642,,0.0,0.0,0.0,0.0,48.240721683366075,optimal
2021-02-13 05:30:00,5,19,0.0,0.0,0.0,0.119,12.1695,6.0,-10,20.351822657043712,,0.0,0.0,0.0,0.0,48.192480961682705,optimal
2021-02-13 06:00:00,5,19,0.0,0.0,0.0,0.056,12.306,6.0,-10,20.307421462659924,,0.0,0.0,0.0,0.0,48.144288480721016,optimal
2021-02-13 06:30:00,5,19,0.0,0.0,0.0,0.1015,13.23,6.0,-10,20.261603406333396,,0.0,0.0,0.0,0.0,48.096144192240295,optimal
2021-02-13 07:00:00,5,19,0.0,0.0,0.0,0.0883,13.671,6.0,-10,20.216693806286163,,0.0,0.0,0.0,0.0,48.048048048048045,optimal
2021-02-13 07:30:00,5,19,0.0,0.0,0.0,0.1375,13.9335,6.0,-10,20.177813401787038,,0.0,0.0,0.0,0.0,48.0,optimal
2021-02-13 08:00:00,5,19,0.0,0.0,0.0,0.10083333333333332,13.293,6.0,-10,20.142203530612097,,0.0,0.0,0.0,0.0,47.83771328175491,optimal
2021-02-13 08:30:00,5,19,0.0,0.0,0.0,0.087,12.1065,6.0,-10,20.093483647506986,,0.0,0.0,0.0,0.0,47.67558885022806,optimal
2021-02-13 09:00:00,5,19,2.0,0.0,0.0,0.108,11.571,6.0,-10,20.039769746456887,,7000.0,0.0,0.0,0.0,47.513626543132744,optimal
2021-02-13 09:30:00,5,19,2.0,0.0,0.0,0.07333333333333333,11.025,6.0,-10,20.128177617374785,,7000.0,0.0,0.0,0.0,47.35182619834452,optimal
2021-02-13 10:00:00,5,19,2.0,0.0,0.0,0.13616666666666666,10.8465,6.0,-10,20.220409083840384,,7000.0,0.0,0.0,0.0,47.190187653901084,optimal
2021-02-13 10:30:00,5,19,2.0,0.0,0.0,0.21886666666666668,11.2455,6.0,-10,20.315961937380077,,7000.0,0.0,0.0,0.0,47.02871074800209,optimal
2021-02-13 11:00:00,5,19,0.0,0.0,0.0,0.11966666666666669,23.8665,6.0,-10,20.414033446075752,,0.0,0.0,0.0,0.0,46.867395319009,optimal
2021-02-13 11:30:00,5,19,0.0,0.0,0.0,0.066,27.4575,6.0,-10,20.365449373143083,,0.0,0.0,0.0,0.0,46.7062412054449,optimal
2021-02-13 12:00:00,5,19,0.0,0.0,0.0,0.066,27.3735,6.0,-10,20.312419809196236,,0.0,0.0,0.0,0.0,46.545248245994365,optimal
2021-02-13 12:30:00,5,19,0.0,0.0,0.0,0.0695,30.4605,6.0,-10,20.259657095064533,,0.0,0.0,0.0,0.0,46.384416279503284,optimal
2021-02-13 13:00:00,5,19,0.0,0.0,0.0,0.1255,30.0195,6.0,-10,20.20736075428326,,0.0,0.0,0.0,0.0,46.22374514497869,optimal
2021-02-13 13:30:00,5,19,0.0,0.0,0.0,0.066,26.9325,6.0,-10,20.156590295811704,,0.0,0.0,0.0,0.0,46.063234681588625,optimal
2021-02-13 14:00:00,5,19,0.0,0.0,0.0,0.066,14.595,6.0,-10,20.1050081909367,,0.0,0.0,0.0,0.0,45.902884728661945,optimal
2021-02-13 14:30:00,5,19,0.0,0.0,0.0,0.129,12.4845,6.0,-10,20.053818685535227,,0.0,0.0,0.0,0.0,45.74269512568819,optimal
2021-02-13 15:00:00,5,19,0.6182347960067844,0.0,0.0,0.12106666666666667,12.1275,6.0,-10,20.004293624172398,,2163.8217860237455,0.0,0.0,0.0,45.582665712317414,optimal
2021-02-13 15:30:00,5,19,0.8849885143293971,0.0,0.0,0.5171666666666667,12.1275,6.0,-10,20.0,,3097.45980015289,0.0,0.0,0.0,45.42279632836001,optimal
2021-02-13 16:00:00,5,19,0.0,0.0,0.0,0.3449333333333333,12.789,6.0,-10,20.032512950782646,,0.0,0.0,0.0,0.0,45.26308681378656,optimal
2021-02-13 16:30:00,5,19,0.33329208035688124,0.0,0.0,0.5682666666666667,11.907,6.0,-10,20.0,,1166.5222812490842,0.0,0.0,0.0,45.103537008727685,optimal
2021-02-13 17:00:00,5,19,0.40382733792786074,0.0,0.0,1.5164000000000002,11.025,6.0,-10,20.0,,1102.6823494141795,0.0,310.71333333333325,0.0,44.944146753473866,optimal
2021-02-13 17:30:00,5,19,1.2664717342046647,0.0,0.0,0.9518333333333334,8.2005,6.0,-10,20.0,,2605.0515641148754,0.0,1827.5995056014508,0.0,44.784915888475304,optimal
2021-02-13 18:00:00,5,19,0.0,0.0,0.0,0.48469999999999996,9.5655,6.0,-10,20.026436757277573,,0.0,0.0,0.0,0.0,44.625844254341736,optimal
2021-02-13 18:30:00,5,19,2.0,0.0,0.0,0.5092666666666666,7.056,6.0,-10,20.0,,6319.599505601451,0.0,680.4004943985492,0.0,44.466931691842305,optimal
2021-02-13 19:00:00,5,19,0.0,0.0,0.0,0.7459666666666667,9.3975,6.0,-10,20.103233956487532,,0.0,0.0,0.0,0.0,44.30817804190537,optimal
2021-02-13 19:30:00,5,19,0.0,0.0,0.0,0.26496666666666663,10.059,6.0,-10,20.07420910236186,,0.0,0.0,0.0,0.0,44.14958314561838,optimal
2021-02-13 20:00:00,5,19,0.0,0.0,0.0,0.3725,9.261,6.0,-10,20.034090867890384,,0.0,0.0,0.0,0.0,43.99114684422767,optimal
2021-02-13 20:30:00,5,19,0.19904761904761903,0.0,0.0,0.315,8.1585,6.0,-10,20.0,,0.0,0.0,696.6666666666666,0.0,43.832868979138354,optimal
2021-02-13 21:00:00,5,19,0.0,0.0,0.0,0.34926666666666667,9.4815,6.0,-10,19.96592065256771,,0.0,0.0,0.0,0.0,43.674749391914126,optimal
2021-02-13 21:30:00,5,19,0.0,0.0,0.0,1.8537333333333328,8.379,6.0,-10,19.93921450480527,,0.0,0.0,0.0,0.0,43.516787924277125,optimal
2021-02-13 22:00:00,5,19,0.0,0.0,0.0,0.5493666666666667,9.5235,6.0,-10,19.92227611915851,,0.0,0.0,0.0,0.0,43.47327113635285,optimal
2021-02-13 22:30:00,5,19,0.0,0.0,0.0,0.48353333333333337,8.1375,6.0,-10,19.89770316924972,,0.0,0.0,0.0,0.0,43.4297978652165,optimal
2021-02-13 23:00:00,5,19,0.0,0.0,0.0,0.1616,10.0905,6.0,-10,19.870392285474242,,0.0,0.0,0.0,0.0,43.386368067351285,optimal
2021-02-13 23:30:00,5,19,0.0,0.0,0.0,0.2855,7.539,6.0,-10,19.827387458957052,,0.0,0.0,0.0,0.0,43.34298169928393,optimal
2021-02-07 00:00:00,6,19,1.3646861669487094,0.0,1.7317207469365838,0.18406666666666663,0.882,6.0,-9,21.0,,4706.7349176538155,0.0,69.66666666666667,0.0,48.774567354794875,optimal
2021-02-07 00:30:00,6,19,0.9753333333333333,0.0,0.0,0.4836666666666667,1.5435,6.0,-9,21.05865770838444,,0.0,0.0,3413.6666666666665,0.0,48.72579278744007,optimal
2021-02-07 01:00:00,6,19,0.0,0.0,0.0,0.7329333333333333,1.5435,6.0,-9,21.02941386918933,,0.0,0.0,0.0,0.0,48.67706699465263,optimal
2021-02-07 01:30:00,6,19,0.0,0.0,0.0,1.4955666666666667,5.0715,6.0,-9,20.99794426775277,,0.0,0.0,0.0,0.0,48.62838992765797,optimal
2021-02-07 02:00:00,6,19,0.0,0.0,0.0,0.6826666666666666,5.376,6.0,-9,20.969681960502452,,0.0,0.0,0.0,0.0,48.579761537730306,optimal
2021-02-07 02:30:00,6,19,0.0,0.0,0.0,0.9487000000000001,5.0715,6.0,-9,20.938533158543265,,0.0,0.0,0.0,0.0,48.53118177619257,optimal
2021-02-07 03:00:00,6,19,0.0,0.0,0.0,1.6466666666666667,5.5125,6.0,-9,20.90897348711241,,0.0,0.0,0.0,0.0,48.48265059441637,optimal
2021-02-07 03:30:00,6,19,0.0,0.0,0.0,0.4230333333333334,9.261,6.0,-9,20.88686045056956,,0.0,0.0,0.0,0.0,48.434167943821954,optimal
2021-02-07 04:00:00,6,19,0.0,0.0,0.0,0.7733333333333333,11.7075,6.0,-9,20.857131101218286,,0.0,0.0,0.0,0.0,48.38573377587813,optimal
2021-02-07 04:30:00,6,19,0.0,0.0,0.0,1.6472666666666669,12.348,6.0,-9,20.825439287298714,,0.0,0.0,0.0,0.0,48.33734804210225,optimal
2021-02-07 05:00:00,6,19,0.0,0.0,0.0,2.159833333333333,12.348,6.0,-9,20.80272933750881,,0.0,0.0,0.0,0.0,48.289010694060146,optimal
2021-02-07 05:30:00,6,19,0.0,0.0,0.0,1.3788666666666665,12.1275,6.0,-9,20.796240293378816,,0.0,0.0,0.0,0.0,48.240721683366075,optimal
2021-02-07 06:00:00,6,19,0.0,0.0,0.0,0.8733666666666666,12.5265,6.0,-9,20.772994592879872,,0.0,0.0,0.0,0.0,48.192480961682705,optimal
2021-02-07 06:30:00,6,19,0.0,0.0,0.0,0.7331333333333333,11.7495,6.0,-9,20.746851889099766,,0.0,0.0,0.0,0.0,48.144288480721016,optimal
2021-02-07 07:00:00,6,19,0.0,0.0,0.0,2.2796666666666665,13.23,6.0,-9,20.71941292244551,,0.0,0.0,0.0,0.0,48.096144192240295,optimal
2021-02-07 07:30:00,6,19,0.0,0.0,0.0,1.4779666666666667,14.3325,6.0,-9,20.715187843633096,,0.0,0.0,0.0,0.0,48.048048048048045,optimal
2021-02-07 08:00:00,6,19,0.0,0.0,0.0,2.623266666666667,14.994,6.0,-9,20.69763247570871,,0.0,0.0,0.0,0.0,48.0,optimal
2021-02-07 08:30:00,6,19,0.0,0.0,0.0,1.8924333333333327,14.8155,6.0,-9,20.690662550787557,,0.0,0.0,0.0,0.0,47.85752070029812,optimal
2021-02-07 09:00:00,6,19,0.0,0.0,0.0,0.8253333333333334,14.112,6.0,-9,20.667731985140275,,0.0,0.0,0.0,0.0,47.71518387989594,optimal
2021-02-07 09:30:00,6,19,0.0,0.0,0.0,0.3862333333333334,14.007,6.0,-9,20.6362257105049,,0.0,0.0,0.0,0.0,47.57298939631416,optimal
2021-02-07 10:00:00,6,19,0.0,0.0,0.0,1.1965333333333332,13.23,6.0,-9,20.604587068886936,,0.0,0.0,0.0,0.0,47.43093710721597,optimal
2021-02-07 10:30:00,6,19,0.0,0.0,0.0,1.0788666666666666,11.382,6.0,-9,20.574802873289737,,0.0,0.0,0.0,0.0,47.28902687040687,optimal
2021-02-07 11:00:00,6,19,0.0,0.0,0.0,0.33916666666666667,11.7495,6.0,-9,20.539376854881915,,0.0,0.0,0.0,0.0,47.14725854383458,optimal
2021-02-07 11:30:00,6,19,0.0,0.0,0.0,0.09723333333333332,24.3285,6.0,-9,20.49997551626515,,0.0,0.0,0.0,0.0,47.00563198558886,optimal
2021-02-07 12:00:00,6,19,0.0,0.0,0.0,1.0775,28.917,6.0,-9,20.45498001219389,,0.0,0.0,0.0,0.0,46.86414705390139,optimal
2021-02-07 12:30:00,6,19,0.0,0.0,0.0,1.1046666666666667,31.3635,6.0,-9,20.423884637847223,,0.0,0.0,0.0,0.0,46.72280360714561,optimal
2021-02-07 13:00:00,6,19,0.0,0.0,0.0,0.8978666666666667,33.306,6.0,-9,20.388761629498156,,0.0,0.0,0.0,0.0,46.58160150383658,optimal
2021-02-07 13:30:00,6,19,0.0,0.0,0.0,0.5732,31.3425,6.0,-9,20.35212437230083,,0.0,0.0,0.0,0.0,46.44054060263086,optimal
2021-02-07 14:00:00,6,19,0.0,0.0,0.0,0.20353333333333334,28.2555,6.0,-9,20.308275851437408,,0.0,0.0,0.0,0.0,46.29962076232635,optimal
2021-02-07 14:30:00,6,19,0.0,0.0,0.0,0.13419999999999999,15.6975,6.0,-9,20.263213548667828,,0.0,0.0,0.0,0.0,46.15884184186214,optimal
2021-02-07 15:00:00,6,19,0.0,0.0,0.0,0.8361333333333333,12.5475,6.0,-9,20.216996640220206,,0.0,0.0,0.0,0.0,46.018203700318395,optimal
2021-02-07 15:30:00,6,19,0.0,0.0,0.0,0.4683,12.0855,6.0,-9,20.179614880617287,,0.0,0.0,0.0,0.0,45.87770619691619,optimal
2021-02-07 16:00:00,6,19,0.0,0.0,0.0,0.4918333333333333,11.907,6.0,-9,20.149671669457838,,0.0,0.0,0.0,0.0,45.737349191017394,optimal
2021-02-07 16:30:00,6,19,0.0,0.0,0.0,2.0591999999999997,12.5685,6.0,-9,20.120585844136816,,0.0,0.0,0.0,0.0,45.5971325421245,optimal
2021-02-07 17:00:00,6,19,0.0,0.0,0.0,0.9097333333333333,13.146,6.0,-9,20.120437406005056,,0.0,0.0,0.0,0.0,45.45705610988049,optimal
2021-02-07 17:30:00,6,19,0.0,0.0,0.0,1.8153,10.584,6.0,-9,20.1042730634951,,0.0,0.0,0.0,0.0,45.31711975406873,optimal
2021-02-07 18:00:00,6,19,0.0,0.0,0.0,1.6976333333333335,6.678,6.0,-9,20.09164359595092,,0.0,0.0,0.0,0.0,45.17732333461278,optimal
2021-02-07 18:30:00,6,19,0.0,0.0,0.0,1.1149666666666667,7.938,6.0,-9,20.07435825524888,,0.0,0.0,0.0,0.0,45.037666711576286,optimal
2021-02-07 19:00:00,6,19,0.0,0.0,0.0,2.0563000000000002,5.292,6.0,-9,20.055946039577382,,0.0,0.0,0.0,0.0,44.898149745162826,optimal
2021-02-07 19:30:00,6,19,0.0,0.0,0.0,0.9292,9.261,6.0,-9,20.041037756698227,,0.0,0.0,0.0,0.0,44.75877229571578,optimal
2021-02-07 20:00:00,6,19,0.0,0.0,0.0,0.2906333333333333,10.3635,6.0,-9,20.02262852625602,,0.0,0.0,0.0,0.0,44.61953422371818,optimal
2021-02-07 20:30:00,6,19,0.0,0.0,0.0,0.8982,8.274,6.0,-9,20.0,,0.0,0.0,0.0,0.0,44.48043538979258,optimal
2021-02-07 21:00:00,6,19,0.0,0.0,0.0,0.8083333333333333,7.7175,6.0,-9,19.981899518176398,,0.0,0.0,0.0,0.0,44.34147565470091,optimal
2021-02-07 21:30:00,6,19,0.0,0.0,0.0,1.6535333333333333,6.615,6.0,-9,19.963467710402675,,0.0,0.0,0.0,0.0,44.2971341790462,optimal
2021-02-07 22:00:00,6,19,0.0,0.0,0.0,0.9198999999999999,6.174,6.0,-9,19.948802210320544,,0.0,0.0,0.0,0.0,44.25283704486716,optimal
2021-02-07 22:30:00,6,19,0.0,0.0,0.0,0.46086666666666665,3.906,6.0,-9,19.928672774715913,,0.0,0.0,0.0,0.0,44.20858420782229,optimal
2021-02-07 23:00:00,6,19,0.0,0.0,0.0,0.9479333333333332,2.3415,6.0,-9,19.906569001244986,,0.0,0.0,0.0,0.0,44.16437562361447,optimal
2021-02-07 23:30:00,6,19,0.0,0.0,0.0,1.0822333333333332,2.205,6.0,-9,19.882009757587817,,0.0,0.0,0.0,0.0,44.12021124799085,optimal
2021-02-08 00:00:00,6,19,2.0,0.0,0.0,0.058,7.665,6.0,-3,19.882009757587817,,6721.333333333333,0.0,278.66666666666663,0.0,44.07609103674286,optimal
2021-02-08 00:30:00,6,19,2.0,0.0,0.0,0.20163333333333333,6.7725,6.0,-3,19.980852002783088,,0.0,0.0,7000.0,0.0,44.032014945706116,optimal
2021-02-08 01:00:00,6,19,2.0,0.0,0.0,0.05,5.5755,6.0,-3,19.94983485474456,,0.0,0.0,7000.0,0.0,43.98798293076041,optimal
2021-02-08 01:30:00,6,19,2.0,0.0,4.346024106676001,0.05,5.0925,6.0,-3,19.91024461583,,0.0,0.0,7000.0,0.0,46.00835639850075,optimal
2021-02-08 02:00:00,6,19,2.0,0.0,5.0,0.05,4.1895,6.0,-3,19.870627415396452,,6751.666666666667,0.0,248.33333333333334,0.0,48.33734804210225,optimal
2021-02-08 02:30:00,6,19,2.0,0.0,0.0,0.05,7.056,6.0,-3,19.967394828908187,,7000.0,0.0,0.0,0.0,48.289010694060146,optimal
2021-02-08 03:00:00,6,19,2.0,0.0,0.0,0.05,5.271,6.0,-3,20.069058471030203,,7000.0,0.0,0.0,0.0,48.240721683366075,optimal
2021-02-08 03:30:00,6,19,2.0,0.0,0.0,0.05,7.938,6.0,-3,20.17058830313903,,7000.0,0.0,0.0,0.0,48.192480961682705,optimal
2021-02-08 04:00:00,6,19,2.0,0.0,0.0,0.05,7.938,6.0,-3,20.27172566952148,,7000.0,0.0,0.0,0.0,48.144288480721016,optimal
2021-02-08 04:30:00,6,19,0.0,0.0,0.0,0.05,11.907,6.0,-3,20.37247158667275,,0.0,0.0,0.0,0.0,48.096144192240295,optimal
2021-02-08 05:00:00,6,19,2.0,0.0,0.0,0.052,11.025,6.0,-3,20.331268704400344,,1148.0,0.0,5852.0,0.0,48.048048048048045,optimal
2021-02-08 05:30:00,6,19,2.0,0.0,0.0,0.12866666666666665,11.2875,6.0,-3,20.314858893784717,,6860.666666666667,0.0,139.33333333333334,0.0,48.0,optimal
2021-02-08 06:00:00,6,19,0.0,0.0,0.0,0.164,12.936,6.0,-3,20.417105083642177,,0.0,0.0,0.0,0.0,47.83749113720983,optimal
2021-02-08 06:30:00,6,19,0.0,0.0,0.0,0.2007333333333333,13.0095,6.0,-3,20.38085166775593,,0.0,0.0,0.0,0.0,47.675144783282455,optimal
2021-02-08 07:00:00,6,19,0.0,0.0,0.0,0.17726666666666668,13.671,6.0,-3,20.34774210343527,,0.0,0.0,0.0,0.0,47.512960775709004,optimal
2021-02-08 07:30:00,6,19,0.0,0.0,0.0,0.07573333333333333,13.188,6.0,-3,20.317112287497217,,0.0,0.0,0.0,0.0,47.350938952143125,optimal
2021-02-08 08:00:00,6,19,0.0,0.0,0.0,0.05846666666666667,13.8495,6.0,-3,20.284351861902277,,0.0,0.0,0.0,0.0,47.189079150400815,optimal
2021-02-08 08:30:00,6,19,0.0,0.0,0.0,0.21,13.23,6.0,-3,20.252145411744408,,0.0,0.0,0.0,0.0,47.02738120846025,optimal
2021-02-08 09:00:00,6,19,0.0,0.0,0.0,0.21,13.3665,6.0,-3,20.224629874569676,,0.0,0.0,0.0,0.0,46.86584496446162,optimal
2021-02-08 09:30:00,6,19,0.0,0.0,0.0,1.6009333333333333,13.0515,6.0,-3,20.198842626350288,,0.0,0.0,0.0,0.0,46.70447025670699,optimal
2021-02-08 10:00:00,6,19,0.0,0.0,0.0,0.3865,13.5345,6.0,-3,20.176367668844083,,0.0,0.0,0.0,0.0,46.54325692366012,optimal
2021-02-08 10:30:00,6,19,0.0,0.0,0.0,0.5257999999999999,14.154,6.0,-3,20.14861048051625,,0.0,0.0,0.0,0.0,46.38220480394629,optimal
2021-02-08 11:00:00,6,19,0.0,0.0,0.0,0.4594,14.112,6.0,-3,20.125075738848512,,0.0,0.0,0.0,0.0,46.22131373635217,optimal
2021-02-08 11:30:00,6,19,0.0,0.0,0.0,0.5054333333333333,14.2485,6.0,-3,20.100554931431994,,0.0,0.0,0.0,0.0,46.06058355982565,optimal
2021-02-08 12:00:00,6,19,0.0,0.0,0.0,1.5163,12.789,6.0,-3,20.073893079653175,,0.0,0.0,0.0,0.0,45.900014113475656,optimal
2021-02-08 12:30:00,6,19,0.0,0.0,0.0,2.631866666666667,13.0095,6.0,-3,20.049581987678955,,0.0,0.0,0.0,0.0,45.73960523657201,optimal
2021-02-08 13:00:00,6,19,2.0,0.0,0.0,0.8145,12.1275,6.0,-3,20.027028824084365,,7000.0,0.0,0.0,0.0,45.579356768545274,optimal
2021-02-08 13:30:00,6,19,1.2567322912569827,0.0,0.0,0.26093333333333335,12.348,6.0,-3,20.132419814038215,,4398.563019399439,0.0,0.0,0.0,45.419268548986565,optimal
2021-02-08 14:00:00,6,19,2.0,0.0,0.0,0.5764,12.348,6.0,-3,20.176615718972247,,7000.0,0.0,0.0,0.0,45.25934041764741,optimal
2021-02-08 14:30:00,6,19,0.0,0.0,0.0,2.7226999999999997,25.389,6.0,-3,20.272244937223316,,0.0,0.0,0.0,0.0,45.0995722144396,optimal
2021-02-08 15:00:00,6,19,0.0,0.0,0.0,2.3091,29.1375,6.0,-3,20.23448192923193,,0.0,0.0,0.0,0.0,44.93996377943499,optimal
2021-02-08 15:30:00,6,19,0.0,0.0,0.0,0.06,30.597,6.0,-3,20.194756938514427,,0.0,0.0,0.0,0.0,44.78051495286539,optimal
2021-02-08 16:00:00,6,19,0.0,0.0,0.0,0.06,33.684,6.0,-3,20.146176118841588,,0.0,0.0,0.0,0.0,44.62122557512236,optimal
2021-02-08 16:30:00,6,19,0.0,0.0,0.0,0.084,32.445,6.0,-3,20.097850624224474,,0.0,0.0,0.0,0.0,44.46209548675707,optimal
2021-02-08 17:00:00,6,19,0.0,0.0,0.0,0.24930000000000002,28.917,6.0,-3,20.053484452080102,,0.0,0.0,0.0,0.0,44.30312452848015,optimal
2021-02-08 17:30:00,6,19,0.0,0.0,0.0,0.23536666666666667,15.876,6.0,-3,20.02505781974448,,0.0,0.0,0.0,0.0,44.1443125411615,optimal
2021-02-08 18:00:00,6,19,0.2422483765843138,0.0,0.0,2.8528000000000002,12.348,6.0,-3,20.0,,847.8693180450983,0.0,0.0,0.0,43.985659365830166,optimal
2021-02-08 18:30:00,6,19,0.56685967343694,0.0,0.0,2.536833333333333,12.1275,6.0,-3,20.0,,1984.0088570292896,0.0,0.0,0.0,43.82716484367417,optimal
2021-02-08 19:00:00,6,19,0.0,0.0,0.0,0.7465,12.348,6.0,-3,20.027477927784517,,0.0,0.0,0.0,0.0,43.668828816040325,optimal
2021-02-08 19:30:00,6,19,0.4707282735206164,0.0,0.0,0.27986666666666665,12.1275,6.0,-3,20.0,,1647.5489573221575,0.0,0.0,0.0,43.51065112443412,optimal
2021-02-08 20:00:00,6,19,0.4304889167104758,0.0,0.0,0.35383333333333333,12.1275,6.0,-3,20.0,,1506.7112084866653,0.0,0.0,0.0,43.352631610519516,optimal
2021-02-08 20:30:00,6,19,0.13933333333333334,0.0,0.0,0.4618333333333333,11.2665,6.0,-3,20.0,,0.0,0.0,487.6666666666667,0.0,43.19477011611883,optimal
2021-02-08 21:00:00,6,19,0.5374285714285715,0.0,0.0,1.74,10.143,6.0,-3,19.97384177910495,,0.0,0.0,1881.0,0.0,43.03706648321255,optimal
2021-02-08 21:30:00,6,19,0.0,0.0,0.0,0.41783333333333333,11.2455,6.0,-3,19.9514222776803,,0.0,0.0,0.0,0.0,42.879520553939166,optimal
2021-02-08 22:00:00,6,19,0.0,0.0,0.0,0.39463333333333334,11.025,6.0,-3,19.92438686688121,,0.0,0.0,0.0,0.0,42.72213217059506,optimal
2021-02-08 22:30:00,6,19,0.0199047619047619,0.0,0.0,0.26326666666666665,5.9745,6.0,-3,19.899154094814193,,0.0,0.0,69.66666666666666,0.0,42.5649011756343,optimal
2021-02-08 23:00:00,6,19,0.0,0.0,0.0,2.0942,7.938,6.0,-3,19.87298220182921,,0.0,0.0,0.0,0.0,42.52233627445866,optimal
2021-02-08 23:30:00,6,19,0.0,0.0,0.0,2.559,8.6835,6.0,-3,19.854798320297316,,0.0,0.0,0.0,0.0,42.4798139381842,optimal
2021-02-09 00:00:00,6,19,2.0,0.0,0.0,0.059,13.4715,6.0,19,19.854798320297316,,7000.0,0.0,0.0,0.0,42.437334124246014,optimal
2021-02-09 00:30:00,6,19,2.0,0.0,2.9972943364666844,0.059,13.23,6.0,19,19.95470764228221,,3586.3333333333335,0.0,3413.6666666666665,0.0,43.818611599943445,optimal
2021-02-09 01:00:00,6,19,1.843659117489091,0.0,0.0,0.059,13.8915,6.0,19,19.985517555835973,,6452.806911211819,0.0,0.0,0.0,43.7747929883435,optimal
2021-02-09 01:30:00,6,19,0.0,0.0,0.0,0.1778,26.9325,6.0,19,20.07429175767898,,0.0,0.0,0.0,0.0,43.73101819535515,optimal
2021-02-09 02:00:00,6,19,0.0,0.0,0.0,0.0854,30.303,6.0,19,20.03460397357944,,0.0,0.0,0.0,0.0,43.68728717715979,optimal
2021-02-09 02:30:00,6,19,0.0,0.0,0.0,0.06559999999999999,32.886,6.0,19,19.992893118472626,,0.0,0.0,0.0,0.0,43.643599889982625,optimal
2021-02-09 03:00:00,6,19,0.0,0.0,0.0,0.19693333333333332,34.9965,6.0,19,19.95101975493457,,0.0,0.0,0.0,0.0,43.59995629009264,optimal
2021-02-09 03:30:00,6,19,0.0,0.0,0.0,0.059,33.327,6.0,19,19.91266414818466,,0.0,0.0,0.0,0.0,43.55635633380254,optimal
2021-02-09 04:00:00,6,19,0.0,0.0,0.0,0.1844,31.122,6.0,19,19.871253735724892,,0.0,0.0,0.0,0.0,43.51279997746874,optimal
2021-02-09 04:30:00,6,19,0.0,0.0,0.0,0.0788,17.9025,6.0,19,19.83274317652193,,0.0,0.0,0.0,0.0,43.46928717749127,optimal
2021-02-09 05:00:00,6,19,0.0,0.0,0.0,0.059,15.6555,6.0,19,19.791939802845114,,0.0,0.0,0.0,0.0,43.42581789031377,optimal
2021-02-09 05:30:00,6,19,0.0,0.0,0.0,0.059,14.553,6.0,19,19.75058306691316,,0.0,0.0,0.0,0.0,43.38239207242345,optimal
2021-02-09 06:00:00,6,19,0.0,0.0,0.0,0.059,14.3325,6.0,19,19.709333445871927,,0.0,0.0,0.0,0.0,43.339009680351026,optimal
2021-02-09 06:30:00,6,19,2.0,0.0,5.0,0.10406666666666667,13.335,6.0,19,19.66819066229141,,7000.0,0.0,0.0,0.0,45.670670670670674,optimal
2021-02-09 07:00:00,6,19,2.0,0.0,5.0,0.2528333333333333,12.1275,6.0,19,19.77277883055293,,7000.0,0.0,0.0,0.0,48.0,optimal
2021-02-09 07:30:00,6,19,2.0,0.0,0.0,0.20426666666666668,12.2955,6.0,19,19.892808664986145,,7000.0,0.0,0.0,0.0,47.43237957534296,optimal
2021-02-09 08:00:00,6,19,0.6843452347715487,0.0,0.0,0.2578666666666667,11.6865,6.0,19,20.0,,2255.874988367087,0.0,139.33333333333331,0.0,46.865326771110574,optimal
2021-02-09 08:30:00,6,19,0.7179560201531348,0.0,0.0,0.069,11.466,6.0,19,20.0,,2512.8460705359716,0.0,0.0,0.0,46.29884101968242,optimal
2021-02-09 09:00:00,6,19,2.0,0.0,0.0,0.16293333333333335,10.8045,6.0,19,20.0,,2202.3504339119363,0.0,4797.649566088064,0.0,45.732921754005694,optimal
2021-02-09 09:30:00,6,19,2.0,0.0,0.0,0.3386,10.584,6.0,19,20.0,,1800.8925982497676,0.0,5199.107401750232,0.0,45.16756840759464,optimal
2021-02-09 10:00:00,6,19,2.0,0.0,0.0,0.4918,11.2455,6.0,19,20.0,,5605.594488726304,0.0,1394.405511273696,0.0,44.60278041453001,optimal
2021-02-09 10:30:00,6,19,0.0,0.0,0.0,0.3355666666666667,12.1275,6.0,19,20.084851118085982,,0.0,0.0,0.0,0.0,44.03855720945844,optimal
2021-02-09 11:00:00,6,19,0.0,0.0,0.0,1.208,11.823,6.0,19,20.054067500755608,,0.0,0.0,0.0,0.0,43.474898227591936,optimal
2021-02-09 11:30:00,6,19,0.0,0.0,0.0,1.1760333333333333,11.7705,6.0,19,20.029056898835,,0.0,0.0,0.0,0.0,42.9118029047073,optimal
2021-02-09 12:00:00,6,19,2.0,0.0,0.0,0.4226666666666667,11.13,6.0,19,20.0,,2955.6409565678146,0.0,4044.3590434321854,0.0,42.349270677145554,optimal
2021-02-09 12:30:00,6,19,0.0,0.0,0.0,0.43460000000000004,11.6865,6.0,19,20.027408686589283,,0.0,0.0,0.0,0.0,41.78730098181137,optimal
2021-02-09 13:00:00,6,19,2.0,0.0,0.0,0.5206000000000001,10.7205,6.0,19,20.0,,3695.188189210844,0.0,3304.811810789156,0.0,41.22589325617252,optimal
2021-02-09 13:30:00,6,19,0.0,0.0,0.0,2.849833333333333,11.424,6.0,19,20.05384473063389,,0.0,0.0,0.0,0.0,40.6650469382593,optimal
2021-02-09 14:00:00,6,19,2.0,0.0,0.0,2.9977,10.689,6.0,19,20.033688755055714,,7000.0,0.0,0.0,0.0,40.104761466664,optimal
2021-02-09 14:30:00,6,19,1.2141325238395497,0.0,0.0,0.4929333333333333,11.361,6.0,19,20.157999821149875,,4249.463833438424,0.0,0.0,0.0,39.545036280540295,optimal
2021-02-09 15:00:00,6,19,0.0,0.0,0.0,1.7201,11.571,6.0,19,20.217879232577243,,0.0,0.0,0.0,0.0,38.98587081960271,optimal
2021-02-09 15:30:00,6,19,0.0,0.0,0.0,0.4081666666666667,14.3745,6.0,19,20.199470165265836,,0.0,0.0,0.0,0.0,38.427264524126066,optimal
2021-02-09 16:00:00,6,19,0.0,0.0,0.0,0.3404333333333333,13.23,6.0,19,20.17642573147283,,0.0,0.0,0.0,0.0,37.8692168349449,optimal
2021-02-09 16:30:00,6,19,0.0,0.0,0.0,0.6497333333333334,13.9755,6.0,19,20.156079639925917,,0.0,0.0,0.0,0.0,37.31172719345292,optimal
2021-02-09 17:00:00,6,19,0.0,0.0,0.0,0.48473333333333335,14.994,6.0,19,20.137513577642746,,0.0,0.0,0.0,0.0,36.75479504160242,optimal
2021-02-09 17:30:00,6,19,0.0,0.0,0.0,0.9070333333333331,13.671,6.0,19,20.118181119021383,,0.0,0.0,0.0,0.0,36.19841982190378,optimal
2021-02-09 18:00:00,6,19,0.0,0.0,0.0,3.579133333333333,15.981,6.0,19,20.105835495476104,,0.0,0.0,0.0,0.0,35.642600977424834,optimal
2021-02-09 18:30:00,6,19,0.0,0.0,0.0,0.3186666666666667,15.6345,6.0,19,20.120622325404106,,0.0,0.0,0.0,0.0,35.08733795179037,optimal
2021-02-09 19:00:00,6,19,0.0,0.0,0.0,0.46586666666666665,16.5375,6.0,19,20.101606729208626,,0.0,0.0,0.0,0.0,34.53263018918153,optimal
2021-02-09 19:30:00,6,19,0.0,0.0,0.0,0.34646666666666665,14.7735,6.0,19,20.07547808220026,,0.0,0.0,0.0,0.0,33.97847713433531,optimal
2021-02-09 20:00:00,6,19,0.0,0.0,0.0,0.2823,15.2145,6.0,19,20.042416245576124,,0.0,0.0,0.0,0.0,33.42487823254393,optimal
2021-02-09 20:30:00,6,19,0.0,0.0,0.0,0.39266666666666666,14.553,6.0,19,20.0,,0.0,0.0,0.0,0.0,32.871832929654346,optimal
2021-02-09 21:00:00,6,19,0.0,0.0,0.0,0.2774333333333333,14.3325,6.0,19,19.966086959629298,,0.0,0.0,0.0,0.0,32.319340672067646,optimal
2021-02-09 21:30:00,6,19,0.0,0.0,0.0,1.3025333333333333,14.595,6.0,19,19.932658039588436,,0.0,0.0,0.0,0.0,31.767400906738537,optimal
2021-02-09 22:00:00,6,19,0.0,0.0,0.0,0.9919666666666668,14.994,6.0,19,19.926418753572577,,0.0,0.0,0.0,0.0,31.7356335058318,optimal
2021-02-09 22:30:00,6,19,0.0,0.0,0.0,1.182,14.3325,6.0,19,19.91689820899003,,0.0,0.0,0.0,0.0,31.703897872325967,optimal
2021-02-09 23:00:00,6,19,0.0,0.0,0.0,0.6325,13.8915,6.0,19,19.908030865822354,,0.0,0.0,0.0,0.0,31.67219397445364,optimal
2021-02-09 23:30:00,6,19,0.0,0.0,0.0,2.0742,13.8915,6.0,19,19.889675256262894,,0.0,0.0,0.0,0.0,31.640521780479187,optimal
2021-02-10 00:00:00,6,19,0.0,0.0,0.0,0.058,34.9965,6.0,14,19.889675256262894,,0.0,0.0,0.0,0.0,31.60888125869871,optimal
2021-02-10 00:30:00,6,19,0.0,0.0,0.0,0.058,34.9965,6.0,14,19.847543337881113,,0.0,0.0,0.0,0.0,31.57727237744001,optimal
2021-02-10 01:00:00,6,19,0.0,0.0,0.0,0.058,34.9965,6.0,14,19.80526153984613,,0.0,0.0,0.0,0.0,31.54569510506257,optimal
2021-02-10 01:30:00,6,19,0.0,0.0,0.0,0.058,34.9965,6.0,14,19.762830250349666,,0.0,0.0,0.0,0.0,31.514149409957508,optimal
2021-02-10 02:00:00,6,19,0.0,0.0,0.0,0.058,27.741,6.0,14,19.720249856578025,,0.0,0.0,0.0,0.0,31.48263526054755,optimal
2021-02-10 02:30:00,6,19,0.0,0.0,0.0,0.058,19.026,6.0,14,19.67752074471469,,0.0,0.0,0.0,0.0,31.451152625287,optimal
2021-02-10 03:00:00,6,19,0.0,0.0,0.0,0.058,18.7215,6.0,14,19.634902302227093,,0.0,0.0,0.0,0.0,31.419701472661714,optimal
2021-02-10 03:30:00,6,19,0.0,0.0,0.0,0.058,17.4195,6.0,14,19.59239424247902,,0.0,0.0,0.0,0.0,31.388281771189053,optimal
2021-02-10 04:00:00,6,19,0.0,0.0,0.0,0.058,16.758,6.0,14,19.549996279576654,,0.0,0.0,0.0,0.0,31.356893489417864,optimal
2021-02-10 04:30:00,6,19,0.0,0.0,0.0,0.058,14.217,6.0,14,19.50770812836665,,0.0,0.0,0.0,0.0,31.325536595928448,optimal
2021-02-10 05:00:00,6,19,1.318574681620205,0.0,0.7398673324637397,0.059,13.3665,6.0,14,19.46527050215004,,2873.3447190040515,0.0,1741.6666666666667,0.0,31.64564804225279,optimal
2021-02-10 05:30:00,6,19,2.0,0.0,5.0,0.068,12.789,6.0,14,19.480737198979842,,7000.0,0.0,0.0,0.0,33.98900239421053,optimal
2021-02-10 06:00:00,6,19,2.0,0.0,5.0,0.061,11.907,6.0,14,19.579280286430897,,7000.0,0.0,0.0,0.0,36.33001339181632,optimal
2021-02-10 06:30:00,6,19,2.0,0.0,5.0,0.058,11.7075,6.0,14,19.67730914275037,,7000.0,0.0,0.0,0.0,38.668683378424504,optimal
2021-02-10 07:00:00,6,19,2.0,0.0,5.0,0.059033333333333333,10.8045,6.0,14,19.77560210666118,,7000.0,0.0,0.0,0.0,41.00501469504607,optimal
2021-02-10 07:30:00,6,19,2.0,0.0,5.0,0.8162,11.508,6.0,14,19.878449176431094,,7000.0,0.0,0.0,0.0,43.339009680351026,optimal
2021-02-10 08:00:00,6,19,0.42849107664221353,0.0,5.0,0.8008333333333334,11.508,6.0,14,20.0,,872.7187682477476,0.0,627.0,0.0,45.670670670670674,optimal
2021-02-10 08:30:00,6,19,0.46188767937318637,0.0,5.0,1.0352000000000001,11.508,6.0,14,20.0,,1059.2735444728187,0.0,557.3333333333334,0.0,48.0,optimal
2021-02-10 09:00:00,6,19,0.0,0.0,0.0,4.809966666666666,11.844,6.0,14,20.0,,0.0,0.0,0.0,0.0,47.81670023378573,optimal
2021-02-10 09:30:00,6,19,0.16748361005784318,0.0,0.0,2.7975333333333334,11.508,6.0,14,20.00671905099219,,168.1926352024511,0.0,418.0,0.0,47.633583767337676,optimal
2021-02-10 10:00:00,6,19,1.958411934734579,0.0,0.0,0.8841333333333333,11.508,6.0,14,20.0,,1146.3977207791922,0.0,5708.044050791835,0.0,47.45065041735607,optimal
2021-02-10 10:30:00,6,19,2.0,0.0,0.0,0.2686,10.4475,6.0,14,20.0,,3442.3773841251686,0.0,3557.6226158748314,0.0,47.26790000072445,optimal
2021-02-10 11:00:00,6,19,2.0,0.0,0.0,0.2339333333333333,10.8675,6.0,14,20.03285611864214,,7000.0,0.0,0.0,0.0,47.08533233450946,optimal
2021-02-10 11:30:00,6,19,2.0,0.0,0.0,0.13116666666666665,10.542,6.0,14,20.13366489334825,,7000.0,0.0,0.0,0.0,46.90294723596068,optimal
2021-02-10 12:00:00,6,19,2.0,0.0,0.0,0.068,11.025,6.0,14,20.228596887732312,,7000.0,0.0,0.0,0.0,46.72074452251045,optimal
2021-02-10 12:30:00,6,19,2.0,0.0,0.0,0.068,11.025,6.0,14,20.32060231013169,,7000.0,0.0,0.0,0.0,46.538724011773674,optimal
2021-02-10 13:00:00,6,19,0.0,0.0,0.0,0.068,14.553,6.0,14,20.412369436385482,,0.0,0.0,0.0,0.0,46.35688552154763,optimal
2021-02-10 13:30:00,6,19,0.0,0.0,0.0,0.068,13.0935,6.0,14,20.362470020489752,,0.0,0.0,0.0,0.0,46.17522886981182,optimal
2021-02-10 14:00:00,6,19,0.0,0.0,0.0,0.359,15.6345,6.0,14,20.313217849789346,,0.0,0.0,0.0,0.0,45.99375387472774,optimal
2021-02-10 14:30:00,6,19,0.0,0.0,0.0,0.35769999999999996,18.102,6.0,14,20.2764306597965,,0.0,0.0,0.0,0.0,45.812460354638745,optimal
2021-02-10 15:00:00,6,19,0.0,0.0,0.0,0.2888,17.199,6.0,14,20.23705227454145,,0.0,0.0,0.0,0.0,45.63134812806984,optimal
2021-02-10 15:30:00,6,19,0.0,0.0,0.0,0.5561333333333334,18.2805,6.0,14,20.199081738822724,,0.0,0.0,0.0,0.0,45.4504170137275,optimal
2021-02-10 16:00:00,6,19,0.0,0.0,0.0,2.2720333333333333,17.4615,6.0,14,20.1713162180491,,0.0,0.0,0.0,0.0,45.26966683049951,optimal
2021-02-10 16:30:00,6,19,0.0,0.0,0.0,0.6554,18.3225,6.0,14,20.169770410195863,,0.0,0.0,0.0,0.0,45.08909739745474,optimal
2021-02-10 17:00:00,6,19,0.0,0.0,0.0,0.5924666666666667,17.094,6.0,14,20.15234428814935,,0.0,0.0,0.0,0.0,44.90870853384302,optimal
2021-02-10 17:30:00,6,19,0.0,0.0,0.0,1.5207666666666668,17.094,6.0,14,20.124620836681714,,0.0,0.0,0.0,0.0,44.728500059094905,optimal
2021-02-10 18:00:00,6,19,0.0,0.0,0.0,0.2524,17.094,6.0,14,20.102770392213994,,0.0,0.0,0.0,0.0,44.548471792821545,optimal
2021-02-10 18:30:00,6,19,0.0,0.0,0.0,1.5603,17.3565,6.0,14,20.07841633378599,,0.0,0.0,0.0,0.0,44.368623554814455,optimal
2021-02-10 19:00:00,6,19,0.0,0.0,0.0,1.6129333333333333,17.115,6.0,14,20.078161852606073,,0.0,0.0,0.0,0.0,44.18895516504537,optimal
2021-02-10 19:30:00,6,19,0.0,0.0,0.0,0.33986666666666665,17.241,6.0,14,20.065199291221607,,0.0,0.0,0.0,0.0,44.00946644366606,optimal
2021-02-10 20:00:00,6,19,0.0,0.0,0.0,0.3372,17.094,6.0,14,20.03317306555439,,0.0,0.0,0.0,0.0,43.83015721100812,optimal
2021-02-10 20:30:00,6,19,0.0,0.0,0.0,0.2886666666666667,16.5165,6.0,14,20.0,,0.0,0.0,0.0,0.0,43.65102728758285,optimal
2021-02-10 21:00:00,6,19,0.0,0.0,0.0,0.641,17.8185,6.0,14,19.966843291200085,,0.0,0.0,0.0,0.0,43.472076494081,optimal
2021-02-10 21:30:00,6,19,0.0,0.0,0.0,2.251866666666667,17.094,6.0,14,19.94144983112402,,0.0,0.0,0.0,0.0,43.29330465137265,optimal
2021-02-10 22:00:00,6,19,0.0,0.0,0.0,2.4834,16.8945,6.0,14,19.91294471488289,,0.0,0.0,0.0,0.0,43.11471158050701,optimal
2021-02-10 22:30:00,6,19,0.0,0.0,0.0,0.6766,18.123,6.0,14,19.881730116835218,,0.0,0.0,0.0,0.0,42.93629710271224,optimal
2021-02-10 23:00:00,6,19,0.0,0.0,0.0,0.5892666666666666,31.647,6.0,14,19.84107089844445,,0.0,0.0,0.0,0.0,42.75806103939526,optimal
2021-02-10 23:30:00,6,19,0.0,0.0,0.0,1.4195,34.9965,6.0,14,19.803002064614034,,0.0,0.0,0.0,0.0,42.715302978355865,optimal
2021-02-11 00:00:00,6,19,0.0,0.0,0.0,0.2854333333333333,19.1625,6.0,-14,19.803002064614034,,0.0,0.0,0.0,0.0,42.67258767537751,optimal
2021-02-11 00:30:00,6,19,0.0,0.0,0.0,0.39230000000000004,26.46,6.0,-14,19.756963082110026,,0.0,0.0,0.0,0.0,42.62991508770213,optimal
2021-02-11 01:00:00,6,19,0.0398095238095238,0.0,0.0,0.38403333333333334,20.79,6.0,-14,19.71515863756859,,0.0,0.0,139.33333333333331,0.0,42.58728517261443,optimal
2021-02-11 01:30:00,6,19,0.0,0.0,0.0,0.3192333333333333,29.106,6.0,-14,19.674928329407773,,0.0,0.0,0.0,0.0,42.544697887441814,optimal
2021-02-11 02:00:00,6,19,0.0,0.0,0.0,0.4636,19.1835,6.0,-14,19.633964421018963,,0.0,0.0,0.0,0.0,42.50215318955437,optimal
2021-02-11 02:30:00,6,19,0.0,0.0,0.0,0.3729333333333333,19.6665,6.0,-14,19.595807901370204,,0.0,0.0,0.0,0.0,42.45965103636482,optimal
2021-02-11 03:00:00,6,19,0.0,0.0,0.0,0.2813333333333333,19.404,6.0,-14,19.5571275314758,,0.0,0.0,0.0,0.0,42.41719138532845,optimal
2021-02-11 03:30:00,6,19,1.6809823953162868,0.0,0.0,0.06696666666666667,19.047,6.0,-14,19.51834626082549,,0.0,0.0,5883.438383607004,0.0,42.374774193943125,optimal
2021-02-11 04:00:00,6,19,2.0,0.0,0.0,0.23436666666666667,18.858,6.0,-14,19.467385668721437,,3826.7717169403372,0.0,3173.2282830596628,0.0,42.33239941974918,optimal
2021-02-11 04:30:00,6,19,0.0,0.0,0.0,0.158,19.2675,6.0,-14,19.497903309169068,,0.0,0.0,0.0,0.0,42.29006702032943,optimal
2021-02-11 05:00:00,6,19,2.0,0.0,0.0,0.1129,18.963,6.0,-14,19.449482419175855,,7000.0,0.0,0.0,0.0,42.2477769533091,optimal
2021-02-11 05:30:00,6,19,2.0,0.0,0.0,0.14996666666666666,18.438,6.0,-14,19.54170459734697,,7000.0,0.0,0.0,0.0,42.20552917635579,optimal
2021-02-11 06:00:00,6,19,2.0,0.0,0.0,0.32366666666666666,18.7425,6.0,-14,19.63573758983572,,7000.0,0.0,0.0,0.0,42.16332364717943,optimal
2021-02-11 06:30:00,6,19,2.0,0.0,5.0,0.2786666666666667,15.2145,6.0,-14,19.738465639157063,,7000.0,0.0,0.0,0.0,44.49616032353225,optimal
2021-02-11 07:00:00,6,19,2.0,0.0,2.56632948939359,0.2978,17.7765,6.0,-14,19.84555466500868,,7000.0,0.0,0.0,0.0,45.670670670670674,optimal
2021-02-11 07:30:00,6,19,2.0,0.0,5.0,0.5698333333333334,16.758,6.0,-14,19.9525242202937,,7000.0,0.0,0.0,0.0,48.0,optimal
2021-02-11 08:00:00,6,19,2.0,0.0,0.0,1.1688666666666665,16.422,6.0,-14,20.061396941641476,,7000.0,0.0,0.0,0.0,47.290606923268506,optimal
2021-02-11 08:30:00,6,19,2.0,0.0,0.0,0.5017666666666667,16.758,6.0,-14,20.16412638941813,,7000.0,0.0,0.0,0.0,46.581923239613744,optimal
2021-02-11 09:00:00,6,19,0.0,0.0,0.0,1.6181333333333334,29.358,6.0,-14,20.265501795404525,,0.0,0.0,0.0,0.0,45.87394823964264,optimal
2021-02-11 09:30:00,6,19,0.0,0.0,0.0,0.49126666666666663,34.9965,6.0,-14,20.239673433063608,,0.0,0.0,0.0,0.0,45.1666812146715,optimal
2021-02-11 10:00:00,6,19,0.0,0.0,0.0,0.5197333333333334,34.65,6.0,-14,20.20311215094501,,0.0,0.0,0.0,0.0,44.46012145672533,optimal
2021-02-11 10:30:00,6,19,0.0,0.0,0.0,1.887,34.9965,6.0,-14,20.167966742112217,,0.0,0.0,0.0,0.0,43.75426825853712,optimal
2021-02-11 11:00:00,6,19,0.0,0.0,0.0,0.4244666666666666,34.9965,6.0,-14,20.135884878764138,,0.0,0.0,0.0,0.0,43.049120913547085,optimal
2021-02-11 11:30:00,6,19,0.0,0.0,0.0,0.29986666666666667,30.4815,6.0,-14,20.095057534300267,,0.0,0.0,0.0,0.0,42.34467871590205,optimal
2021-02-11 12:00:00,6,19,0.0,0.0,0.0,0.223,21.4305,6.0,-14,20.04736762419404,,0.0,0.0,0.0,0.0,41.64094096045466,optimal
2021-02-11 12:30:00,6,19,0.6579873819915001,0.0,0.0,0.1971,14.3325,6.0,-14,20.0,,2302.9558369702504,0.0,0.0,0.0,40.93790694276271,optimal
2021-02-11 13:00:00,6,19,1.1294423137619918,0.0,0.0,0.4184666666666666,13.692,6.0,-14,20.0,,3953.0480981669707,0.0,0.0,0.0,40.23557595908845,optimal
2021-02-11 13:30:00,6,19,0.0,0.0,0.0,0.08486666666666666,14.007,6.0,-14,20.044981063284737,,0.0,0.0,0.0,0.0,39.53394730639787,optimal
2021-02-11 14:00:00,6,19,0.6213558093333466,0.0,0.0,0.11786666666666666,12.873,6.0,-14,20.0,,2174.745332666713,0.0,0.0,0.0,38.83302028235998,optimal
2021-02-11 14:30:00,6,19,0.5828608021731753,0.0,0.0,0.29746666666666666,12.684,6.0,-14,20.0,,2040.0128076061133,0.0,0.0,0.0,38.13279418534613,optimal
2021-02-11 15:00:00,6,19,0.5832134338227394,0.0,0.0,0.15976666666666667,12.306,6.0,-14,20.0,,2041.2470183795879,0.0,0.0,0.0,37.43326831442929,optimal
2021-02-11 15:30:00,6,19,2.0,0.0,0.0,1.0193666666666668,10.6365,6.0,-14,20.0,,4479.324715098728,0.0,2520.675284901272,0.0,36.73444196938337,optimal
2021-02-11 16:00:00,6,19,0.0,0.0,0.0,2.0551999999999997,11.2455,6.0,-14,20.06300647747677,,0.0,0.0,0.0,0.0,36.03631445068249,optimal
2021-02-11 16:30:00,6,19,0.0,0.0,0.0,0.5838666666666666,11.2455,6.0,-14,20.04546806960978,,0.0,0.0,0.0,0.0,35.33888505950031,optimal
2021-02-11 17:00:00,6,19,2.0,0.0,0.0,0.6218666666666667,11.025,6.0,-14,20.008451569403988,,7000.0,0.0,0.0,0.0,34.64215309770932,optimal
2021-02-11 17:30:00,6,19,0.0,0.0,0.0,0.4779,12.0855,6.0,-14,20.11126426997116,,0.0,0.0,0.0,0.0,33.94611786788012,optimal
2021-02-11 18:00:00,6,19,0.0,0.0,0.0,0.4008333333333333,11.6865,6.0,-14,20.075396543209006,,0.0,0.0,0.0,0.0,33.25077867328075,optimal
2021-02-11 18:30:00,6,19,0.0,0.0,0.0,0.45196666666666657,11.2245,6.0,-14,20.03928107061593,,0.0,0.0,0.0,0.0,32.55613481787598,optimal
2021-02-11 19:00:00,6,19,0.7865610377634852,0.0,0.0,0.46026666666666666,11.025,6.0,-14,20.0,,1929.6389170734699,0.0,823.3247150987283,0.0,31.862185606326612,optimal
2021-02-11 19:30:00,6,19,1.1762178064188882,0.0,0.0,0.5624,10.7835,6.0,-14,20.0,,4116.762322466108,0.0,0.0,0.0,31.168930343988794,optimal
2021-02-11 20:00:00,6,19,0.0,0.0,0.0,1.0127000000000002,11.025,6.0,-14,20.045570450761126,,0.0,0.0,0.0,0.0,30.476368336913314,optimal
2021-02-11 20:30:00,6,19,0.17914285714285713,0.0,0.0,0.2821666666666667,10.584,6.0,-14,20.0,,0.0,0.0,627.0,0.0,30.4458919685764,optimal
2021-02-11 21:00:00,6,19,0.0,0.0,0.0,0.42119999999999996,11.025,6.0,-14,19.957860365917114,,0.0,0.0,0.0,0.0,30.415446076607825,optimal
2021-02-11 21:30:00,6,19,0.9554285714285713,0.0,0.0,0.4768,10.4265,6.0,-14,19.91202852142608,,0.0,0.0,3343.9999999999995,0.0,30.38503063053122,optimal
2021-02-11 22:00:00,6,19,0.0,0.0,0.0,0.3832,12.789,6.0,-14,19.86464923209033,,0.0,0.0,0.0,0.0,30.35464559990069,optimal
2021-02-11 22:30:00,6,19,0.0,0.0,0.0,0.5395666666666667,12.684,6.0,-14,19.81722161094958,,0.0,0.0,0.0,0.0,30.32429095430079,optimal
2021-02-11 23:00:00,6,19,0.0,0.0,0.0,0.535,16.254,6.0,-14,19.772299924881015,,0.0,0.0,0.0,0.0,30.293966663346488,optimal
2021-02-11 23:30:00,6,19,0.0,0.0,0.0,0.2384,17.64,6.0,-14,19.725525715302496,,0.0,0.0,0.0,0.0,30.26367269668314,optimal
2021-02-12 00:00:00,6,19,2.0,0.0,0.0,0.07526666666666666,11.025,6.0,-2,19.725525715302496,,7000.0,0.0,0.0,0.0,30.233409023986457,optimal
2021-02-12 00:30:00,6,19,2.0,0.0,5.0,0.2282333333333333,10.3635,6.0,-2,19.80841830149219,,0.0,0.0,7000.0,0.0,32.578175614962475,optimal
2021-02-12 01:00:00,6,19,2.0,0.0,4.674198592578292,0.061,10.8045,6.0,-2,19.755958895064676,,0.0,0.0,7000.0,0.0,34.76584177082219,optimal
2021-02-12 01:30:00,6,19,2.0,0.0,5.0,0.121,10.059,6.0,-2,19.693670012628928,,6430.942725080273,0.0,569.0572749197272,0.0,37.10607592905137,optimal
2021-02-12 02:00:00,6,19,2.0,0.0,5.0,0.16193333333333335,10.584,6.0,-2,19.76294526908288,,7000.0,0.0,0.0,0.0,39.44396985312232,optimal
2021-02-12 02:30:00,6,19,2.0,0.0,5.0,0.11433333333333331,9.4185,6.0,-2,19.844624428769105,,7000.0,0.0,0.0,0.0,41.779525883269194,optimal
2021-02-12 03:00:00,6,19,2.0,0.0,5.0,0.08433333333333333,10.3635,6.0,-2,19.92590732815078,,7000.0,0.0,0.0,0.0,44.112746357385916,optimal
2021-02-12 03:30:00,6,19,2.0,0.0,5.0,0.19193333333333332,9.8385,6.0,-2,20.007150586120755,,7000.0,0.0,0.0,0.0,46.443633611028524,optimal
2021-02-12 04:00:00,6,19,2.0,0.0,0.0,0.061,11.067,6.0,-2,20.09217040185031,,7000.0,0.0,0.0,0.0,46.3971899774175,optimal
2021-02-12 04:30:00,6,19,2.0,0.0,5.0,0.11433333333333331,10.8465,6.0,-2,20.17613763709714,,7000.0,0.0,0.0,0.0,48.72579278744007,optimal
2021-02-12 05:00:00,6,19,0.0,0.0,0.0,0.08113333333333334,13.671,6.0,-2,20.262777964517223,,0.0,0.0,0.0,0.0,48.67706699465263,optimal
2021-02-12 05:30:00,6,19,2.0,0.0,0.0,0.1418,12.348,6.0,-2,20.208907267694013,,7000.0,0.0,0.0,0.0,48.62838992765797,optimal
2021-02-12 06:00:00,6,19,0.0,0.0,0.0,0.274,14.3325,6.0,-2,20.299902695204285,,0.0,0.0,0.0,0.0,48.579761537730306,optimal
2021-02-12 06:30:00,6,19,0.0,0.0,0.0,0.46326666666666666,15.393,6.0,-2,20.258102938379306,,0.0,0.0,0.0,0.0,48.53118177619257,optimal
2021-02-12 07:00:00,6,19,0.0,0.0,0.0,0.071,13.587,6.0,-2,20.225154830996683,,0.0,0.0,0.0,0.0,48.48265059441637,optimal
2021-02-12 07:30:00,6,19,0.0,0.0,0.0,0.3322,16.1385,6.0,-2,20.175636843715353,,0.0,0.0,0.0,0.0,48.434167943821954,optimal
2021-02-12 08:00:00,6,19,0.0,0.0,0.0,0.1296,14.595,6.0,-2,20.12993422344687,,0.0,0.0,0.0,0.0,48.38573377587813,optimal
2021-02-12 08:30:00,6,19,0.0,0.0,0.0,0.2718,14.637,6.0,-2,20.08274360806668,,0.0,0.0,0.0,0.0,48.33734804210225,optimal
2021-02-12 09:00:00,6,19,0.0,0.0,0.0,0.129,13.9125,6.0,-2,20.04307184144679,,0.0,0.0,0.0,0.0,48.289010694060146,optimal
2021-02-12 09:30:00,6,19,0.4825681702371224,0.0,0.0,0.23033333333333328,13.3665,6.0,-2,20.0,,1688.9885958299283,0.0,0.0,0.0,48.240721683366075,optimal
2021-02-12 10:00:00,6,19,1.0669672870504296,0.0,0.0,0.836,13.0095,6.0,-2,20.0,,3116.1094462628994,0.0,618.2760584136047,0.0,48.192480961682705,optimal
2021-02-12 10:30:00,6,19,0.0,0.0,0.0,0.9335,13.8915,6.0,-2,20.043441122798534,,0.0,0.0,0.0,0.0,48.144288480721016,optimal
2021-02-12 11:00:00,6,19,0.0,0.0,0.0,0.2607333333333333,13.188,6.0,-2,20.025578197639906,,0.0,0.0,0.0,0.0,48.096144192240295,optimal
2021-02-12 11:30:00,6,19,0.42204773661162354,0.0,0.0,0.4318666666666667,12.5685,6.0,-2,20.0,,1268.1670781406824,0.0,209.0,0.0,48.048048048048045,optimal
2021-02-12 12:00:00,6,19,0.5318544971769149,0.0,0.0,0.4403,12.285,6.0,-2,20.0,,1304.1574067858692,0.0,557.3333333333333,0.0,48.0,optimal
2021-02-12 12:30:00,6,19,2.0,0.0,0.0,0.41953333333333337,11.487,6.0,-2,20.0,,1705.333333333333,0.0,5294.666666666667,0.0,47.64330635721227,optimal
2021-02-12 13:00:00,6,19,2.0,0.0,0.0,0.4017,11.802,6.0,-2,20.003053898338283,,7000.0,0.0,0.0,0.0,47.28696940806733,optimal
2021-02-12 13:30:00,6,19,2.0,0.0,0.0,0.38389999999999996,11.2245,6.0,-2,20.106691023734122,,7000.0,0.0,0.0,0.0,46.93098879587153,optimal
2021-02-12 14:00:00,6,19,2.0,0.0,0.0,0.35696666666666665,11.025,6.0,-2,20.213118241365216,,7000.0,0.0,0.0,0.0,46.575364164287926,optimal
2021-02-12 14:30:00,6,19,0.1656863513615542,0.0,0.0,0.3048666666666667,11.907,6.0,-2,20.319072093121743,,579.9022297654398,0.0,0.0,0.0,46.220095157335905,optimal
2021-02-12 15:00:00,6,19,0.0,0.0,0.0,0.0905,25.83,6.0,-2,20.297701589146943,,0.0,0.0,0.0,0.0,45.86518141939084,optimal
2021-02-12 15:30:00,6,19,0.0,0.0,0.0,0.29869999999999997,28.035,6.0,-2,20.261604663332246,,0.0,0.0,0.0,0.0,45.51062259518371,optimal
2021-02-12 16:00:00,6,19,0.0,0.0,0.0,0.11866666666666668,28.119,6.0,-2,20.230096062548807,,0.0,0.0,0.0,0.0,45.1564183298008,optimal
2021-02-12 16:30:00,6,19,0.0,0.0,0.0,0.1192,30.156,6.0,-2,20.191211815087485,,0.0,0.0,0.0,0.0,44.80256826868327,optimal
2021-02-12 17:00:00,6,19,0.0,0.0,0.0,0.22306666666666664,29.1585,6.0,-2,20.152425763254875,,0.0,0.0,0.0,0.0,44.44907205762685,optimal
2021-02-12 17:30:00,6,19,0.0,0.0,0.0,0.08,26.712,6.0,-2,20.115894777794075,,0.0,0.0,0.0,0.0,44.095929342781496,optimal
2021-02-12 18:00:00,6,19,0.0,0.0,0.0,0.2602,15.435,6.0,-2,20.077525831258068,,0.0,0.0,0.0,0.0,43.743139770650984,optimal
2021-02-12 18:30:00,6,19,0.0,0.0,0.0,0.4530666666666667,13.566,6.0,-2,20.047785378228795,,0.0,0.0,0.0,0.0,43.390702988092606,optimal
2021-02-12 19:00:00,6,19,0.0,0.0,0.0,0.5066666666666667,12.789,6.0,-2,20.022831340034045,,0.0,0.0,0.0,0.0,43.038618642316784,optimal
2021-02-12 19:30:00,6,19,0.6799121893121605,0.0,0.0,0.5202666666666667,12.1275,6.0,-2,20.0,,2379.6926625925616,0.0,0.0,0.0,42.68688638088674,optimal
2021-02-12 20:00:00,6,19,0.0,0.0,0.0,0.31556666666666666,13.671,6.0,-2,20.02476270897839,,0.0,0.0,0.0,0.0,42.644199494505855,optimal
2021-02-12 20:30:00,6,19,0.17914285714285713,0.0,0.0,0.4807,10.668,6.0,-2,20.0,,0.0,0.0,627.0,0.0,42.60155529501135,optimal
2021-02-12 21:00:00,6,19,0.0,0.0,0.0,0.3714333333333333,11.7285,6.0,-2,19.981628100682475,,0.0,0.0,0.0,0.0,42.55895373971634,optimal
2021-02-12 21:30:00,6,19,0.0,0.0,0.0,0.3467,11.025,6.0,-2,19.96087331818541,,0.0,0.0,0.0,0.0,42.51639478597662,optimal
2021-02-12 22:00:00,6,19,0.0,0.0,0.0,0.47733333333333333,10.689,6.0,-2,19.940532792667266,,0.0,0.0,0.0,0.0,42.473878391190645,optimal
2021-02-12 22:30:00,6,19,0.05971428571428571,0.0,0.0,0.351,8.1585,6.0,-2,19.926913851949703,,0.0,0.0,209.0,0.0,42.43140451279945,optimal
2021-02-12 23:00:00,6,19,0.0,0.0,0.0,0.4549333333333333,10.3635,6.0,-2,19.90759086664852,,0.0,0.0,0.0,0.0,42.388973108286656,optimal
2021-02-12 23:30:00,6,19,0.0,0.0,0.0,0.10366666666666668,10.8045,6.0,-2,19.889563175785046,,0.0,0.0,0.0,0.0,42.34658413517837,optimal
2021-02-13 00:00:00,6,19,0.0199047619047619,0.0,0.0,0.2343,11.025,6.0,4,19.889563175785046,,0.0,0.0,69.66666666666666,0.0,42.30423755104319,optimal
2021-02-13 00:30:00,6,19,2.0,0.0,0.0,0.356,8.2005,6.0,4,19.85077193008123,,0.0,0.0,7000.0,0.0,42.26193331349214,optimal
2021-02-13 01:00:00,6,19,2.0,0.0,0.0,0.063,9.5655,6.0,4,19.81651480745992,,0.0,0.0,7000.0,0.0,42.21967138017865,optimal
2021-02-13 01:30:00,6,19,2.0,0.0,5.0,0.063,7.056,6.0,4,19.773121403635265,,3165.3333333333335,0.0,3834.6666666666665,0.0,44.55245170879847,optimal
2021-02-13 02:00:00,6,19,2.0,0.0,0.0,0.063,9.3975,6.0,4,19.793922675727433,,7000.0,0.0,0.0,0.0,44.507899257089676,optimal
2021-02-13 02:30:00,6,19,0.0,0.0,0.0,0.063,10.059,6.0,4,19.892275651237043,,0.0,0.0,0.0,0.0,44.463391357832585,optimal
2021-02-13 03:00:00,6,19,2.0,0.0,0.0,0.063,9.261,6.0,4,19.848945027380672,,7000.0,0.0,0.0,0.0,44.418927966474754,optimal
2021-02-13 03:30:00,6,19,2.0,0.0,0.0,0.063,8.1585,6.0,4,19.94715549374269,,7000.0,0.0,0.0,0.0,44.37450903850828,optimal
2021-02-13 04:00:00,6,19,2.0,0.0,0.0,0.063,9.4815,6.0,4,20.044982091611438,,7000.0,0.0,0.0,0.0,44.330134529469774,optimal
2021-02-13 04:30:00,6,19,2.0,0.0,0.0,0.063,8.379,6.0,4,20.142425815215073,,7000.0,0.0,0.0,0.0,44.28580439494031,optimal
2021-02-13 05:00:00,6,19,2.0,0.0,0.0,0.063,9.5235,6.0,4,20.239358155064604,,7000.0,0.0,0.0,0.0,44.24151859054537,optimal
2021-02-13 05:30:00,6,19,2.0,0.0,3.1981262858391206,0.063,8.1375,6.0,4,20.335780435655636,,7000.0,0.0,0.0,0.0,45.716387057728404,optimal
2021-02-13 06:00:00,6,19,0.0,0.0,0.0,0.06833333333333333,10.0905,6.0,4,20.431693978053296,,0.0,0.0,0.0,0.0,45.670670670670674,optimal
2021-02-13 06:30:00,6,19,2.0,0.0,5.0,0.1542666666666667,7.539,6.0,4,20.385671236988273,,7000.0,0.0,0.0,0.0,48.0,optimal
2021-02-13 07:00:00,6,19,2.0,0.0,0.0,0.445,7.938,6.0,4,20.48353734845016,,7000.0,0.0,0.0,0.0,47.870593511674606,optimal
2021-02-13 07:30:00,6,19,2.0,0.0,0.0,0.3593,8.274,6.0,4,20.591995363067866,,7000.0,0.0,0.0,0.0,47.74131642983754,optimal
2021-02-13 08:00:00,6,19,2.0,0.0,0.0,0.3717,9.261,6.0,4,20.702437156416128,,7000.0,0.0,0.0,0.0,47.61216862508231,optimal
2021-02-13 08:30:00,6,19,1.8671080649754088,0.0,0.0,0.16133333333333336,9.9225,6.0,4,20.80504646826198,,6534.87822741393,0.0,0.0,0.0,47.48314996813184,optimal
2021-02-13 09:00:00,6,19,2.0,0.0,0.0,0.073,9.702,6.0,4,20.887487366137783,,7000.0,0.0,0.0,0.0,47.35426032983832,optimal
2021-02-13 09:30:00,6,19,0.0,0.0,0.0,0.073,10.584,6.0,4,20.97296823979481,,0.0,0.0,0.0,0.0,47.22549958118309,optimal
2021-02-13 10:00:00,6,19,0.0,0.0,0.0,0.073,10.143,6.0,4,20.917446358834123,,0.0,0.0,0.0,0.0,47.096867593276514,optimal
2021-02-13 10:30:00,6,19,0.0,0.0,0.0,0.073,13.0095,6.0,4,20.862715788387096,,0.0,0.0,0.0,0.0,46.96836423735785,optimal
2021-02-13 11:00:00,6,19,0.0,0.0,0.0,0.073,11.025,6.0,4,20.80825647250976,,0.0,0.0,0.0,0.0,46.839989384795096,optimal
2021-02-13 11:30:00,6,19,0.0,0.0,0.0,0.073,12.789,6.0,4,20.75406771083393,,0.0,0.0,0.0,0.0,46.71174290708491,optimal
2021-02-13 12:00:00,6,19,0.0,0.0,0.0,0.073,12.1275,6.0,4,20.700148800430703,,0.0,0.0,0.0,0.0,46.583624675852434,optimal
2021-02-13 12:30:00,6,19,0.0,0.0,0.0,0.073,12.1695,6.0,4,20.646499043270257,,0.0,0.0,0.0,0.0,46.45563456285119,optimal
2021-02-13 13:00:00,6,19,0.0,0.0,0.0,0.073,12.306,6.0,4,20.593247242490488,,0.0,0.0,0.0,0.0,46.32777243996294,optimal
2021-02-13 13:30:00,6,19,0.0,0.0,0.0,0.073,13.23,6.0,4,20.54039236778036,,0.0,0.0,0.0,0.0,46.200038179197584,optimal
2021-02-13 14:00:00,6,19,0.0,0.0,0.0,0.073,13.671,6.0,4,20.487933390687207,,0.0,0.0,0.0,0.0,46.07243165269299,optimal
2021-02-13 14:30:00,6,19,0.0,0.0,0.0,0.073,13.9335,6.0,4,20.43586928418666,,0.0,0.0,0.0,0.0,45.9449527327149,optimal
2021-02-13 15:00:00,6,19,0.0,0.0,0.0,0.073,13.293,6.0,4,20.38419902719536,,0.0,0.0,0.0,0.0,45.81760129165679,optimal
2021-02-13 15:30:00,6,19,0.0,0.0,0.0,0.16133333333333336,12.1065,6.0,4,20.33292159825688,,0.0,0.0,0.0,0.0,45.69037720203974,optimal
2021-02-13 16:00:00,6,19,0.0,0.0,0.0,0.3558,11.571,6.0,4,20.28461257496113,,0.0,0.0,0.0,0.0,45.56328033651231,optimal
2021-02-13 16:30:00,6,19,0.0,0.0,0.0,0.3196666666666667,11.025,6.0,4,20.246949916023592,,0.0,0.0,0.0,0.0,45.436310567850406,optimal
2021-02-13 17:00:00,6,19,0.0,0.0,0.0,0.3148333333333333,10.8465,6.0,4,20.209963989100157,,0.0,0.0,0.0,0.0,45.30946776895716,optimal
2021-02-13 17:30:00,6,19,0.0,0.0,0.0,0.4629333333333333,11.2455,6.0,4,20.174577715437366,,0.0,0.0,0.0,0.0,45.18275181286281,optimal
2021-02-13 18:00:00,6,19,0.0,0.0,0.0,0.415,23.8665,6.0,4,20.142819772039736,,0.0,0.0,0.0,0.0,45.05616257272456,optimal
2021-02-13 18:30:00,6,19,0.0,0.0,0.0,0.32,27.4575,6.0,4,20.111372672431308,,0.0,0.0,0.0,0.0,44.92969992182644,optimal
2021-02-13 19:00:00,6,19,0.0,0.0,0.0,0.3125333333333334,27.3735,6.0,4,20.083413241959903,,0.0,0.0,0.0,0.0,44.803363733579225,optimal
2021-02-13 19:30:00,6,19,0.0,0.0,0.0,0.3187333333333333,30.4605,6.0,4,20.05206708639454,,0.0,0.0,0.0,0.0,44.677153881520255,optimal
2021-02-13 20:00:00,6,19,0.0,0.0,0.0,0.6434,30.0195,6.0,4,20.021527056607326,,0.0,0.0,0.0,0.0,44.55107023931334,optimal
2021-02-13 20:30:00,6,19,0.0,0.0,0.0,0.5048666666666667,26.9325,6.0,4,20.0,,0.0,0.0,0.0,0.0,44.42511268074863,optimal
2021-02-13 21:00:00,6,19,0.0,0.0,0.0,0.22403333333333333,14.595,6.0,4,19.97560718273569,,0.0,0.0,0.0,0.0,44.29928107974249,optimal
2021-02-13 21:30:00,6,19,0.0,0.0,0.0,0.27093333333333336,12.4845,6.0,4,19.938939558813065,,0.0,0.0,0.0,0.0,44.173575310337355,optimal
2021-02-13 22:00:00,6,19,0.0,0.0,0.0,0.15159999999999998,12.1275,6.0,4,19.905041736042193,,0.0,0.0,0.0,0.0,44.047995246701625,optimal
2021-02-13 22:30:00,6,19,0.0,0.0,0.0,0.2007333333333333,12.1275,6.0,4,19.86653944375862,,0.0,0.0,0.0,0.0,43.92254076312953,optimal
2021-02-13 23:00:00,6,19,0.0,0.0,0.0,0.17373333333333332,12.789,6.0,4,19.832569179220037,,0.0,0.0,0.0,0.0,43.797211734041014,optimal
2021-02-13 23:30:00,6,19,0.0,0.0,0.0,0.07066666666666667,11.907,6.0,4,19.79622353709791,,0.0,0.0,0.0,0.0,43.753414522306976,optimal
2021-02-07 00:00:00,7,19,1.7523968430036638,0.0,0.0,0.0704,1.5435,6.0,-10,21.0,,6133.388950512824,0.0,0.0,0.0,47.952,optimal
2021-02-07 00:30:00,7,19,2.0,0.0,1.729989026189646,0.062,1.5435,6.0,-10,21.086409836857587,,1566.0,0.0,5434.0,0.0,48.72579278744007,optimal
2021-02-07 01:00:00,7,19,0.0,0.0,0.0,0.062,5.0715,6.0,-10,21.07939812416796,,0.0,0.0,0.0,0.0,48.67706699465263,optimal
2021-02-07 01:30:00,7,19,0.0,0.0,0.0,0.062,5.376,6.0,-10,21.040505912644242,,0.0,0.0,0.0,0.0,48.62838992765797,optimal
2021-02-07 02:00:00,7,19,0.0,0.0,0.0,0.062,5.0715,6.0,-10,21.00158493169465,,0.0,0.0,0.0,0.0,48.579761537730306,optimal
2021-02-07 02:30:00,7,19,0.0,0.0,0.0,0.062,5.5125,6.0,-10,20.96263525583266,,0.0,0.0,0.0,0.0,48.53118177619257,optimal
2021-02-07 03:00:00,7,19,0.0,0.0,0.0,0.1164,9.261,6.0,-10,20.92352745823665,,0.0,0.0,0.0,0.0,48.48265059441637,optimal
2021-02-07 03:30:00,7,19,0.0,0.0,0.0,0.0688,11.7075,6.0,-10,20.885361052751588,,0.0,0.0,0.0,0.0,48.434167943821954,optimal
2021-02-07 04:00:00,7,19,0.0,0.0,0.0,0.0824,12.348,6.0,-10,20.846202281718625,,0.0,0.0,0.0,0.0,48.38573377587813,optimal
2021-02-07 04:30:00,7,19,0.0,0.0,0.0,0.1028,12.348,6.0,-10,20.807290207731516,,0.0,0.0,0.0,0.0,48.33734804210225,optimal
2021-02-07 05:00:00,7,19,0.0,0.0,0.0,0.062,12.1275,6.0,-10,20.768891081019635,,0.0,0.0,0.0,0.0,48.289010694060146,optimal
2021-02-07 05:30:00,7,19,0.0,0.0,0.0,0.062,12.5265,6.0,-10,20.729767080693495,,0.0,0.0,0.0,0.0,48.240721683366075,optimal
2021-02-07 06:00:00,7,19,0.0,0.0,0.0,0.09259999999999999,11.7495,6.0,-10,20.69074441242186,,0.0,0.0,0.0,0.0,48.192480961682705,optimal
2021-02-07 06:30:00,7,19,0.0,0.0,0.0,0.12819999999999998,13.23,6.0,-10,20.652441059924563,,0.0,0.0,0.0,0.0,48.144288480721016,optimal
2021-02-07 07:00:00,7,19,0.0,0.0,0.0,0.0634,14.3325,6.0,-10,20.61561464043924,,0.0,0.0,0.0,0.0,48.096144192240295,optimal
2021-02-07 07:30:00,7,19,0.0,0.0,0.0,1.0435999999999999,14.994,6.0,-10,20.582355149317554,,0.0,0.0,0.0,0.0,48.048048048048045,optimal
2021-02-07 08:00:00,7,19,0.0,0.0,0.0,0.7926333333333333,14.8155,6.0,-10,20.558941289954845,,0.0,0.0,0.0,0.0,48.0,optimal
2021-02-07 08:30:00,7,19,0.0,0.0,0.0,0.3399,14.112,6.0,-10,20.537651407302718,,0.0,0.0,0.0,0.0,47.85047434209152,optimal
2021-02-07 09:00:00,7,19,0.0,0.0,0.0,0.33326666666666666,14.007,6.0,-10,20.512127270503058,,0.0,0.0,0.0,0.0,47.70109820984096,optimal
2021-02-07 09:30:00,7,19,0.0,0.0,0.0,0.6678,13.23,6.0,-10,20.48855247604697,,0.0,0.0,0.0,0.0,47.55187145372264,optimal
2021-02-07 10:00:00,7,19,0.0,0.0,0.0,2.9858000000000002,11.382,6.0,-10,20.467990892704535,,0.0,0.0,0.0,0.0,47.402793924360445,optimal
2021-02-07 10:30:00,7,19,0.0,0.0,0.0,2.5725333333333333,11.7495,6.0,-10,20.46490625698962,,0.0,0.0,0.0,0.0,47.25386547252761,optimal
2021-02-07 11:00:00,7,19,0.0,0.0,0.0,1.9694333333333327,24.3285,6.0,-10,20.453067096864242,,0.0,0.0,0.0,0.0,47.105085949146606,optimal
2021-02-07 11:30:00,7,19,0.0,0.0,0.0,0.7434,28.917,6.0,-10,20.43277961897609,,0.0,0.0,0.0,0.0,46.95645520528898,optimal
2021-02-07 12:00:00,7,19,0.0,0.0,0.0,2.4676,31.3635,6.0,-10,20.408977042031484,,0.0,0.0,0.0,0.0,46.80797309217522,optimal
2021-02-07 12:30:00,7,19,0.0,0.0,0.0,0.42760000000000004,33.306,6.0,-10,20.383274766073427,,0.0,0.0,0.0,0.0,46.659639461174564,optimal
2021-02-07 13:00:00,7,19,0.0,0.0,0.0,1.3291,31.3425,6.0,-10,20.349471946846435,,0.0,0.0,0.0,0.0,46.51145416380491,optimal
2021-02-07 13:30:00,7,19,0.0,0.0,0.0,3.0026333333333333,28.2555,6.0,-10,20.32274420573224,,0.0,0.0,0.0,0.0,46.36341705173263,optimal
2021-02-07 14:00:00,7,19,0.0,0.0,0.0,3.2794,15.6975,6.0,-10,20.306085578909894,,0.0,0.0,0.0,0.0,46.21552797677243,optimal
2021-02-07 14:30:00,7,19,0.0,0.0,0.0,1.1809333333333334,12.5475,6.0,-10,20.305795090238608,,0.0,0.0,0.0,0.0,46.06778679088718,optimal
2021-02-07 15:00:00,7,19,0.0,0.0,0.0,0.15213333333333331,12.0855,6.0,-10,20.28783717758444,,0.0,0.0,0.0,0.0,45.92019334618782,optimal
2021-02-07 15:30:00,7,19,0.0,0.0,0.0,0.2954,11.907,6.0,-10,20.24320803909867,,0.0,0.0,0.0,0.0,45.77274749493316,optimal
2021-02-07 16:00:00,7,19,0.0,0.0,0.0,0.18816666666666662,12.5685,6.0,-10,20.205578125111536,,0.0,0.0,0.0,0.0,45.625449089529745,optimal
2021-02-07 16:30:00,7,19,0.0,0.0,0.0,0.1633666666666667,13.146,6.0,-10,20.165861022037923,,0.0,0.0,0.0,0.0,45.47829798253174,optimal
2021-02-07 17:00:00,7,19,0.0,0.0,0.0,0.1705,10.584,6.0,-10,20.134239733088524,,0.0,0.0,0.0,0.0,45.331294026640734,optimal
2021-02-07 17:30:00,7,19,0.0,0.0,0.0,0.1792,6.678,6.0,-10,20.104038050113626,,0.0,0.0,0.0,0.0,45.18443707470562,optimal
2021-02-07 18:00:00,7,19,0.0,0.0,0.0,0.6121666666666666,7.938,6.0,-10,20.07779888565767,,0.0,0.0,0.0,0.0,45.03772697972244,optimal
2021-02-07 18:30:00,7,19,0.0,0.0,0.0,1.1627333333333332,5.292,6.0,-10,20.06210121443307,,0.0,0.0,0.0,0.0,44.89116359483425,optimal
2021-02-07 19:00:00,7,19,0.0,0.0,0.0,1.514733333333333,9.261,6.0,-10,20.03981602856639,,0.0,0.0,0.0,0.0,44.74474677333094,optimal
2021-02-07 19:30:00,7,19,0.0,0.0,0.0,0.5584333333333332,10.3635,6.0,-10,20.041648567404934,,0.0,0.0,0.0,0.0,44.59847636864913,optimal
2021-02-07 20:00:00,7,19,0.0,0.0,0.0,0.397,8.274,6.0,-10,20.02257923522449,,0.0,0.0,0.0,0.0,44.45235223437201,optimal
2021-02-07 20:30:00,7,19,0.0,0.0,0.0,0.5422,7.7175,6.0,-10,20.0,,0.0,0.0,0.0,0.0,44.407899882137635,optimal
2021-02-07 21:00:00,7,19,0.0,0.0,0.0,0.4283,6.615,6.0,-10,19.98129204753665,,0.0,0.0,0.0,0.0,44.363491982255496,optimal
2021-02-07 21:30:00,7,19,0.0,0.0,0.0,0.3713333333333333,6.174,6.0,-10,19.961559320645407,,0.0,0.0,0.0,0.0,44.31912849027324,optimal
2021-02-07 22:00:00,7,19,0.0,0.0,0.0,1.2887,3.906,6.0,-10,19.939895677474436,,0.0,0.0,0.0,0.0,44.27480936178297,optimal
2021-02-07 22:30:00,7,19,0.0,0.0,0.0,0.5239333333333333,2.3415,6.0,-10,19.925542703483693,,0.0,0.0,0.0,0.0,44.23053455242119,optimal
2021-02-07 23:00:00,7,19,0.0,0.0,0.0,0.4879,2.205,6.0,-10,19.910510398465085,,0.0,0.0,0.0,0.0,44.18630401786877,optimal
2021-02-07 23:30:00,7,19,0.0398095238095238,0.0,0.0,0.3116666666666667,0.882,6.0,-10,19.897123255260066,,0.0,0.0,139.33333333333331,0.0,44.1421177138509,optimal
2021-02-08 00:00:00,7,19,0.1592380952380952,0.0,0.0,0.09213333333333334,29.1375,6.0,15,19.897123255260066,,0.0,0.0,557.3333333333333,0.0,44.09797559613705,optimal
2021-02-08 00:30:00,7,19,0.0,0.0,0.0,0.26880000000000004,30.597,6.0,15,19.865712802067286,,0.0,0.0,0.0,0.0,44.05387762054091,optimal
2021-02-08 01:00:00,7,19,0.0,0.0,0.0,0.11093333333333334,33.684,6.0,15,19.840315633258776,,0.0,0.0,0.0,0.0,44.00982374292037,optimal
2021-02-08 01:30:00,7,19,0.0,0.0,0.0,0.2255,32.445,6.0,15,19.80225429909389,,0.0,0.0,0.0,0.0,43.96581391917745,optimal
2021-02-08 02:00:00,7,19,0.0,0.0,0.0,0.0701,28.917,6.0,15,19.76647676256813,,0.0,0.0,0.0,0.0,43.92184810525827,optimal
2021-02-08 02:30:00,7,19,0.0,0.0,0.0,0.26953333333333335,15.876,6.0,15,19.727522668780438,,0.0,0.0,0.0,0.0,43.877926257153014,optimal
2021-02-08 03:00:00,7,19,0.0,0.0,0.0,0.13140000000000002,12.348,6.0,15,19.69282834377899,,0.0,0.0,0.0,0.0,43.83404833089586,optimal
2021-02-08 03:30:00,7,19,0.7400415753536451,0.0,0.0,0.14253333333333335,12.1275,6.0,15,19.65556251611906,,0.0,0.0,2590.145513737758,0.0,43.79021428256497,optimal
2021-02-08 04:00:00,7,19,0.0,0.0,0.0,0.2199,12.348,6.0,15,19.618488645901007,,0.0,0.0,0.0,0.0,43.7464240682824,optimal
2021-02-08 04:30:00,7,19,0.0,0.0,0.0,0.11783333333333332,12.1275,6.0,15,19.582944422382138,,0.0,0.0,0.0,0.0,43.70267764421412,optimal
2021-02-08 05:00:00,7,19,0.0,0.0,0.0,0.2132666666666667,12.1275,6.0,15,19.545171089414467,,0.0,0.0,0.0,0.0,43.65897496656991,optimal
2021-02-08 05:30:00,7,19,2.0,0.0,0.0,0.16133333333333336,11.2665,6.0,15,19.50916473478886,,4465.465513737758,0.0,2534.5344862622424,0.0,43.61531599160334,optimal
2021-02-08 06:00:00,7,19,2.0,0.0,0.0,0.15833333333333335,10.143,6.0,15,19.562293684545505,,7000.0,0.0,0.0,0.0,43.57170067561174,optimal
2021-02-08 06:30:00,7,19,2.0,0.0,0.0,0.11933333333333332,11.2455,6.0,15,19.66630296279759,,7000.0,0.0,0.0,0.0,43.52812897493612,optimal
2021-02-08 07:00:00,7,19,2.0,0.0,0.0,0.192,11.025,6.0,15,19.769125392693496,,7000.0,0.0,0.0,0.0,43.48460084596119,optimal
2021-02-08 07:30:00,7,19,2.0,0.0,5.0,1.0171000000000001,5.9745,6.0,15,19.87861132967691,,7000.0,0.0,0.0,0.0,45.816116245115225,optimal
2021-02-08 08:00:00,7,19,0.7818160889167682,0.0,4.694104991852397,1.9802333333333328,7.938,6.0,15,20.0,,2148.369644542022,0.0,587.9866666666668,0.0,48.0,optimal
2021-02-08 08:30:00,7,19,0.0,0.0,0.0,0.3485,8.6835,6.0,15,20.02899853693994,,0.0,0.0,0.0,0.0,47.832873728193206,optimal
2021-02-08 09:00:00,7,19,0.3703790442953612,0.0,0.0,1.5644,7.665,6.0,15,20.0,,1226.6599883670974,0.0,69.66666666666666,0.0,47.665914582658225,optimal
2021-02-08 09:30:00,7,19,2.0,0.0,0.0,1.4907000000000001,6.7725,6.0,15,20.0,,2959.3333333333335,0.0,4040.6666666666665,0.0,47.499122396268774,optimal
2021-02-08 10:00:00,7,19,2.0,0.0,0.0,0.9637,5.5755,6.0,15,20.04572891343422,,7000.0,0.0,0.0,0.0,47.332497002065715,optimal
2021-02-08 10:30:00,7,19,2.0,0.0,0.0,0.4686,5.0925,6.0,15,20.167761396607894,,7000.0,0.0,0.0,0.0,47.166038233256856,optimal
2021-02-08 11:00:00,7,19,2.0,0.0,0.0,0.7081000000000001,4.1895,6.0,15,20.279911182357086,,7000.0,0.0,0.0,0.0,46.99974592321681,optimal
2021-02-08 11:30:00,7,19,1.9816425493783567,0.0,0.0,0.33396666666666663,7.056,6.0,15,20.394121809866768,,6935.748922824248,0.0,0.0,0.0,46.8336199054868,optimal
2021-02-08 12:00:00,7,19,2.0,0.0,0.0,0.4218,5.271,6.0,15,20.501684618586967,,7000.0,0.0,0.0,0.0,46.66766001377452,optimal
2021-02-08 12:30:00,7,19,0.0,0.0,0.0,0.19313333333333332,7.938,6.0,15,20.613092573857354,,0.0,0.0,0.0,0.0,46.501866081953956,optimal
2021-02-08 13:00:00,7,19,0.0,0.0,0.0,0.2922666666666667,7.938,6.0,15,20.573371468516306,,0.0,0.0,0.0,0.0,46.33623794406521,optimal
2021-02-08 13:30:00,7,19,0.0,0.0,0.0,0.4888,11.907,6.0,15,20.534904308640456,,0.0,0.0,0.0,0.0,46.17077543431435,optimal
2021-02-08 14:00:00,7,19,0.0,0.0,0.0,0.1187,11.025,6.0,15,20.50116256638165,,0.0,0.0,0.0,0.0,46.005478387073246,optimal
2021-02-08 14:30:00,7,19,0.0,0.0,0.0,0.17086666666666667,11.2875,6.0,15,20.458948118521924,,0.0,0.0,0.0,0.0,45.84034663687938,optimal
2021-02-08 15:00:00,7,19,0.0,0.0,0.0,0.3974666666666666,12.936,6.0,15,20.41219614790491,,0.0,0.0,0.0,0.0,45.67538001843571,optimal
2021-02-08 15:30:00,7,19,0.0,0.0,0.0,0.2861,13.0095,6.0,15,20.37303683868155,,0.0,0.0,0.0,0.0,45.51057836661048,optimal
2021-02-08 16:00:00,7,19,0.0,0.0,0.0,0.3787,13.671,6.0,15,20.336887194526483,,0.0,0.0,0.0,0.0,45.34594151643708,optimal
2021-02-08 16:30:00,7,19,0.0,0.0,0.0,0.38423333333333337,13.188,6.0,15,20.30544262641139,,0.0,0.0,0.0,0.0,45.18146930311385,optimal
2021-02-08 17:00:00,7,19,0.0,0.0,0.0,0.37010000000000004,13.8495,6.0,15,20.273503098673256,,0.0,0.0,0.0,0.0,45.01716156200394,optimal
2021-02-08 17:30:00,7,19,0.0,0.0,0.0,0.33323333333333327,13.23,6.0,15,20.247240230896203,,0.0,0.0,0.0,0.0,44.85301812863515,optimal
2021-02-08 18:00:00,7,19,0.0,0.0,0.0,0.09153333333333331,13.3665,6.0,15,20.211576279897393,,0.0,0.0,0.0,0.0,44.68903883869972,optimal
2021-02-08 18:30:00,7,19,0.0,0.0,0.0,0.1884,13.0515,6.0,15,20.161919625473356,,0.0,0.0,0.0,0.0,44.525223528054234,optimal
2021-02-08 19:00:00,7,19,0.0,0.0,0.0,0.09509999999999999,13.5345,6.0,15,20.11447819013502,,0.0,0.0,0.0,0.0,44.36157203271939,optimal
2021-02-08 19:30:00,7,19,0.0,0.0,0.0,0.3421,14.154,6.0,15,20.065404085638555,,0.0,0.0,0.0,0.0,44.198084188879875,optimal
2021-02-08 20:00:00,7,19,0.0,0.0,0.0,0.5492666666666667,14.112,6.0,15,20.027672482234017,,0.0,0.0,0.0,0.0,44.034759832884205,optimal
2021-02-08 20:30:00,7,19,0.0,0.0,0.0,0.36010000000000003,14.2485,6.0,15,20.0,,0.0,0.0,0.0,0.0,43.87159880124453,optimal
2021-02-08 21:00:00,7,19,0.0,0.0,0.0,0.5914333333333333,12.789,6.0,15,19.966197481717433,,0.0,0.0,0.0,0.0,43.70860093063649,optimal
2021-02-08 21:30:00,7,19,0.0,0.0,0.0,1.9924000000000002,13.0095,6.0,15,19.938477360069,,0.0,0.0,0.0,0.0,43.545766057899066,optimal
2021-02-08 22:00:00,7,19,0.0,0.0,0.0,0.4336333333333333,12.1275,6.0,15,19.937018203015047,,0.0,0.0,0.0,0.0,43.50222029184117,optimal
2021-02-08 22:30:00,7,19,0.0,0.0,0.0,0.48510000000000003,12.348,6.0,15,19.91815082256294,,0.0,0.0,0.0,0.0,43.45871807154933,optimal
2021-02-08 23:00:00,7,19,0.0,0.0,0.0,0.5096666666666667,12.348,6.0,15,19.897131885279567,,0.0,0.0,0.0,0.0,43.41525935347778,optimal
2021-02-08 23:30:00,7,19,0.0,0.0,0.0,0.22493333333333332,25.389,6.0,15,19.870153772213833,,0.0,0.0,0.0,0.0,43.3718440941243,optimal
2021-02-09 00:00:00,7,19,0.0,0.0,0.0,0.058,14.7735,6.0,-20,19.870153772213833,,0.0,0.0,0.0,0.0,43.328472250030174,optimal
2021-02-09 00:30:00,7,19,0.0,0.0,0.0,0.13119999999999998,15.2145,6.0,-20,19.82518198389381,,0.0,0.0,0.0,0.0,43.28514377778014,optimal
2021-02-09 01:00:00,7,19,2.0,0.0,0.0,0.058,14.553,6.0,-20,19.781935116498463,,0.0,0.0,7000.0,0.0,43.24185863400236,optimal
2021-02-09 01:30:00,7,19,2.0,0.0,0.0,0.1758,14.3325,6.0,-20,19.737450818795995,,832.9999999999982,0.0,6167.000000000002,0.0,43.19861677536836,optimal
2021-02-09 02:00:00,7,19,0.9374021176196917,0.0,0.0,0.07659999999999999,14.595,6.0,-20,19.712032814564722,,3280.9074116689208,0.0,0.0,0.0,43.15541815859299,optimal
2021-02-09 02:30:00,7,19,0.0,0.0,0.0,0.1262,14.994,6.0,-20,19.733875215339005,,0.0,0.0,0.0,0.0,43.112262740434396,optimal
2021-02-09 03:00:00,7,19,2.0,0.0,0.0,0.19126666666666667,14.3325,6.0,-20,19.69050481165928,,7000.0,0.0,0.0,0.0,43.06915047769396,optimal
2021-02-09 03:30:00,7,19,2.0,0.0,0.0,0.09713333333333334,13.8915,6.0,-20,19.790119717325002,,7000.0,0.0,0.0,0.0,43.02608132721627,optimal
2021-02-09 04:00:00,7,19,2.0,0.0,0.0,0.2366,13.8915,6.0,-20,19.887833738923053,,7000.0,0.0,0.0,0.0,42.98305524588905,optimal
2021-02-09 04:30:00,7,19,2.0,0.0,5.0,0.058,13.4715,6.0,-20,19.988371482983226,,7000.0,0.0,0.0,0.0,45.31507219064316,optimal
2021-02-09 05:00:00,7,19,2.0,0.0,5.0,0.0952,13.23,6.0,-20,20.084781373289037,,7000.0,0.0,0.0,0.0,47.64475711845252,optimal
2021-02-09 05:30:00,7,19,2.0,0.0,1.3549669937516216,0.2304,13.8915,6.0,-20,20.18143415087836,,7000.0,0.0,0.0,0.0,48.240721683366075,optimal
2021-02-09 06:00:00,7,19,0.0,0.0,0.0,1.0660333333333334,26.9325,6.0,-20,20.280568193032547,,0.0,0.0,0.0,0.0,48.192480961682705,optimal
2021-02-09 06:30:00,7,19,0.0,0.0,0.0,1.2660666666666667,30.303,6.0,-20,20.237656844751886,,0.0,0.0,0.0,0.0,48.144288480721016,optimal
2021-02-09 07:00:00,7,19,0.0,0.0,0.0,0.11863333333333334,32.886,6.0,-20,20.20074392461213,,0.0,0.0,0.0,0.0,48.096144192240295,optimal
2021-02-09 07:30:00,7,19,0.0,0.0,0.0,2.208,34.9965,6.0,-20,20.160118072482696,,0.0,0.0,0.0,0.0,48.048048048048045,optimal
2021-02-09 08:00:00,7,19,0.0,0.0,0.0,0.2512,33.327,6.0,-20,20.12403455167355,,0.0,0.0,0.0,0.0,48.0,optimal
2021-02-09 08:30:00,7,19,0.0,0.0,0.0,1.0925,31.122,6.0,-20,20.087054096481094,,0.0,0.0,0.0,0.0,47.818157686963445,optimal
2021-02-09 09:00:00,7,19,0.0,0.0,0.0,0.3567666666666667,17.9025,6.0,-20,20.049308501955338,,0.0,0.0,0.0,0.0,47.63649721623993,optimal
2021-02-09 09:30:00,7,19,0.0,0.0,0.0,4.9167,15.6555,6.0,-20,20.01562301387975,,0.0,0.0,0.0,0.0,47.45501840598714,optimal
2021-02-09 10:00:00,7,19,0.335650859058483,0.0,0.0,4.3755,14.553,6.0,-20,20.0,,965.7780067046906,0.0,209.0,0.0,47.2737210745446,optimal
2021-02-09 10:30:00,7,19,0.5406151839007965,0.0,0.0,0.37006666666666665,14.3325,6.0,-20,20.0,,1752.8198103194547,0.0,139.33333333333331,0.0,47.092605040433504,optimal
2021-02-09 11:00:00,7,19,0.5426585325903187,0.0,0.0,0.28786666666666666,13.335,6.0,-20,20.0,,1829.6381973994487,0.0,69.66666666666666,0.0,46.91167012235652,optimal
2021-02-09 11:30:00,7,19,1.0922530592473454,0.0,0.0,2.3781999999999996,12.1275,6.0,-20,20.0,,2568.885707365709,0.0,1254.0,0.0,46.73091613919761,optimal
2021-02-09 12:00:00,7,19,0.0,0.0,0.0,2.2461666666666664,12.2955,6.0,-20,20.027705317870968,,0.0,0.0,0.0,0.0,46.55034291002186,optimal
2021-02-09 12:30:00,7,19,0.5335776666613826,0.0,0.0,4.28,11.6865,6.0,-20,20.0,,1379.8551666481724,0.0,487.6666666666667,0.0,46.369950254075285,optimal
2021-02-09 13:00:00,7,19,0.4617289881594156,0.0,0.0,2.7325333333333335,11.466,6.0,-20,20.0,,1616.0514585579547,0.0,0.0,0.0,46.18973799078466,optimal
2021-02-09 13:30:00,7,19,1.8666633335551528,0.0,0.0,4.106633333333333,10.8045,6.0,-20,20.0,,6045.655000776368,0.0,487.6666666666667,0.0,46.00970593975732,optimal
2021-02-09 14:00:00,7,19,2.0,0.0,0.0,0.2663666666666667,10.584,6.0,-20,20.093509543006686,,7000.0,0.0,0.0,0.0,45.829853920781005,optimal
2021-02-09 14:30:00,7,19,0.0,0.0,0.0,2.4814000000000003,11.2455,6.0,-20,20.194780461462013,,0.0,0.0,0.0,0.0,45.650181753823674,optimal
2021-02-09 15:00:00,7,19,0.0,0.0,0.0,0.5498,12.1275,6.0,-20,20.15945483467808,,0.0,0.0,0.0,0.0,45.4706892590333,optimal
2021-02-09 15:30:00,7,19,0.0,0.0,0.0,2.3916,11.823,6.0,-20,20.120106003606786,,0.0,0.0,0.0,0.0,45.29137625673771,optimal
2021-02-09 16:00:00,7,19,0.0,0.0,0.0,2.1121666666666665,11.7705,6.0,-20,20.087645517220103,,0.0,0.0,0.0,0.0,45.112242567444426,optimal
2021-02-09 16:30:00,7,19,0.0,0.0,0.0,2.746233333333333,11.13,6.0,-20,20.059756976926934,,0.0,0.0,0.0,0.0,44.93328801184043,optimal
2021-02-09 17:00:00,7,19,0.0,0.0,0.0,0.8977333333333334,11.6865,6.0,-20,20.034456433249247,,0.0,0.0,0.0,0.0,44.75451241079204,optimal
2021-02-09 17:30:00,7,19,1.903625630962677,0.0,0.0,0.31,10.7205,6.0,-20,20.0,,3001.3351668835667,0.0,3661.354541485803,0.0,44.575915585344696,optimal
2021-02-09 18:00:00,7,19,0.0,0.0,0.0,3.646,11.424,6.0,-20,20.02475140561342,,0.0,0.0,0.0,0.0,44.397497356722795,optimal
2021-02-09 18:30:00,7,19,2.0,0.0,0.0,0.3111333333333333,10.689,6.0,-20,20.0,,6969.02120815247,0.0,30.978791847530374,0.0,44.21925754632952,optimal
2021-02-09 19:00:00,7,19,0.0,0.0,0.0,0.4887666666666666,11.361,6.0,-20,20.10315168168961,,0.0,0.0,0.0,0.0,44.04119597574664,optimal
2021-02-09 19:30:00,7,19,0.0,0.0,0.0,0.43860000000000005,11.571,6.0,-20,20.067274045787713,,0.0,0.0,0.0,0.0,43.86331246673434,optimal
2021-02-09 20:00:00,7,19,0.0,0.0,0.0,0.5143333333333334,14.3745,6.0,-20,20.031605709532364,,0.0,0.0,0.0,0.0,43.685606841231056,optimal
2021-02-09 20:30:00,7,19,0.0,0.0,0.0,1.3653,13.23,6.0,-20,20.0,,0.0,0.0,0.0,0.0,43.508078921353274,optimal
2021-02-09 21:00:00,7,19,0.0,0.0,0.0,1.7117666666666669,13.9755,6.0,-20,19.969111382189148,,0.0,0.0,0.0,0.0,43.330728529395365,optimal
2021-02-09 21:30:00,7,19,0.0,0.0,0.0,0.9503666666666668,14.994,6.0,-20,19.953227836430433,,0.0,0.0,0.0,0.0,43.153555487829415,optimal
2021-02-09 22:00:00,7,19,0.0,0.0,0.0,2.566,13.671,6.0,-20,19.928786987787767,,0.0,0.0,0.0,0.0,42.976559619305036,optimal
2021-02-09 22:30:00,7,19,0.0,0.0,0.0,0.36136666666666667,15.981,6.0,-20,19.907224713190622,,0.0,0.0,0.0,0.0,42.79974074664918,optimal
2021-02-09 23:00:00,7,19,0.0,0.0,0.0,1.9474333333333327,15.6345,6.0,-20,19.87986130479343,,0.0,0.0,0.0,0.0,42.756941005902526,optimal
2021-02-09 23:30:00,7,19,0.0,0.0,0.0,0.5007666666666667,16.5375,6.0,-20,19.86804990103075,,0.0,0.0,0.0,0.0,42.71418406489662,optimal
2021-02-10 00:00:00,7,19,0.0,0.0,0.0,0.09716666666666668,27.741,6.0,10,19.86804990103075,,0.0,0.0,0.0,0.0,42.67146988083172,optimal
2021-02-10 00:30:00,7,19,0.0,0.0,0.0,0.12816666666666665,19.026,6.0,10,19.826805729221068,,0.0,0.0,0.0,0.0,42.62879841095089,optimal
2021-02-10 01:00:00,7,19,0.0,0.0,0.0,0.0726,18.7215,6.0,10,19.786035706295753,,0.0,0.0,0.0,0.0,42.58616961253994,optimal
2021-02-10 01:30:00,7,19,0.0,0.0,0.0,0.2545,17.4195,6.0,10,19.74398960059368,,0.0,0.0,0.0,0.0,42.5435834429274,optimal
2021-02-10 02:00:00,7,19,0.0,0.0,0.0,0.08683333333333333,16.758,6.0,10,19.705468523005006,,0.0,0.0,0.0,0.0,42.50103985948447,optimal
2021-02-10 02:30:00,7,19,0.0,0.0,0.0,0.2144333333333333,14.217,6.0,10,19.66340065560085,,0.0,0.0,0.0,0.0,42.458538819624984,optimal
2021-02-10 03:00:00,7,19,0.0,0.0,0.0,0.1385,13.3665,6.0,10,19.62401979106384,,0.0,0.0,0.0,0.0,42.41608028080536,optimal
2021-02-10 03:30:00,7,19,0.0,0.0,0.0,0.16413333333333333,12.789,6.0,10,19.583206757438298,,0.0,0.0,0.0,0.0,42.37366420052455,optimal
2021-02-10 04:00:00,7,19,1.2825104371354514,0.0,0.0,0.18880000000000002,11.907,6.0,10,19.54301732952866,,0.0,0.0,4488.78652997408,0.0,42.331290536324026,optimal
2021-02-10 04:30:00,7,19,2.0,0.0,0.0,0.061,11.7075,6.0,10,19.503430361529382,,3477.1198633074137,0.0,3522.8801366925863,0.0,42.2889592457877,optimal
2021-02-10 05:00:00,7,19,2.0,0.0,5.0,0.2352,10.8045,6.0,10,19.531356993797136,,7000.0,0.0,0.0,0.0,44.621670286541914,optimal
2021-02-10 05:30:00,7,19,2.0,0.0,2.3023622198216818,0.11773333333333331,11.508,6.0,10,19.633648555998114,,7000.0,0.0,0.0,0.0,45.670670670670674,optimal
2021-02-10 06:00:00,7,19,2.0,0.0,5.0,1.5038333333333334,11.508,6.0,10,19.733042867418455,,7000.0,0.0,0.0,0.0,48.0,optimal
2021-02-10 06:30:00,7,19,2.0,0.0,0.0,2.3594666666666666,11.508,6.0,10,19.843620681416926,,7000.0,0.0,0.0,0.0,47.91806150521949,optimal
2021-02-10 07:00:00,7,19,2.0,0.0,0.0,1.120266666666667,11.844,6.0,10,19.956398655997294,,7000.0,0.0,0.0,0.0,47.83620494893376,optimal
2021-02-10 07:30:00,7,19,2.0,0.0,0.0,0.34563333333333335,11.508,6.0,10,20.06782351803493,,7000.0,0.0,0.0,0.0,47.75443024920432,optimal
2021-02-10 08:00:00,7,19,2.0,0.0,0.0,0.5569333333333333,11.508,6.0,10,20.18197270063242,,7000.0,0.0,0.0,0.0,47.672737324174605,optimal
2021-02-10 08:30:00,7,19,2.0,0.0,0.0,0.4511,10.4475,6.0,10,20.295742529150772,,7000.0,0.0,0.0,0.0,47.59112609206992,optimal
2021-02-10 09:00:00,7,19,2.0,0.0,0.0,0.3703333333333333,10.8675,6.0,10,20.40096104504534,,7000.0,0.0,0.0,0.0,47.50959647119734,optimal
2021-02-10 09:30:00,7,19,2.0,0.0,0.0,0.27936666666666665,10.542,6.0,10,20.502139753777147,,7000.0,0.0,0.0,0.0,47.42814837994564,optimal
2021-02-10 10:00:00,7,19,2.0,0.0,0.0,0.31706666666666666,11.025,6.0,10,20.598199441649133,,7000.0,0.0,0.0,0.0,47.34678173678519,optimal
2021-02-10 10:30:00,7,19,2.0,0.0,0.0,0.12266666666666669,11.025,6.0,10,20.694095970969467,,7000.0,0.0,0.0,0.0,47.2654964602679,optimal
2021-02-10 11:00:00,7,19,0.0,0.0,0.0,0.071,14.553,6.0,10,20.785134129416875,,0.0,0.0,0.0,0.0,47.18429246902712,optimal
2021-02-10 11:30:00,7,19,0.0,0.0,0.0,0.0942,13.0935,6.0,10,20.73385225908185,,0.0,0.0,0.0,0.0,47.10316968177759,optimal
2021-02-10 12:00:00,7,19,0.0,0.0,0.0,0.2012333333333333,15.6345,6.0,10,20.68343094790649,,0.0,0.0,0.0,0.0,47.0221280173153,optimal
2021-02-10 12:30:00,7,19,0.0,0.0,0.0,0.1485,18.102,6.0,10,20.63556174772525,,0.0,0.0,0.0,0.0,46.94116739451748,optimal
2021-02-10 13:00:00,7,19,0.0,0.0,0.0,0.071,17.199,6.0,10,20.586751099098624,,0.0,0.0,0.0,0.0,46.86028773234246,optimal
2021-02-10 13:30:00,7,19,0.0,0.0,0.0,0.5190666666666667,18.2805,6.0,10,20.536501051329644,,0.0,0.0,0.0,0.0,46.779488949829606,optimal
2021-02-10 14:00:00,7,19,0.0,0.0,0.0,0.1464,17.4615,6.0,10,20.497225618999664,,0.0,0.0,0.0,0.0,46.69877096609927,optimal
2021-02-10 14:30:00,7,19,0.0,0.0,0.0,0.08259999999999999,18.3225,6.0,10,20.449766844077807,,0.0,0.0,0.0,0.0,46.61813370035266,optimal
2021-02-10 15:00:00,7,19,0.0,0.0,0.0,0.249,17.094,6.0,10,20.401141965402203,,0.0,0.0,0.0,0.0,46.537577071871794,optimal
2021-02-10 15:30:00,7,19,0.0,0.0,0.0,0.11233333333333331,17.094,6.0,10,20.35600499117053,,0.0,0.0,0.0,0.0,46.457101000019414,optimal
2021-02-10 16:00:00,7,19,0.0,0.0,0.0,0.36610000000000004,17.094,6.0,10,20.307705687984086,,0.0,0.0,0.0,0.0,46.37670540423888,optimal
2021-02-10 16:30:00,7,19,0.0,0.0,0.0,0.2597333333333333,17.3565,6.0,10,20.26791541141919,,0.0,0.0,0.0,0.0,46.296390204054134,optimal
2021-02-10 17:00:00,7,19,0.0,0.0,0.0,0.4934666666666666,17.115,6.0,10,20.226561246867643,,0.0,0.0,0.0,0.0,46.21615531906957,optimal
2021-02-10 17:30:00,7,19,0.0,0.0,0.0,0.23176666666666668,17.241,6.0,10,20.191606320539115,,0.0,0.0,0.0,0.0,46.13600066896999,optimal
2021-02-10 18:00:00,7,19,0.0,0.0,0.0,0.5648,17.094,6.0,10,20.155268703658113,,0.0,0.0,0.0,0.0,46.05592617352051,optimal
2021-02-10 18:30:00,7,19,0.0,0.0,0.0,1.3120666666666667,16.5165,6.0,10,20.126014002359856,,0.0,0.0,0.0,0.0,45.97593175256648,optimal
2021-02-10 19:00:00,7,19,0.0,0.0,0.0,1.2377333333333331,17.8185,6.0,10,20.093505086113023,,0.0,0.0,0.0,0.0,45.89601732603341,optimal
2021-02-10 19:30:00,7,19,0.0,0.0,0.0,0.46463333333333334,17.094,6.0,10,20.06417327419723,,0.0,0.0,0.0,0.0,45.816182813926865,optimal
2021-02-10 20:00:00,7,19,0.0,0.0,0.0,0.39953333333333335,16.8945,6.0,10,20.03417914277327,,0.0,0.0,0.0,0.0,45.73642813633243,optimal
2021-02-10 20:30:00,7,19,0.0,0.0,0.0,0.5208666666666667,18.123,6.0,10,20.0,,0.0,0.0,0.0,0.0,45.65675321341559,optimal
2021-02-10 21:00:00,7,19,0.0,0.0,0.0,0.4662,31.647,6.0,10,19.965709166413678,,0.0,0.0,0.0,0.0,45.57715796542167,optimal
2021-02-10 21:30:00,7,19,0.0,0.0,0.0,0.5206000000000001,34.9965,6.0,10,19.931430176448032,,0.0,0.0,0.0,0.0,45.497642312675744,optimal
2021-02-10 22:00:00,7,19,0.0,0.0,0.0,0.44830000000000003,34.9965,6.0,10,19.898423671398305,,0.0,0.0,0.0,0.0,45.41820617558256,optimal
2021-02-10 22:30:00,7,19,0.0,0.0,0.0,0.6520333333333334,34.9965,6.0,10,19.86342473653242,,0.0,0.0,0.0,0.0,45.33884947462647,optimal
2021-02-10 23:00:00,7,19,0.0,0.0,0.0,0.5620666666666667,34.9965,6.0,10,19.830304214322023,,0.0,0.0,0.0,0.0,45.293510625151846,optimal
2021-02-10 23:30:00,7,19,0.0,0.0,0.0,0.3969666666666666,34.9965,6.0,10,19.79647178532724,,0.0,0.0,0.0,0.0,45.248217114526696,optimal
2021-02-11 00:00:00,7,19,0.7347330951598845,0.0,0.0,0.1799,12.873,6.0,6,19.79647178532724,,2571.5658330595957,0.0,0.0,0.0,45.20296889741217,optimal
2021-02-11 00:30:00,7,19,2.0,0.0,0.0,0.12866666666666665,12.684,6.0,6,19.79839745143478,,0.0,0.0,7000.0,0.0,45.157765928514756,optimal
2021-02-11 01:00:00,7,19,2.0,0.0,0.0,0.08183333333333333,12.306,6.0,6,19.747585774628483,,0.0,0.0,7000.0,0.0,45.11260816258624,optimal
2021-02-11 01:30:00,7,19,2.0,0.0,0.0,0.24813333333333332,10.6365,6.0,6,19.696218477069962,,100.0,0.0,6900.0,0.0,45.06749555442366,optimal
2021-02-11 02:00:00,7,19,2.0,0.0,0.0,0.07826666666666666,11.2455,6.0,6,19.650364580013107,,7000.0,0.0,0.0,0.0,45.02242805886923,optimal
2021-02-11 02:30:00,7,19,2.0,0.0,0.0,0.2013,11.2455,6.0,6,19.740605889109187,,7000.0,0.0,0.0,0.0,44.97740563081036,optimal
2021-02-11 03:00:00,7,19,2.0,0.0,0.0,0.1251,11.025,6.0,6,19.83284024950264,,7000.0,0.0,0.0,0.0,44.93242822517955,optimal
2021-02-11 03:30:00,7,19,2.0,0.0,0.0,0.06756666666666666,12.0855,6.0,6,19.923037164318274,,7000.0,0.0,0.0,0.0,44.88749579695437,optimal
2021-02-11 04:00:00,7,19,2.0,0.0,0.0,0.16733333333333333,11.6865,6.0,6,20.012485562215733,,7000.0,0.0,0.0,0.0,44.84260830115741,optimal
2021-02-11 04:30:00,7,19,2.0,0.0,0.0,0.17333333333333334,11.2245,6.0,6,20.104365490461827,,7000.0,0.0,0.0,0.0,44.79776569285625,optimal
2021-02-11 05:00:00,7,19,2.0,0.0,0.0,0.11036666666666665,11.025,6.0,6,20.196128672334694,,7000.0,0.0,0.0,0.0,44.7529679271634,optimal
2021-02-11 05:30:00,7,19,2.0,0.0,0.0,0.23386666666666667,10.7835,6.0,6,20.28638199917504,,7000.0,0.0,0.0,0.0,44.70821495923623,optimal
2021-02-11 06:00:00,7,19,2.0,0.0,0.0,0.09253333333333331,11.025,6.0,6,20.37954428277202,,7000.0,0.0,0.0,0.0,44.663506744276994,optimal
2021-02-11 06:30:00,7,19,2.0,0.0,2.4119749656345624,0.0833,10.584,6.0,6,20.47025726354765,,6512.333333333333,0.0,487.6666666666667,0.0,45.764531346209125,optimal
2021-02-11 07:00:00,7,19,2.0,0.0,0.0,0.22776666666666667,11.025,6.0,6,20.552636436376485,,7000.0,0.0,0.0,0.0,45.71876681486292,optimal
2021-02-11 07:30:00,7,19,2.0,0.0,5.0,0.10479999999999999,10.4265,6.0,6,20.65219169568561,,7000.0,0.0,0.0,0.0,48.048048048048045,optimal
2021-02-11 08:00:00,7,19,2.0,0.0,0.0,0.42253333333333337,12.789,6.0,6,20.754491497376492,,7000.0,0.0,0.0,0.0,48.0,optimal
2021-02-11 08:30:00,7,19,2.0,0.0,0.0,0.4057,12.684,6.0,6,20.869994603632144,,7000.0,0.0,0.0,0.0,47.674048608648995,optimal
2021-02-11 09:00:00,7,19,0.0,0.0,0.0,0.2413333333333333,16.254,6.0,6,20.982515535844957,,0.0,0.0,0.0,0.0,47.348423168689344,optimal
2021-02-11 09:30:00,7,19,0.0,0.0,0.0,0.42706666666666665,17.64,6.0,6,20.942574405055,,0.0,0.0,0.0,0.0,47.02312335416965,optimal
2021-02-11 10:00:00,7,19,0.0,0.0,0.0,0.5670333333333333,19.1625,6.0,6,20.906826537567472,,0.0,0.0,0.0,0.0,46.69814883946447,optimal
2021-02-11 10:30:00,7,19,0.0,0.0,0.0,0.5346333333333333,26.46,6.0,6,20.87719838099608,,0.0,0.0,0.0,0.0,46.373499299274,optimal
2021-02-11 11:00:00,7,19,0.0,0.0,0.0,0.35096666666666665,20.79,6.0,6,20.8416332248447,,0.0,0.0,0.0,0.0,46.04917440862373,optimal
2021-02-11 11:30:00,7,19,0.0,0.0,0.0,0.2886666666666667,29.106,6.0,6,20.798115259980143,,0.0,0.0,0.0,0.0,45.7251738428641,optimal
2021-02-11 12:00:00,7,19,0.0,0.0,0.0,0.14223333333333332,19.1835,6.0,6,20.750981227367166,,0.0,0.0,0.0,0.0,45.40149727767024,optimal
2021-02-11 12:30:00,7,19,0.0,0.0,0.0,0.0923,19.6665,6.0,6,20.70172078282595,,0.0,0.0,0.0,0.0,45.07814438904156,optimal
2021-02-11 13:00:00,7,19,0.0,0.0,0.0,0.1899,19.404,6.0,6,20.65326257958636,,0.0,0.0,0.0,0.0,44.755114853301514,optimal
2021-02-11 13:30:00,7,19,0.0,0.0,0.0,0.11323333333333332,19.047,6.0,6,20.60858532070906,,0.0,0.0,0.0,0.0,44.43240834709721,optimal
2021-02-11 14:00:00,7,19,0.0,0.0,0.0,0.21486666666666668,18.858,6.0,6,20.562733796452658,,0.0,0.0,0.0,0.0,44.11002454739911,optimal
2021-02-11 14:30:00,7,19,0.0,0.0,0.0,0.0923,19.2675,6.0,6,20.51931344353296,,0.0,0.0,0.0,0.0,43.7879631315007,optimal
2021-02-11 15:00:00,7,19,0.0,0.0,0.0,0.12279999999999999,18.963,6.0,6,20.47262269028196,,0.0,0.0,0.0,0.0,43.4662237770182,optimal
2021-02-11 15:30:00,7,19,0.0,0.0,0.0,0.21646666666666667,18.438,6.0,6,20.42576258351611,,0.0,0.0,0.0,0.0,43.14480616189018,optimal
2021-02-11 16:00:00,7,19,0.0,0.0,0.0,0.5882666666666666,18.7425,6.0,6,20.377937772109007,,0.0,0.0,0.0,0.0,42.82370996437729,optimal
2021-02-11 16:30:00,7,19,0.0,0.0,0.0,0.6419333333333332,15.2145,6.0,6,20.342768331971595,,0.0,0.0,0.0,0.0,42.50293486306191,optimal
2021-02-11 17:00:00,7,19,0.0,0.0,0.0,0.506,17.7765,6.0,6,20.30709597675473,,0.0,0.0,0.0,0.0,42.18248053684785,optimal
2021-02-11 17:30:00,7,19,0.0,0.0,0.0,0.261,16.758,6.0,6,20.271554799973526,,0.0,0.0,0.0,0.0,41.86234666496,optimal
2021-02-11 18:00:00,7,19,0.0,0.0,0.0,0.5191666666666667,16.422,6.0,6,20.228724030112787,,0.0,0.0,0.0,0.0,41.542532926944034,optimal
2021-02-11 18:30:00,7,19,0.0,0.0,0.0,0.3136333333333333,16.758,6.0,6,20.195723990004485,,0.0,0.0,0.0,0.0,41.223039002666084,optimal
2021-02-11 19:00:00,7,19,0.0,0.0,0.0,0.2682,29.358,6.0,6,20.153630744101278,,0.0,0.0,0.0,0.0,40.903864572312415,optimal
2021-02-11 19:30:00,7,19,0.0,0.0,0.0,0.1751,34.9965,6.0,6,20.108162039423053,,0.0,0.0,0.0,0.0,40.5850093163891,optimal
2021-02-11 20:00:00,7,19,0.0,0.0,0.0,0.2447,34.65,6.0,6,20.056094153514564,,0.0,0.0,0.0,0.0,40.26647291572171,optimal
2021-02-11 20:30:00,7,19,0.0,0.0,0.0,0.195,34.9965,6.0,6,20.0,,0.0,0.0,0.0,0.0,39.94825505145498,optimal
2021-02-11 21:00:00,7,19,0.0,0.0,0.0,0.2367333333333333,34.9965,6.0,6,19.93937157270975,,0.0,0.0,0.0,0.0,39.63035540505252,optimal
2021-02-11 21:30:00,7,19,0.0,0.0,0.0,0.1275,30.4815,6.0,6,19.87521533185228,,0.0,0.0,0.0,0.0,39.312773658296464,optimal
2021-02-11 22:00:00,7,19,0.0,0.0,0.0,0.09079999999999999,21.4305,6.0,6,19.8099248013865,,0.0,0.0,0.0,0.0,38.995509493287166,optimal
2021-02-11 22:30:00,7,19,0.0,0.0,0.0,0.2021,14.3325,6.0,6,19.744968391556483,,0.0,0.0,0.0,0.0,38.67856259244287,optimal
2021-02-11 23:00:00,7,19,0.0,0.0,0.0,0.20533333333333328,13.692,6.0,6,19.680874925526876,,0.0,0.0,0.0,0.0,38.63988402985043,optimal
2021-02-11 23:30:00,7,19,0.0,0.0,0.0,0.069,14.007,6.0,6,19.62001278538425,,0.0,0.0,0.0,0.0,38.60124414582058,optimal
2021-02-12 00:00:00,7,19,2.0,0.0,5.0,0.14236666666666667,10.8465,6.0,-11,19.62001278538425,,6791.0,0.0,209.0,0.0,40.93764290167476,optimal
2021-02-12 00:30:00,7,19,0.5573333333333333,0.0,0.0,0.218,13.671,6.0,-11,19.706805966070863,,0.0,0.0,1950.6666666666667,0.0,40.89670525877308,optimal
2021-02-12 01:00:00,7,19,2.0,0.0,5.0,0.22569999999999998,12.348,6.0,-11,19.659608911481683,,4631.333333333334,0.0,2368.6666666666665,0.0,43.23080855351431,optimal
2021-02-12 01:30:00,7,19,0.0,0.0,0.0,0.3086333333333333,14.3325,6.0,-11,19.706773537466997,,0.0,0.0,0.0,0.0,43.18757774496079,optimal
2021-02-12 02:00:00,7,19,0.0,0.0,0.0,0.2612,15.393,6.0,-11,19.65745754384356,,0.0,0.0,0.0,0.0,43.14439016721583,optimal
2021-02-12 02:30:00,7,19,2.0,0.0,0.8664298956213058,0.056,13.587,6.0,-11,19.6016433903135,,7000.0,0.0,0.0,0.0,43.51279997746874,optimal
2021-02-12 03:00:00,7,19,0.0,0.0,0.0,0.056,16.1385,6.0,-11,19.684033780385704,,0.0,0.0,0.0,0.0,43.46928717749127,optimal
2021-02-12 03:30:00,7,19,0.0,0.0,0.0,0.13140000000000002,14.595,6.0,-11,19.625558921405364,,0.0,0.0,0.0,0.0,43.42581789031377,optimal
2021-02-12 04:00:00,7,19,0.0,0.0,0.0,0.2601333333333333,14.637,6.0,-11,19.570571920529527,,0.0,0.0,0.0,0.0,43.38239207242345,optimal
2021-02-12 04:30:00,7,19,0.0,0.0,0.0,0.056,13.9125,6.0,-11,19.52014129736727,,0.0,0.0,0.0,0.0,43.339009680351026,optimal
2021-02-12 05:00:00,7,19,2.0,0.0,5.0,0.5700666666666667,13.3665,6.0,-11,19.46752997162935,,7000.0,0.0,0.0,0.0,45.670670670670674,optimal
2021-02-12 05:30:00,7,19,2.0,0.0,5.0,2.8536333333333332,13.0095,6.0,-11,19.571861837694616,,7000.0,0.0,0.0,0.0,48.0,optimal
2021-02-12 06:00:00,7,19,0.30077055419127346,0.0,0.0,0.2114,13.8915,6.0,-11,19.71084430659385,,1052.6969396694572,0.0,0.0,0.0,47.36555246408736,optimal
2021-02-12 06:30:00,7,19,2.0,0.0,0.0,0.428,13.188,6.0,-11,19.69917987464495,,7000.0,0.0,0.0,0.0,46.73173937571063,optimal
2021-02-12 07:00:00,7,19,2.0,0.0,0.0,0.3072,12.5685,6.0,-11,19.80828109687026,,7000.0,0.0,0.0,0.0,46.09856010042228,optimal
2021-02-12 07:30:00,7,19,2.0,0.0,0.0,0.2714,12.285,6.0,-11,19.904635267437857,,7000.0,0.0,0.0,0.0,45.46601400440922,optimal
2021-02-12 08:00:00,7,19,2.0,0.0,0.0,0.2692,11.487,6.0,-11,20.0,,6164.0,0.0,836.0,0.0,44.834100454492166,optimal
2021-02-12 08:30:00,7,19,2.0,0.0,0.0,0.3457333333333333,11.802,6.0,-11,20.077161519760864,,7000.0,0.0,0.0,0.0,44.20281881812503,optimal
2021-02-12 09:00:00,7,19,2.0,0.0,0.0,0.182,11.2245,6.0,-11,20.172752632480755,,7000.0,0.0,0.0,0.0,43.57216846339426,optimal
2021-02-12 09:30:00,7,19,2.0,0.0,0.0,0.22953333333333334,11.025,6.0,-11,20.254514846267124,,7000.0,0.0,0.0,0.0,42.94214875901823,optimal
2021-02-12 10:00:00,7,19,1.3645506892068935,0.0,0.0,0.066,11.907,6.0,-11,20.342723713630427,,4775.927412224128,0.0,0.0,0.0,42.31275907434657,optimal
2021-02-12 10:30:00,7,19,0.0,0.0,0.0,0.12546666666666667,25.83,6.0,-11,20.388162685972144,,0.0,0.0,0.0,0.0,41.683998779359584,optimal
2021-02-12 11:00:00,7,19,0.0,0.0,0.0,0.17006666666666667,28.035,6.0,-11,20.339228025157556,,0.0,0.0,0.0,0.0,41.05586724466758,optimal
2021-02-12 11:30:00,7,19,0.0,0.0,0.0,0.066,28.119,6.0,-11,20.29235722100872,,0.0,0.0,0.0,0.0,40.428363841510276,optimal
2021-02-12 12:00:00,7,19,0.0,0.0,0.0,0.32746666666666663,30.156,6.0,-11,20.243634738693366,,0.0,0.0,0.0,0.0,39.80148794175612,optimal
2021-02-12 12:30:00,7,19,0.0,0.0,0.0,0.0814,29.1585,6.0,-11,20.201440657315878,,0.0,0.0,0.0,0.0,39.17523891790172,optimal
2021-02-12 13:00:00,7,19,0.0,0.0,0.0,0.093,26.712,6.0,-11,20.158648910011525,,0.0,0.0,0.0,0.0,38.549616143071184,optimal
2021-02-12 13:30:00,7,19,0.0,0.0,0.0,0.5522666666666667,15.435,6.0,-11,20.12273657031931,,0.0,0.0,0.0,0.0,37.92461899101547,optimal
2021-02-12 14:00:00,7,19,0.0,0.0,0.0,0.10316666666666668,13.566,6.0,-11,20.09607201662681,,0.0,0.0,0.0,0.0,37.30024683611182,optimal
2021-02-12 14:30:00,7,19,0.0,0.0,0.0,0.066,12.789,6.0,-11,20.04847933634848,,0.0,0.0,0.0,0.0,36.67649905336307,optimal
2021-02-12 15:00:00,7,19,1.1366633983102992,0.0,0.0,0.22953333333333334,12.1275,6.0,-11,20.0,,3978.3218940860475,0.0,0.0,0.0,36.05337501839706,optimal
2021-02-12 15:30:00,7,19,0.0,0.0,0.0,0.31803333333333333,13.671,6.0,-11,20.035069776760757,,0.0,0.0,0.0,0.0,35.430874107466025,optimal
2021-02-12 16:00:00,7,19,1.1981681426482267,0.0,0.0,0.212,10.668,6.0,-11,20.0,,3148.5884992687934,0.0,1045.0,0.0,34.808995697445916,optimal
2021-02-12 16:30:00,7,19,0.0,0.0,0.0,0.20896666666666666,11.7285,6.0,-11,20.03187635353769,,0.0,0.0,0.0,0.0,34.18773916583583,optimal
2021-02-12 17:00:00,7,19,0.0,0.0,0.0,1.9912,11.025,6.0,-11,20.00370943379688,,0.0,0.0,0.0,0.0,33.56710389075735,optimal
2021-02-12 17:30:00,7,19,0.24404617598260273,0.0,0.0,0.9276333333333332,10.689,6.0,-11,20.0,,854.1616159391095,0.0,0.0,0.0,32.94708925095395,optimal
2021-02-12 18:00:00,7,19,1.9521919807968018,0.0,0.0,0.3228666666666667,8.1585,6.0,-11,20.0,,2652.671932788806,0.0,4180.0,0.0,32.914142161703,optimal
2021-02-12 18:30:00,7,19,0.0,0.0,0.0,0.5172,10.3635,6.0,-11,20.03385761851952,,0.0,0.0,0.0,0.0,32.8812280195413,optimal
2021-02-12 19:00:00,7,19,0.0,0.0,0.0,1.0067333333333333,10.8045,6.0,-11,20.01980947186157,,0.0,0.0,0.0,0.0,32.848346791521756,optimal
2021-02-12 19:30:00,7,19,0.0,0.0,0.0,2.0983,11.025,6.0,-11,20.007937536208313,,0.0,0.0,0.0,0.0,32.81549844473023,optimal
2021-02-12 20:00:00,7,19,0.0,0.0,0.0,0.5312,10.3635,6.0,-11,20.01475392869953,,0.0,0.0,0.0,0.0,32.7826829462855,optimal
2021-02-12 20:30:00,7,19,0.0,0.0,0.0,0.24546666666666667,10.8045,6.0,-11,20.0,,0.0,0.0,0.0,0.0,32.749900263339214,optimal
2021-02-12 21:00:00,7,19,0.0,0.0,0.0,0.47736666666666666,10.059,6.0,-11,19.977132683254172,,0.0,0.0,0.0,0.0,32.71715036307587,optimal
2021-02-12 21:30:00,7,19,0.0,0.0,0.0,0.5517666666666666,10.584,6.0,-11,19.957416048147365,,0.0,0.0,0.0,0.0,32.6844332127128,optimal
2021-02-12 22:00:00,7,19,0.0,0.0,0.0,0.3709333333333333,9.4185,6.0,-11,19.93777680499509,,0.0,0.0,0.0,0.0,32.65174877950008,optimal
2021-02-12 22:30:00,7,19,0.0,0.0,0.0,0.8513333333333334,10.3635,6.0,-11,19.91445557417419,,0.0,0.0,0.0,0.0,32.61909703072058,optimal
2021-02-12 23:00:00,7,19,0.0,0.0,0.0,0.44226666666666664,9.8385,6.0,-11,19.9026855042501,,0.0,0.0,0.0,0.0,32.586477933689864,optimal
2021-02-12 23:30:00,7,19,0.0,0.0,0.0,0.0756,11.067,6.0,-11,19.876286480699658,,0.0,0.0,0.0,0.0,32.55389145575617,optimal
2021-02-13 00:00:00,7,19,2.0,0.0,5.0,0.061,11.025,6.0,19,19.876286480699658,,7000.0,0.0,0.0,0.0,34.89633756430042,optimal
2021-02-13 00:30:00,7,19,2.0,0.0,5.0,0.061,10.8465,6.0,19,19.973867719258145,,4979.666666666667,0.0,2020.333333333333,0.0,37.23644122673612,optimal
2021-02-13 01:00:00,7,19,2.0,0.0,5.0,0.061,11.2455,6.0,19,20.030506657602167,,7000.0,0.0,0.0,0.0,39.57420478550938,optimal
2021-02-13 01:30:00,7,19,0.0,0.0,0.0,0.061,23.8665,6.0,19,20.12794746466399,,0.0,0.0,0.0,0.0,39.53463058072387,optimal
2021-02-13 02:00:00,7,19,0.0,0.0,0.0,0.061,27.4575,6.0,19,20.083836536039033,,0.0,0.0,0.0,0.0,39.495095950143146,optimal
2021-02-13 02:30:00,7,19,0.0,0.0,0.0,0.061,27.3735,6.0,19,20.03996935686888,,0.0,0.0,0.0,0.0,39.455600854193,optimal
2021-02-13 03:00:00,7,19,0.0,0.0,0.0,0.061,30.4605,6.0,19,19.996215794694784,,0.0,0.0,0.0,0.0,39.41614525333881,optimal
2021-02-13 03:30:00,7,19,0.0,0.0,0.0,0.061,30.0195,6.0,19,19.95257555524613,,0.0,0.0,0.0,0.0,39.37672910808547,optimal
2021-02-13 04:00:00,7,19,0.0,0.0,0.0,0.061,26.9325,6.0,19,19.90891884387238,,0.0,0.0,0.0,0.0,39.337352378977386,optimal
2021-02-13 04:30:00,7,19,0.0,0.0,0.0,0.061,14.595,6.0,19,19.865245703236194,,0.0,0.0,0.0,0.0,39.29801502659841,optimal
2021-02-13 05:00:00,7,19,0.0,0.0,3.772853980291317,0.061,12.4845,6.0,19,19.82142667474765,,0.0,0.0,0.0,0.0,41.05082265221018,optimal
2021-02-13 05:30:00,7,19,0.0,0.0,5.0,0.061,12.1275,6.0,19,19.777462136259615,,0.0,0.0,0.0,0.0,43.38477182955796,optimal
2021-02-13 06:00:00,7,19,1.982110121689517,0.0,5.0,0.061,12.1275,6.0,19,19.733352464646316,,6937.3854259133095,0.0,0.0,0.0,45.716387057728404,optimal
2021-02-13 06:30:00,7,19,0.0,0.0,0.0,0.06833333333333333,12.789,6.0,19,19.829261826145157,,0.0,0.0,0.0,0.0,45.670670670670674,optimal
2021-02-13 07:00:00,7,19,2.0,0.0,5.0,0.18080000000000002,11.907,6.0,19,19.784629488725578,,7000.0,0.0,0.0,0.0,48.0,optimal
2021-02-13 07:30:00,7,19,2.0,0.0,0.0,0.18866666666666662,11.025,6.0,19,19.891308091429412,,7000.0,0.0,0.0,0.0,47.828223342308725,optimal
2021-02-13 08:00:00,7,19,2.0,0.0,0.0,0.1958,8.2005,6.0,19,20.0,,4004.333333333334,0.0,2995.666666666666,0.0,47.656618461275144,optimal
2021-02-13 08:30:00,7,19,0.0,0.0,0.0,0.5122000000000001,9.5655,6.0,19,20.042113062714176,,0.0,0.0,0.0,0.0,47.485185185122596,optimal
2021-02-13 09:00:00,7,19,2.0,0.0,0.0,0.2002,7.056,6.0,19,20.003778782850713,,7000.0,0.0,0.0,0.0,47.3139233422462,optimal
2021-02-13 09:30:00,7,19,0.0,0.0,0.0,0.19666666666666663,9.3975,6.0,19,20.104409079858165,,0.0,0.0,0.0,0.0,47.14283276121268,optimal
2021-02-13 10:00:00,7,19,0.0,0.0,0.0,0.26063333333333333,10.059,6.0,19,20.061752033328954,,0.0,0.0,0.0,0.0,46.9719132707602,optimal
2021-02-13 10:30:00,7,19,0.25776240978458154,0.0,0.0,0.33323333333333327,9.261,6.0,19,20.021271980022924,,902.1684342460354,0.0,0.0,0.0,46.801164699798164,optimal
2021-02-13 11:00:00,7,19,2.0,0.0,0.0,0.338,8.1585,6.0,19,20.0,,4989.276016226629,0.0,2010.7239837733714,0.0,46.63058687740709,optimal
2021-02-13 11:30:00,7,19,0.0,0.0,0.0,0.24509999999999998,9.4815,6.0,19,20.062463555850634,,0.0,0.0,0.0,0.0,46.46017963283841,optimal
2021-02-13 12:00:00,7,19,1.0658229375235775,0.0,0.0,0.071,8.379,6.0,19,20.021079795292252,,3730.3802813325215,0.0,0.0,0.0,46.2899427955143,optimal
2021-02-13 12:30:00,7,19,0.0,0.0,0.0,0.28113333333333335,9.5235,6.0,19,20.04451749717993,,0.0,0.0,0.0,0.0,46.119876195027516,optimal
2021-02-13 13:00:00,7,19,2.0,0.0,0.0,1.7058,8.1375,6.0,19,20.0,,4091.451292471987,0.0,2908.548707528013,0.0,45.949979661141214,optimal
2021-02-13 13:30:00,7,19,0.0,0.0,0.0,0.34986666666666666,10.0905,6.0,19,20.04370510176714,,0.0,0.0,0.0,0.0,45.7802530237888,optimal
2021-02-13 14:00:00,7,19,2.0,0.0,0.0,0.2323,7.539,6.0,19,20.0,,3837.939357968051,0.0,3162.060642031949,0.0,45.61069611307374,optimal
2021-02-13 14:30:00,7,19,2.0,0.0,0.0,0.43273333333333336,7.938,6.0,19,20.031557841547883,,7000.0,0.0,0.0,0.0,45.4413087592694,optimal
2021-02-13 15:00:00,7,19,2.0,0.0,0.0,0.44556666666666667,8.274,6.0,19,20.139011416835785,,7000.0,0.0,0.0,0.0,45.27209079281885,optimal
2021-02-13 15:30:00,7,19,0.0,0.0,0.0,0.2119,9.261,6.0,19,20.24512541370739,,0.0,0.0,0.0,0.0,45.10304204433476,optimal
2021-02-13 16:00:00,7,19,0.0,0.0,0.0,0.39953333333333335,9.9225,6.0,19,20.21145336525354,,0.0,0.0,0.0,0.0,44.93416234459915,optimal
2021-02-13 16:30:00,7,19,0.0,0.0,0.0,4.387866666666667,9.702,6.0,19,20.182258223727754,,0.0,0.0,0.0,0.0,44.76545152456328,optimal
2021-02-13 17:00:00,7,19,0.0,0.0,0.0,2.041533333333333,10.584,6.0,19,20.185608610103703,,0.0,0.0,0.0,0.0,44.59690941534745,optimal
2021-02-13 17:30:00,7,19,0.0,0.0,0.0,0.39426666666666665,10.143,6.0,19,20.163822853492697,,0.0,0.0,0.0,0.0,44.42853584824083,optimal
2021-02-13 18:00:00,7,19,0.0,0.0,0.0,0.3702,13.0095,6.0,19,20.13264757065825,,0.0,0.0,0.0,0.0,44.26033065470131,optimal
2021-02-13 18:30:00,7,19,0.0,0.0,0.0,0.5054333333333333,11.025,6.0,19,20.101514793387473,,0.0,0.0,0.0,0.0,44.09229366635534,optimal
2021-02-13 19:00:00,7,19,0.0,0.0,0.0,1.607,12.789,6.0,19,20.072606113447108,,0.0,0.0,0.0,0.0,43.92442471499771,optimal
2021-02-13 19:30:00,7,19,0.0,0.0,0.0,0.07666666666666667,12.1275,6.0,19,20.052137832177497,,0.0,0.0,0.0,0.0,43.756723632591445,optimal
2021-02-13 20:00:00,7,19,0.0,0.0,0.0,0.30036666666666667,12.1695,6.0,19,20.024276685903118,,0.0,0.0,0.0,0.0,43.712966908958855,optimal
2021-02-13 20:30:00,7,19,0.0,0.0,0.0,0.3086666666666667,12.306,6.0,19,20.0,,0.0,0.0,0.0,0.0,43.6692539420499,optimal
2021-02-13 21:00:00,7,19,0.0,0.0,0.0,0.23333333333333328,13.23,6.0,19,19.978417576283004,,0.0,0.0,0.0,0.0,43.62558468810785,optimal
2021-02-13 21:30:00,7,19,0.0,0.0,0.0,0.22866666666666663,13.671,6.0,19,19.95773693083079,,0.0,0.0,0.0,0.0,43.58195910341974,optimal
2021-02-13 22:00:00,7,19,0.0,0.0,0.0,0.332,13.9335,6.0,19,19.934525546602888,,0.0,0.0,0.0,0.0,43.53837714431632,optimal
2021-02-13 22:30:00,7,19,0.0,0.0,0.0,0.28436666666666666,13.293,6.0,19,19.904914153955946,,0.0,0.0,0.0,0.0,43.494838767172006,optimal
2021-02-13 23:00:00,7,19,0.0,0.0,0.0,0.071,12.1065,6.0,19,19.87384750423059,,0.0,0.0,0.0,0.0,43.45134392840483,optimal
2021-02-13 23:30:00,7,19,0.0,0.0,0.0,0.071,11.571,6.0,19,19.83052420144935,,0.0,0.0,0.0,0.0,43.40789258447643,optimal
2021-02-07 00:00:00,8,19,0.0,0.0,0.0,0.0653,5.292,6.0,1,21.0,,0.0,0.0,0.0,0.0,47.952,optimal
2021-02-07 00:30:00,8,19,0.0,0.0,0.0,0.077,9.261,6.0,1,20.96393737911569,,0.0,0.0,0.0,0.0,47.904047999999996,optimal
2021-02-07 01:00:00,8,19,0.0,0.0,0.0,0.066,10.3635,6.0,1,20.930841471537157,,0.0,0.0,0.0,0.0,47.856143952,optimal
2021-02-07 01:30:00,8,19,0.0,0.0,0.0,0.066,8.274,6.0,1,20.889012467270934,,0.0,0.0,0.0,0.0,47.80828780804799,optimal
2021-02-07 02:00:00,8,19,0.0,0.0,0.0,0.066,7.7175,6.0,1,20.84716229993912,,0.0,0.0,0.0,0.0,47.76047952023995,optimal
2021-02-07 02:30:00,8,19,0.0,0.0,0.0,0.066,6.615,6.0,1,20.805291024354542,,0.0,0.0,0.0,0.0,47.712719040719705,optimal
2021-02-07 03:00:00,8,19,0.0,0.0,0.0,0.066,6.174,6.0,1,20.76326919404596,,0.0,0.0,0.0,0.0,47.66500632167899,optimal
2021-02-07 03:30:00,8,19,0.0,0.0,0.0,0.072,3.906,6.0,1,20.72109719895355,,0.0,0.0,0.0,0.0,47.61734131535731,optimal
2021-02-07 04:00:00,8,19,0.0,0.0,0.0,0.06766666666666667,2.3415,6.0,1,20.678904929149624,,0.0,0.0,0.0,0.0,47.56972397404195,optimal
2021-02-07 04:30:00,8,19,1.79609974448064,0.0,0.0,0.066,2.205,6.0,1,20.636692437146145,,6286.3491056822395,0.0,0.0,0.0,47.522154250067906,optimal
2021-02-07 05:00:00,8,19,2.0,0.0,1.5112607702418384,0.066,0.882,6.0,1,20.721599448731148,,7000.0,0.0,0.0,0.0,48.192480961682705,optimal
2021-02-07 05:30:00,8,19,2.0,0.0,0.0,0.066,1.5435,6.0,1,20.82070523985959,,7000.0,0.0,0.0,0.0,48.144288480721016,optimal
2021-02-07 06:00:00,8,19,2.0,0.0,0.0,0.07333333333333333,1.5435,6.0,1,20.91955434472525,,7000.0,0.0,0.0,0.0,48.096144192240295,optimal
2021-02-07 06:30:00,8,19,0.0,0.0,0.0,1.3253666666666666,5.0715,6.0,1,21.020188044602016,,0.0,0.0,0.0,0.0,48.048048048048045,optimal
2021-02-07 07:00:00,8,19,0.0,0.0,0.0,0.14113333333333333,5.376,6.0,1,20.995054037271103,,0.0,0.0,0.0,0.0,48.0,optimal
2021-02-07 07:30:00,8,19,0.0,0.0,0.0,1.2757333333333332,5.0715,6.0,1,20.968178886260745,,0.0,0.0,0.0,0.0,47.607586891399194,optimal
2021-02-07 08:00:00,8,19,0.0,0.0,0.0,0.4701,5.5125,6.0,1,20.94319052321685,,0.0,0.0,0.0,0.0,47.21556619590699,optimal
2021-02-07 08:30:00,8,19,0.0,0.0,0.0,0.076,9.261,6.0,1,20.905765264457575,,0.0,0.0,0.0,0.0,46.823937521110274,optimal
2021-02-07 09:00:00,8,19,0.0,0.0,0.0,0.076,11.7075,6.0,1,20.856708249660073,,0.0,0.0,0.0,0.0,46.43270047498836,optimal
2021-02-07 09:30:00,8,19,0.0,0.0,0.0,0.076,12.348,6.0,1,20.807648793137204,,0.0,0.0,0.0,0.0,46.04185466591257,optimal
2021-02-07 10:00:00,8,19,0.0,0.0,0.0,0.076,12.348,6.0,1,20.75884590286943,,0.0,0.0,0.0,0.0,45.65139970264585,optimal
2021-02-07 10:30:00,8,19,0.0,0.0,0.0,0.076,12.1275,6.0,1,20.710298915113906,,0.0,0.0,0.0,0.0,45.261335194342394,optimal
2021-02-07 11:00:00,8,19,0.0,0.0,0.0,0.076,12.5265,6.0,1,20.661618662881388,,0.0,0.0,0.0,0.0,44.87166075054725,optimal
2021-02-07 11:30:00,8,19,0.0,0.0,0.0,0.076,11.7495,6.0,1,20.612805492362835,,0.0,0.0,0.0,0.0,44.4823759811959,optimal
2021-02-07 12:00:00,8,19,0.0,0.0,0.0,0.076,13.23,6.0,1,20.564118749070904,,0.0,0.0,0.0,0.0,44.0934804966139,optimal
2021-02-07 12:30:00,8,19,0.0,0.0,0.0,0.076,14.3325,6.0,1,20.51555810626505,,0.0,0.0,0.0,0.0,43.70497390751648,optimal
2021-02-07 13:00:00,8,19,0.0,0.0,0.0,0.076,14.994,6.0,1,20.467123236633277,,0.0,0.0,0.0,0.0,43.31685582500816,optimal
2021-02-07 13:30:00,8,19,0.0,0.0,0.0,0.076,14.8155,6.0,1,20.41881381377209,,0.0,0.0,0.0,0.0,42.929125860582346,optimal
2021-02-07 14:00:00,8,19,0.0,0.0,0.0,0.076,14.112,6.0,1,20.370759014561678,,0.0,0.0,0.0,0.0,42.54178362612096,optimal
2021-02-07 14:30:00,8,19,0.0,0.0,0.0,0.076,14.007,6.0,1,20.322958179784262,,0.0,0.0,0.0,0.0,42.154828733894036,optimal
2021-02-07 15:00:00,8,19,0.0,0.0,0.0,0.076,13.23,6.0,1,20.275410651402865,,0.0,0.0,0.0,0.0,41.76826079655934,optimal
2021-02-07 15:30:00,8,19,0.0,0.0,0.0,0.076,11.382,6.0,1,20.22811577397599,,0.0,0.0,0.0,0.0,41.382079427161976,optimal
2021-02-07 16:00:00,8,19,0.0,0.0,0.0,0.8568666666666667,11.7495,6.0,1,20.18055488793568,,0.0,0.0,0.0,0.0,40.99628423913401,optimal
2021-02-07 16:30:00,8,19,0.0,0.0,0.0,0.11,24.3285,6.0,1,20.15831450905483,,0.0,0.0,0.0,0.0,40.610874846294074,optimal
2021-02-07 17:00:00,8,19,0.0,0.0,0.0,1.0567,28.917,6.0,1,20.126239315791068,,0.0,0.0,0.0,0.0,40.225850862846976,optimal
2021-02-07 17:30:00,8,19,0.0,0.0,0.0,1.1795,31.3635,6.0,1,20.099904613027242,,0.0,0.0,0.0,0.0,39.841211903383325,optimal
2021-02-07 18:00:00,8,19,0.0,0.0,0.0,1.391233333333333,33.306,6.0,1,20.084151318714166,,0.0,0.0,0.0,0.0,39.456957582879134,optimal
2021-02-07 18:30:00,8,19,0.0,0.0,0.0,2.2906999999999997,31.3425,6.0,1,20.069958565025328,,0.0,0.0,0.0,0.0,39.07308751669545,optimal
2021-02-07 19:00:00,8,19,0.0,0.0,0.0,0.3836666666666667,28.2555,6.0,1,20.06701942141641,,0.0,0.0,0.0,0.0,38.68960132057795,optimal
2021-02-07 19:30:00,8,19,0.0,0.0,0.0,0.2635,15.6975,6.0,1,20.04574476148992,,0.0,0.0,0.0,0.0,38.30649861065657,optimal
2021-02-07 20:00:00,8,19,0.0,0.0,0.0,0.30696666666666667,12.5475,6.0,1,20.022959383864915,,0.0,0.0,0.0,0.0,37.923779003445105,optimal
2021-02-07 20:30:00,8,19,0.0,0.0,0.0,0.30369999999999997,12.0855,6.0,1,20.0,,0.0,0.0,0.0,0.0,37.88585522444166,optimal
2021-02-07 21:00:00,8,19,0.0,0.0,0.0,0.31589999999999996,11.907,6.0,1,19.97761691751324,,0.0,0.0,0.0,0.0,37.84796936921722,optimal
2021-02-07 21:30:00,8,19,0.0,0.0,0.0,0.37073333333333336,12.5685,6.0,1,19.956306338674203,,0.0,0.0,0.0,0.0,37.810121399848,optimal
2021-02-07 22:00:00,8,19,0.0,0.0,0.0,0.35036666666666666,13.146,6.0,1,19.937367694189795,,0.0,0.0,0.0,0.0,37.77231127844815,optimal
2021-02-07 22:30:00,8,19,0.0,0.0,0.0,0.29483333333333334,10.584,6.0,1,19.91213333304862,,0.0,0.0,0.0,0.0,37.734538967169705,optimal
2021-02-07 23:00:00,8,19,0.0,0.0,0.0,0.2909333333333333,6.678,6.0,1,19.887357636412247,,0.0,0.0,0.0,0.0,37.69680442820253,optimal
2021-02-07 23:30:00,8,19,0.0,0.0,0.0,0.3102,7.938,6.0,1,19.862048740817972,,0.0,0.0,0.0,0.0,37.65910762377433,optimal
2021-02-08 00:00:00,8,19,2.0,0.0,0.0,0.1745,7.056,6.0,-8,19.862048740817972,,7000.0,0.0,0.0,0.0,37.62144851615056,optimal
2021-02-08 00:30:00,8,19,2.0,0.0,0.0,0.0965,5.271,6.0,-8,19.958174720614185,,7000.0,0.0,0.0,0.0,37.58382706763441,optimal
2021-02-08 01:00:00,8,19,2.0,0.0,0.0,0.1004,7.938,6.0,-8,20.052475810311723,,7000.0,0.0,0.0,0.0,37.546243240566774,optimal
2021-02-08 01:30:00,8,19,2.0,0.0,0.0,0.26593333333333335,7.938,6.0,-8,20.1466114541137,,7000.0,0.0,0.0,0.0,37.508696997326204,optimal
2021-02-08 02:00:00,8,19,2.0,0.0,0.0,0.09,11.907,6.0,-8,20.24371823917841,,7000.0,0.0,0.0,0.0,37.471188300328876,optimal
2021-02-08 02:30:00,8,19,2.0,0.0,0.0,0.2568333333333333,11.025,6.0,-8,20.336889435555076,,7000.0,0.0,0.0,0.0,37.433717112028546,optimal
2021-02-08 03:00:00,8,19,2.0,0.0,0.0,0.1355,11.2875,6.0,-8,20.433319538779774,,7000.0,0.0,0.0,0.0,37.396283394916516,optimal
2021-02-08 03:30:00,8,19,0.0,0.0,0.0,0.16106666666666666,12.936,6.0,-8,20.52717795335275,,0.0,0.0,0.0,0.0,37.3588871115216,optimal
2021-02-08 04:00:00,8,19,0.0,0.0,0.0,0.23126666666666668,13.0095,6.0,-8,20.47975146051817,,0.0,0.0,0.0,0.0,37.32152822441007,optimal
2021-02-08 04:30:00,8,19,0.0,0.0,0.0,0.064,13.671,6.0,-8,20.433736631695027,,0.0,0.0,0.0,0.0,37.28420669618566,optimal
2021-02-08 05:00:00,8,19,0.0,0.0,0.0,0.1853333333333333,13.188,6.0,-8,20.384202503692574,,0.0,0.0,0.0,0.0,37.24692248948948,optimal
2021-02-08 05:30:00,8,19,0.0,0.0,0.0,0.1485,13.8495,6.0,-8,20.336989101552742,,0.0,0.0,0.0,0.0,37.20967556699999,optimal
2021-02-08 06:00:00,8,19,0.0,0.0,0.0,0.2438333333333333,13.23,6.0,-8,20.28902429685357,,0.0,0.0,0.0,0.0,37.17246589143299,optimal
2021-02-08 06:30:00,8,19,0.0,0.0,0.0,0.064,13.3665,6.0,-8,20.242980347370793,,0.0,0.0,0.0,0.0,37.13529342554156,optimal
2021-02-08 07:00:00,8,19,0.6033611287348843,0.0,0.0,0.3106666666666667,13.0515,6.0,-8,20.19329277679151,,2111.7639505720954,0.0,0.0,0.0,37.09815813211602,optimal
2021-02-08 07:30:00,8,19,0.0,0.0,0.0,0.09,13.5345,6.0,-8,20.191086052241076,,0.0,0.0,0.0,0.0,37.0610599739839,optimal
2021-02-08 08:00:00,8,19,0.0,0.0,0.0,0.15630000000000002,14.154,6.0,-8,20.14218769741873,,0.0,0.0,0.0,0.0,37.023998914009915,optimal
2021-02-08 08:30:00,8,19,0.0,0.0,0.0,0.23603333333333334,14.112,6.0,-8,20.095014526129752,,0.0,0.0,0.0,0.0,36.98697491509591,optimal
2021-02-08 09:00:00,8,19,0.0,0.0,0.0,0.06866666666666667,14.2485,6.0,-8,20.049315474243407,,0.0,0.0,0.0,0.0,36.94998794018081,optimal
2021-02-08 09:30:00,8,19,1.9177189346655539,0.0,0.0,0.2031,12.789,6.0,-8,20.0,,6712.0162713294385,0.0,0.0,0.0,36.91303795224063,optimal
2021-02-08 10:00:00,8,19,0.0,0.0,0.0,0.19356666666666664,13.0095,6.0,-8,20.089534003892165,,0.0,0.0,0.0,0.0,36.87612491428839,optimal
2021-02-08 10:30:00,8,19,2.0,0.0,0.0,0.064,12.1275,6.0,-8,20.043509152096288,,7000.0,0.0,0.0,0.0,36.8392487893741,optimal
2021-02-08 11:00:00,8,19,2.0,0.0,0.0,0.19356666666666664,12.348,6.0,-8,20.136026084298994,,7000.0,0.0,0.0,0.0,36.802409540584726,optimal
2021-02-08 11:30:00,8,19,2.0,0.0,0.0,0.19876666666666667,12.348,6.0,-8,20.230532674896754,,7000.0,0.0,0.0,0.0,36.76560713104414,optimal
2021-02-08 12:00:00,8,19,0.0,0.0,0.0,0.064,25.389,6.0,-8,20.32515855499137,,0.0,0.0,0.0,0.0,36.7288415239131,optimal
2021-02-08 12:30:00,8,19,0.0,0.0,0.0,0.2278,29.1375,6.0,-8,20.275646649507323,,0.0,0.0,0.0,0.0,36.69211268238919,optimal
2021-02-08 13:00:00,8,19,0.0,0.0,0.0,0.16986666666666667,30.597,6.0,-8,20.23009042094994,,0.0,0.0,0.0,0.0,36.6554205697068,optimal
2021-02-08 13:30:00,8,19,0.0,0.0,0.0,0.066,33.684,6.0,-8,20.18389194089852,,0.0,0.0,0.0,0.0,36.61876514913709,optimal
2021-02-08 14:00:00,8,19,0.0,0.0,0.0,0.18056666666666663,32.445,6.0,-8,20.13604093039013,,0.0,0.0,0.0,0.0,36.582146383987954,optimal
2021-02-08 14:30:00,8,19,0.0,0.0,0.0,0.2117666666666667,28.917,6.0,-8,20.090927984719535,,0.0,0.0,0.0,0.0,36.54556423760397,optimal
2021-02-08 15:00:00,8,19,0.0,0.0,0.0,0.155,15.876,6.0,-8,20.046173747828544,,0.0,0.0,0.0,0.0,36.50901867336636,optimal
2021-02-08 15:30:00,8,19,0.6593429979058981,0.0,0.0,0.12033333333333332,12.348,6.0,-8,20.0,,2307.700492670643,0.0,0.0,0.0,36.472509654693,optimal
2021-02-08 16:00:00,8,19,1.2863220442593422,0.0,0.0,0.22953333333333334,12.1275,6.0,-8,20.0,,4502.127154907697,0.0,0.0,0.0,36.436037145038306,optimal
2021-02-08 16:30:00,8,19,0.0,0.0,0.0,0.1368,12.348,6.0,-8,20.046672256682516,,0.0,0.0,0.0,0.0,36.39960110789327,optimal
2021-02-08 17:00:00,8,19,0.6845949079330543,0.0,0.0,0.064,12.1275,6.0,-8,20.0,,2396.08217776569,0.0,0.0,0.0,36.36320150678537,optimal
2021-02-08 17:30:00,8,19,0.6919202099639733,0.0,0.0,0.07233333333333333,12.1275,6.0,-8,20.0,,2421.7207348739066,0.0,0.0,0.0,36.326838305278585,optimal
2021-02-08 18:00:00,8,19,0.6583883765842948,0.0,0.0,0.2123333333333333,11.2665,6.0,-8,20.0,,2304.359318045032,0.0,0.0,0.0,36.29051146697331,optimal
2021-02-08 18:30:00,8,19,2.0,0.0,0.0,0.064,10.143,6.0,-8,20.0,,7000.0,0.0,0.0,0.0,36.254220955506334,optimal
2021-02-08 19:00:00,8,19,0.0,0.0,0.0,0.2737333333333333,11.2455,6.0,-8,20.092111614699185,,0.0,0.0,0.0,0.0,36.21796673455083,optimal
2021-02-08 19:30:00,8,19,0.023642442255232717,0.0,0.0,0.1186,11.025,6.0,-8,20.046922774562724,,82.74854789331451,0.0,0.0,0.0,36.18174876781627,optimal
2021-02-08 20:00:00,8,19,0.684285107186638,0.0,0.0,0.15033333333333335,5.9745,6.0,-8,20.0,,2394.997875153233,0.0,0.0,0.0,36.14556701904846,optimal
2021-02-08 20:30:00,8,19,0.0,0.0,0.0,0.13066666666666665,7.938,6.0,-8,20.0,,0.0,0.0,0.0,0.0,36.10942145202941,optimal
2021-02-08 21:00:00,8,19,0.0,0.0,0.0,0.08826666666666666,8.6835,6.0,-8,19.951089511804465,,0.0,0.0,0.0,0.0,36.07331203057738,optimal
2021-02-08 21:30:00,8,19,0.0,0.0,0.0,0.2780666666666667,7.665,6.0,-8,19.90122371931838,,0.0,0.0,0.0,0.0,36.037238718546796,optimal
2021-02-08 22:00:00,8,19,0.0,0.0,0.0,0.09,6.7725,6.0,-8,19.855710326397396,,0.0,0.0,0.0,0.0,36.00120147982825,optimal
2021-02-08 22:30:00,8,19,0.0,0.0,0.0,0.129,5.5755,6.0,-8,19.80690359551303,,0.0,0.0,0.0,0.0,35.96520027834842,optimal
2021-02-08 23:00:00,8,19,0.0,0.0,0.0,0.142,5.0925,6.0,-8,19.758881734842056,,0.0,0.0,0.0,0.0,35.92923507807007,optimal
2021-02-08 23:30:00,8,19,0.0,0.0,0.0,0.064,4.1895,6.0,-8,19.71111740434759,,0.0,0.0,0.0,0.0,35.893305842992,optimal
2021-02-09 00:00:00,8,19,0.0,0.0,0.0,0.052,14.994,6.0,-15,19.71111740434759,,0.0,0.0,0.0,0.0,35.85741253714901,optimal
2021-02-09 00:30:00,8,19,2.0,0.0,5.0,0.1336,13.671,6.0,-15,19.66307231258838,,4074.0000000000005,0.0,2925.9999999999995,0.0,38.19655512461186,optimal
2021-02-09 01:00:00,8,19,0.0,0.0,0.0,0.1547666666666667,15.981,6.0,-15,19.699241414530732,,0.0,0.0,0.0,0.0,38.15835856948725,optimal
2021-02-09 01:30:00,8,19,0.0,0.0,0.0,0.11206666666666666,15.6345,6.0,-15,19.655811786933402,,0.0,0.0,0.0,0.0,38.12020021091776,optimal
2021-02-09 02:00:00,8,19,0.0,0.0,0.0,0.1744,16.5375,6.0,-15,19.609123532324524,,0.0,0.0,0.0,0.0,38.08208001070684,optimal
2021-02-09 02:30:00,8,19,0.6822610290405943,0.0,0.0,0.1428,14.7735,6.0,-15,19.563556589428046,,2387.91360164208,0.0,0.0,0.0,38.04399793069613,optimal
2021-02-09 03:00:00,8,19,0.0,0.0,0.0,0.052,15.2145,6.0,-15,19.56584441757463,,0.0,0.0,0.0,0.0,38.005953932765436,optimal
2021-02-09 03:30:00,8,19,2.0,0.0,0.0,0.2581333333333333,14.553,6.0,-15,19.518175586169463,,7000.0,0.0,0.0,0.0,37.96794797883267,optimal
2021-02-09 04:00:00,8,19,2.0,0.0,0.0,0.05906666666666667,14.3325,6.0,-15,19.616482826600897,,7000.0,0.0,0.0,0.0,37.929980030853834,optimal
2021-02-09 04:30:00,8,19,2.0,0.0,0.0,0.19066666666666662,14.595,6.0,-15,19.71077248384535,,7000.0,0.0,0.0,0.0,37.89205005082298,optimal
2021-02-09 05:00:00,8,19,0.0,0.0,0.0,0.2599666666666666,14.994,6.0,-15,19.810659224726592,,0.0,0.0,0.0,0.0,37.85415800077216,optimal
2021-02-09 05:30:00,8,19,2.0,0.0,0.0,0.3624666666666666,14.3325,6.0,-15,19.767804022484132,,7000.0,0.0,0.0,0.0,37.81630384277139,optimal
2021-02-09 06:00:00,8,19,2.0,0.0,2.2809445340869754,0.22043333333333331,13.8915,6.0,-15,19.8688357247608,,7000.0,0.0,0.0,0.0,38.86193619261992,optimal
2021-02-09 06:30:00,8,19,2.0,0.0,5.0,0.08673333333333333,13.8915,6.0,-15,19.96644650121166,,7000.0,0.0,0.0,0.0,41.198074256427304,optimal
2021-02-09 07:00:00,8,19,2.0,0.0,5.0,0.10086666666666666,13.4715,6.0,-15,20.05953917834578,,7000.0,0.0,0.0,0.0,43.531876182170876,optimal
2021-02-09 07:30:00,8,19,2.0,0.0,5.0,0.24719999999999998,13.23,6.0,-15,20.152546793786552,,7000.0,0.0,0.0,0.0,45.8633443059887,optimal
2021-02-09 08:00:00,8,19,2.0,0.0,5.0,0.09663333333333333,13.8915,6.0,-15,20.248940441470914,,7000.0,0.0,0.0,0.0,48.192480961682705,optimal
2021-02-09 08:30:00,8,19,0.0,0.0,0.0,0.19396666666666668,26.9325,6.0,-15,20.343312136308878,,0.0,0.0,0.0,0.0,48.144288480721016,optimal
2021-02-09 09:00:00,8,19,0.0,0.0,0.0,1.2464000000000002,30.303,6.0,-15,20.299914564264558,,0.0,0.0,0.0,0.0,48.096144192240295,optimal
2021-02-09 09:30:00,8,19,0.0,0.0,0.0,0.20133333333333328,32.886,6.0,-15,20.272019593627103,,0.0,0.0,0.0,0.0,48.048048048048045,optimal
2021-02-09 10:00:00,8,19,0.0,0.0,0.0,0.15619999999999998,34.9965,6.0,-15,20.228091043657862,,0.0,0.0,0.0,0.0,48.0,optimal
2021-02-09 10:30:00,8,19,0.0,0.0,0.0,0.251,33.327,6.0,-15,20.18388830854359,,0.0,0.0,0.0,0.0,47.811847585891286,optimal
2021-02-09 11:00:00,8,19,0.0,0.0,0.0,0.062,31.122,6.0,-15,20.138941684578747,,0.0,0.0,0.0,0.0,47.62388332419668,optimal
2021-02-09 11:30:00,8,19,0.0,0.0,0.0,0.18,17.9025,6.0,-15,20.09094040148946,,0.0,0.0,0.0,0.0,47.43610702676377,optimal
2021-02-09 12:00:00,8,19,0.0,0.0,0.0,0.15719999999999998,15.6555,6.0,-15,20.045577030508145,,0.0,0.0,0.0,0.0,47.2485185056283,optimal
2021-02-09 12:30:00,8,19,0.6537129047565949,0.0,0.0,0.1256,14.553,6.0,-15,20.0,,2287.9951666480824,0.0,0.0,0.0,47.06111757301396,optimal
2021-02-09 13:00:00,8,19,0.5260299405403286,0.0,0.0,0.5617000000000001,14.3325,6.0,-15,20.0,,1841.10479189115,0.0,0.0,0.0,46.87390404133223,optimal
2021-02-09 13:30:00,8,19,0.37917174223854405,0.0,0.0,1.5469000000000002,13.335,6.0,-15,20.0,,1327.101097834904,0.0,0.0,0.0,46.686877723182185,optimal
2021-02-09 14:00:00,8,19,1.3155432399286904,0.0,0.0,0.1232,12.1275,6.0,-15,20.0,,4604.401339750416,0.0,0.0,0.0,46.50003843135029,optimal
2021-02-09 14:30:00,8,19,0.0,0.0,0.0,0.1504,12.2955,6.0,-15,20.046363962489423,,0.0,0.0,0.0,0.0,46.31338597881023,optimal
2021-02-09 15:00:00,8,19,0.6628695523438332,0.0,0.0,0.1256,11.6865,6.0,-15,20.0,,2320.043433203416,0.0,0.0,0.0,46.126920178722706,optimal
2021-02-09 15:30:00,8,19,0.6382981237724005,0.0,0.0,0.21159999999999998,11.466,6.0,-15,20.0,,2234.0434332034015,0.0,0.0,0.0,45.94064084443527,optimal
2021-02-09 16:00:00,8,19,1.7578406708049548,0.0,0.0,0.15696666666666667,10.8045,6.0,-15,20.0,,2111.7756811506742,0.0,4040.6666666666665,0.0,45.754547789482125,optimal
2021-02-09 16:30:00,8,19,2.0,0.0,0.0,0.2724,10.584,6.0,-15,20.009349770987523,,7000.0,0.0,0.0,0.0,45.56864082758393,optimal
2021-02-09 17:00:00,8,19,0.0,0.0,0.0,0.19966666666666663,11.2455,6.0,-15,20.120911658805966,,0.0,0.0,0.0,0.0,45.38291977264763,optimal
2021-02-09 17:30:00,8,19,0.0,0.0,0.0,0.22606666666666664,12.1275,6.0,-15,20.0930990227837,,0.0,0.0,0.0,0.0,45.19738443876627,optimal
2021-02-09 18:00:00,8,19,0.0,0.0,0.0,0.4213,11.823,6.0,-15,20.068922039963148,,0.0,0.0,0.0,0.0,45.01203464021879,optimal
2021-02-09 18:30:00,8,19,0.0,0.0,0.0,1.1779666666666666,11.7705,6.0,-15,20.05033176678066,,0.0,0.0,0.0,0.0,44.826870191469865,optimal
2021-02-09 19:00:00,8,19,0.0,0.0,0.0,0.5055,11.13,6.0,-15,20.04488345640612,,0.0,0.0,0.0,0.0,44.64189090716968,optimal
2021-02-09 19:30:00,8,19,0.0,0.0,0.0,0.3553,11.6865,6.0,-15,20.02493480987352,,0.0,0.0,0.0,0.0,44.4570966021538,optimal
2021-02-09 20:00:00,8,19,1.315834709252238,0.0,0.0,1.1826333333333334,10.7205,6.0,-15,20.0,,1191.7548157161668,0.0,3413.6666666666665,0.0,44.27248709144293,optimal
2021-02-09 20:30:00,8,19,0.0,0.0,0.0,0.1635,11.424,6.0,-15,20.0,,0.0,0.0,0.0,0.0,44.08806219024278,optimal
2021-02-09 21:00:00,8,19,1.3933333333333335,0.0,0.0,0.31206666666666666,10.689,6.0,-15,19.97315368847951,,0.0,0.0,4876.666666666667,0.0,44.04397412805254,optimal
2021-02-09 21:30:00,8,19,0.0,0.0,0.0,0.3999333333333333,11.361,6.0,-15,19.949382220085077,,0.0,0.0,0.0,0.0,43.99993015392449,optimal
2021-02-09 22:00:00,8,19,0.0,0.0,0.0,0.24666666666666662,11.571,6.0,-15,19.924915907113785,,0.0,0.0,0.0,0.0,43.955930223770565,optimal
2021-02-09 22:30:00,8,19,0.0,0.0,0.0,0.3276,14.3745,6.0,-15,19.895147315239548,,0.0,0.0,0.0,0.0,43.91197429354679,optimal
2021-02-09 23:00:00,8,19,0.0,0.0,0.0,0.6093999999999999,13.23,6.0,-15,19.8665201032771,,0.0,0.0,0.0,0.0,43.86806231925324,optimal
2021-02-09 23:30:00,8,19,0.0,0.0,0.0,0.062,13.9755,6.0,-15,19.843527405925478,,0.0,0.0,0.0,0.0,43.824194256933986,optimal
2021-02-10 00:00:00,8,19,2.0,0.0,5.0,0.058,10.4475,6.0,-7,19.843527405925478,,7000.0,0.0,0.0,0.0,46.15537006267705,optimal
2021-02-10 00:30:00,8,19,2.0,0.0,0.5035804577859513,0.055,10.8675,6.0,-7,19.941188136130577,,1844.666666666667,0.0,5155.333333333333,0.0,46.3484154100627,optimal
2021-02-10 01:00:00,8,19,2.0,0.0,5.0,0.055,10.542,6.0,-7,19.934177930348078,,7000.0,0.0,0.0,0.0,48.67706699465263,optimal
2021-02-10 01:30:00,8,19,2.0,0.0,0.0,0.16040000000000001,11.025,6.0,-7,20.03108586905594,,7000.0,0.0,0.0,0.0,48.62838992765797,optimal
2021-02-10 02:00:00,8,19,2.0,0.0,0.0,0.086,11.025,6.0,-7,20.129613326297815,,7000.0,0.0,0.0,0.0,48.579761537730306,optimal
2021-02-10 02:30:00,8,19,2.0,0.0,0.0,0.055,14.553,6.0,-7,20.22612340611918,,7000.0,0.0,0.0,0.0,48.53118177619257,optimal
2021-02-10 03:00:00,8,19,2.0,0.0,0.0,0.0736,13.0935,6.0,-7,20.321757194807866,,7000.0,0.0,0.0,0.0,48.48265059441637,optimal
2021-02-10 03:30:00,8,19,2.0,0.0,0.0,0.1728,15.6345,6.0,-7,20.417519086492284,,7000.0,0.0,0.0,0.0,48.434167943821954,optimal
2021-02-10 04:00:00,8,19,0.0,0.0,0.0,0.055,18.102,6.0,-7,20.515037201718574,,0.0,0.0,0.0,0.0,48.38573377587813,optimal
2021-02-10 04:30:00,8,19,0.0,0.0,0.0,0.19140000000000001,17.199,6.0,-7,20.468493834164498,,0.0,0.0,0.0,0.0,48.33734804210225,optimal
2021-02-10 05:00:00,8,19,0.0,0.0,0.0,0.055,18.2805,6.0,-7,20.42456785512581,,0.0,0.0,0.0,0.0,48.289010694060146,optimal
2021-02-10 05:30:00,8,19,0.0,0.0,0.0,0.117,17.4615,6.0,-7,20.37774080067753,,0.0,0.0,0.0,0.0,48.240721683366075,optimal
2021-02-10 06:00:00,8,19,0.0,0.0,0.0,0.2555666666666666,18.3225,6.0,-7,20.332028682728644,,0.0,0.0,0.0,0.0,48.192480961682705,optimal
2021-02-10 06:30:00,8,19,0.0,0.0,0.0,0.09086666666666667,17.094,6.0,-7,20.293883830953963,,0.0,0.0,0.0,0.0,48.144288480721016,optimal
2021-02-10 07:00:00,8,19,0.0,0.0,0.0,0.2969,17.094,6.0,-7,20.254349510344003,,0.0,0.0,0.0,0.0,48.096144192240295,optimal
2021-02-10 07:30:00,8,19,0.0,0.0,0.0,0.2865,17.094,6.0,-7,20.21964276103209,,0.0,0.0,0.0,0.0,48.048048048048045,optimal
2021-02-10 08:00:00,8,19,0.0,0.0,0.0,0.5811666666666666,17.3565,6.0,-7,20.185575933864328,,0.0,0.0,0.0,0.0,48.0,optimal
2021-02-10 08:30:00,8,19,0.3375865066851602,0.0,0.0,0.15180000000000002,17.115,6.0,-7,20.155168830756693,,1181.5527733980607,0.0,0.0,0.0,47.80147568591526,optimal
2021-02-10 09:00:00,8,19,0.0,0.0,0.0,0.1146,17.241,6.0,-7,20.128653903196042,,0.0,0.0,0.0,0.0,47.6031498961446,optimal
2021-02-10 09:30:00,8,19,2.0,0.0,0.0,0.07740000000000001,17.094,6.0,-7,20.078101824373103,,7000.0,0.0,0.0,0.0,47.40502243216371,optimal
2021-02-10 10:00:00,8,19,2.0,0.0,0.0,0.189,16.5165,6.0,-7,20.168875950684463,,7000.0,0.0,0.0,0.0,47.207093095646805,optimal
2021-02-10 10:30:00,8,19,0.0,0.0,0.0,0.065,17.8185,6.0,-7,20.26218775656469,,0.0,0.0,0.0,0.0,47.00936168846642,optimal
2021-02-10 11:00:00,8,19,2.0,0.0,0.0,0.2014,17.094,6.0,-7,20.21171221196381,,7000.0,0.0,0.0,0.0,46.81182801269321,optimal
2021-02-10 11:30:00,8,19,2.0,0.0,0.0,0.065,16.8945,6.0,-7,20.305940610246452,,7000.0,0.0,0.0,0.0,46.61449187059578,optimal
2021-02-10 12:00:00,8,19,0.0,0.0,0.0,0.12079999999999999,18.123,6.0,-7,20.397428114694904,,0.0,0.0,0.0,0.0,46.41735306464044,optimal
2021-02-10 12:30:00,8,19,0.0,0.0,0.0,0.1456,31.647,6.0,-7,20.348636195568336,,0.0,0.0,0.0,0.0,46.220411397491056,optimal
2021-02-10 13:00:00,8,19,0.0,0.0,0.0,0.065,34.9965,6.0,-7,20.30047171088398,,0.0,0.0,0.0,0.0,46.02366667200882,optimal
2021-02-10 13:30:00,8,19,0.0,0.0,0.0,0.2014,34.9965,6.0,-7,20.250803520695754,,0.0,0.0,0.0,0.0,45.827118691252075,optimal
2021-02-10 14:00:00,8,19,0.0,0.0,0.0,0.065,34.9965,6.0,-7,20.204537819237462,,0.0,0.0,0.0,0.0,45.630767258476084,optimal
2021-02-10 14:30:00,8,19,0.0,0.0,0.0,0.1456,34.9965,6.0,-7,20.156154108933844,,0.0,0.0,0.0,0.0,45.43461217713287,optimal
2021-02-10 15:00:00,8,19,0.0,0.0,0.0,1.6854666666666667,34.9965,6.0,-7,20.10952416588091,,0.0,0.0,0.0,0.0,45.238653250870996,optimal
2021-02-10 15:30:00,8,19,0.0,0.0,0.0,0.6012666666666666,27.741,6.0,-7,20.084924345507925,,0.0,0.0,0.0,0.0,45.042890283535385,optimal
2021-02-10 16:00:00,8,19,0.0,0.0,0.0,0.33116666666666666,19.026,6.0,-7,20.057425670441344,,0.0,0.0,0.0,0.0,44.84732307916711,optimal
2021-02-10 16:30:00,8,19,0.0,0.0,0.0,0.10733333333333331,18.7215,6.0,-7,20.03176448935743,,0.0,0.0,0.0,0.0,44.6519514420032,optimal
2021-02-10 17:00:00,8,19,0.29076149433878645,0.0,0.0,1.5187666666666668,17.4195,6.0,-7,20.0,,1017.6652301857526,0.0,0.0,0.0,44.456775176476455,optimal
2021-02-10 17:30:00,8,19,0.4100482640691339,0.0,0.0,0.2072333333333333,16.758,6.0,-7,20.0,,1435.1689242419686,0.0,0.0,0.0,44.261794087215236,optimal
2021-02-10 18:00:00,8,19,1.016474090870011,0.0,0.0,0.1879333333333333,14.217,6.0,-7,20.0,,1328.3259847117051,0.0,2229.333333333333,0.0,44.06700797904328,optimal
2021-02-10 18:30:00,8,19,0.5758485044556332,0.0,0.0,0.2709,13.3665,6.0,-7,20.0,,1388.4697655947161,0.0,627.0,0.0,43.872416656979496,optimal
2021-02-10 19:00:00,8,19,0.5227657751841265,0.0,0.0,0.4794,12.789,6.0,-7,20.0,,1202.6802131444426,0.0,627.0,0.0,43.67801992623777,optimal
2021-02-10 19:30:00,8,19,0.46558906938942973,0.0,0.0,0.2394,11.907,6.0,-7,20.0,,1490.2284095296707,0.0,139.33333333333331,0.0,43.48381759222679,optimal
2021-02-10 20:00:00,8,19,0.5289933159756594,0.0,0.0,0.31376666666666664,11.7075,6.0,-7,20.0,,1224.4766059148078,0.0,627.0,0.0,43.289809460549826,optimal
2021-02-10 20:30:00,8,19,1.9506666666666665,0.0,0.0,0.5161,10.8045,6.0,-7,20.0,,0.0,0.0,6827.333333333333,0.0,43.09599533700453,optimal
2021-02-10 21:00:00,8,19,0.0,0.0,0.0,0.2641,11.508,6.0,-7,19.977923232403143,,0.0,0.0,0.0,0.0,42.902375027582785,optimal
2021-02-10 21:30:00,8,19,0.0,0.0,0.0,0.3581333333333333,11.508,6.0,-7,19.949850294052823,,0.0,0.0,0.0,0.0,42.708948338470464,optimal
2021-02-10 22:00:00,8,19,0.0,0.0,0.0,0.3433333333333333,11.508,6.0,-7,19.921104273030384,,0.0,0.0,0.0,0.0,42.51571507604725,optimal
2021-02-10 22:30:00,8,19,0.0,0.0,0.0,0.6258666666666667,11.844,6.0,-7,19.887559210250593,,0.0,0.0,0.0,0.0,42.32267504688646,optimal
2021-02-10 23:00:00,8,19,0.0,0.0,0.0,0.2661,11.508,6.0,-7,19.85326091159731,,0.0,0.0,0.0,0.0,42.28035237183957,optimal
2021-02-10 23:30:00,8,19,0.0,0.0,0.0,0.2186,11.508,6.0,-7,19.810219250272525,,0.0,0.0,0.0,0.0,42.23807201946773,optimal
2021-02-11 00:00:00,8,19,2.0,0.0,5.0,0.053,12.684,6.0,-11,19.810219250272525,,7000.0,0.0,0.0,0.0,44.570833947448264,optimal
2021-02-11 00:30:00,8,19,2.0,0.0,0.0,0.053,16.254,6.0,-11,19.899042281652793,,3447.0,0.0,3553.0,0.0,44.52626311350082,optimal
2021-02-11 01:00:00,8,19,2.0,0.0,0.0,0.17693333333333333,17.64,6.0,-11,19.916109011647183,,7000.0,0.0,0.0,0.0,44.481736850387314,optimal
2021-02-11 01:30:00,8,19,0.0,0.0,0.0,0.053,19.1625,6.0,-11,20.007679755039472,,0.0,0.0,0.0,0.0,44.43725511353693,optimal
2021-02-11 02:00:00,8,19,0.0,0.0,0.0,0.10933333333333331,26.46,6.0,-11,19.955080500857548,,0.0,0.0,0.0,0.0,44.39281785842339,optimal
2021-02-11 02:30:00,8,19,0.0,0.0,0.0,0.1206,20.79,6.0,-11,19.90375564555648,,0.0,0.0,0.0,0.0,44.34842504056497,optimal
2021-02-11 03:00:00,8,19,0.0,0.0,0.0,0.053,29.106,6.0,-11,19.852532353641024,,0.0,0.0,0.0,0.0,44.3040766155244,optimal
2021-02-11 03:30:00,8,19,0.0,0.0,0.0,0.17693333333333333,19.1835,6.0,-11,19.799816930204212,,0.0,0.0,0.0,0.0,44.25977253890888,optimal
2021-02-11 04:00:00,8,19,0.0,0.0,0.0,0.053,19.6665,6.0,-11,19.750389510973,,0.0,0.0,0.0,0.0,44.21551276636997,optimal
2021-02-11 04:30:00,8,19,0.0,0.0,0.0,0.16003333333333333,19.404,6.0,-11,19.69923365125273,,0.0,0.0,0.0,0.0,44.1712972536036,optimal
2021-02-11 05:00:00,8,19,0.9557520888105497,0.0,0.0,0.0699,19.047,6.0,-11,19.65037280103864,,3345.132310836924,0.0,0.0,0.0,44.12712595634999,optimal
2021-02-11 05:30:00,8,19,2.0,0.0,0.0,0.053,18.858,6.0,-11,19.66740290213851,,7000.0,0.0,0.0,0.0,44.08299883039364,optimal
2021-02-11 06:00:00,8,19,0.0,0.0,0.0,0.06426666666666667,19.2675,6.0,-11,19.758538348253985,,0.0,0.0,0.0,0.0,44.03891583156325,optimal
2021-02-11 06:30:00,8,19,2.0,0.0,0.0,0.16566666666666666,18.963,6.0,-11,19.708884027402135,,7000.0,0.0,0.0,0.0,43.99487691573169,optimal
2021-02-11 07:00:00,8,19,2.0,0.0,0.0,0.05433333333333334,18.438,6.0,-11,19.8034833790987,,7000.0,0.0,0.0,0.0,43.950882038815955,optimal
2021-02-11 07:30:00,8,19,2.0,0.0,0.0,0.10596666666666668,18.7425,6.0,-11,19.900885471868868,,7000.0,0.0,0.0,0.0,43.90693115677714,optimal
2021-02-11 08:00:00,8,19,2.0,0.0,5.0,0.1999333333333333,15.2145,6.0,-11,20.0,,4021.915493963782,0.0,2978.084506036218,0.0,46.238024225620364,optimal
2021-02-11 08:30:00,8,19,0.0,0.0,0.0,0.11796666666666668,17.7765,6.0,-11,20.0409115546059,,0.0,0.0,0.0,0.0,46.19178620139474,optimal
2021-02-11 09:00:00,8,19,1.0483003106717947,0.0,0.0,0.13423333333333332,16.758,6.0,-11,20.0,,3372.8022600541663,0.0,296.24882729711527,0.0,46.145594415193344,optimal
2021-02-11 09:30:00,8,19,2.0,0.0,4.5079428686061735,0.19119999999999998,16.422,6.0,-11,20.02817748157766,,7000.0,0.0,0.0,0.0,48.240721683366075,optimal
2021-02-11 10:00:00,8,19,2.0,0.0,0.0,0.22,16.758,6.0,-11,20.134772627822215,,7000.0,0.0,0.0,0.0,48.192480961682705,optimal
2021-02-11 10:30:00,8,19,0.0,0.0,0.0,0.2386,29.358,6.0,-11,20.24705766217953,,0.0,0.0,0.0,0.0,48.144288480721016,optimal
2021-02-11 11:00:00,8,19,0.0,0.0,0.0,0.25676666666666664,34.9965,6.0,-11,20.212780441317015,,0.0,0.0,0.0,0.0,48.096144192240295,optimal
2021-02-11 11:30:00,8,19,0.0,0.0,0.0,0.13463333333333333,34.65,6.0,-11,20.175281171430747,,0.0,0.0,0.0,0.0,48.048048048048045,optimal
2021-02-11 12:00:00,8,19,0.0,0.0,0.0,0.271,34.9965,6.0,-11,20.139017149146802,,0.0,0.0,0.0,0.0,48.0,optimal
2021-02-11 12:30:00,8,19,0.0,0.0,0.0,0.3635,34.9965,6.0,-11,20.108356944696514,,0.0,0.0,0.0,0.0,47.85937219813696,optimal
2021-02-11 13:00:00,8,19,0.0,0.0,0.0,0.0831,30.4815,6.0,-11,20.081041648575557,,0.0,0.0,0.0,0.0,47.71888502407578,optimal
2021-02-11 13:30:00,8,19,0.0,0.0,0.0,0.17003333333333334,21.4305,6.0,-11,20.043215364004617,,0.0,0.0,0.0,0.0,47.57853833718867,optimal
2021-02-11 14:00:00,8,19,0.6364605712381203,0.0,0.0,0.063,14.3325,6.0,-11,20.0,,2227.611999333421,0.0,0.0,0.0,47.43833199698844,optimal
2021-02-11 14:30:00,8,19,1.2775968294202098,0.0,0.0,0.063,13.692,6.0,-11,20.0,,4471.588902970734,0.0,0.0,0.0,47.298265863128414,optimal
2021-02-11 15:00:00,8,19,0.0,0.0,0.0,0.1869333333333333,14.007,6.0,-11,20.044431077988815,,0.0,0.0,0.0,0.0,47.15833979540225,optimal
2021-02-11 15:30:00,8,19,0.7039339205004072,0.0,0.0,0.08466666666666667,12.873,6.0,-11,20.0,,2394.1020550847584,0.0,69.66666666666666,0.0,47.01855365374381,optimal
2021-02-11 16:00:00,8,19,0.6843401466677393,0.0,0.0,0.212,12.684,6.0,-11,20.0,,2186.1905133370874,0.0,209.0,0.0,46.87890729822703,optimal
2021-02-11 16:30:00,8,19,0.5870944819972767,0.0,0.0,0.32589999999999997,12.306,6.0,-11,20.0,,2054.830686990468,0.0,0.0,0.0,46.73940058906576,optimal
2021-02-11 17:00:00,8,19,2.0,0.0,0.0,0.24036666666666667,10.6365,6.0,-11,20.0,,2222.737635572665,0.0,4777.262364427335,0.0,46.60003338661365,optimal
2021-02-11 17:30:00,8,19,0.6299117302093512,0.0,0.0,0.18616666666666662,11.2455,6.0,-11,20.0,,2204.691055732729,0.0,0.0,0.0,46.460805551364004,optimal
2021-02-11 18:00:00,8,19,1.0497187096838572,0.0,0.0,0.13133333333333333,11.2455,6.0,-11,20.0,,2041.9445149875019,0.0,1632.0709689059988,0.0,46.3217169439496,optimal
2021-02-11 18:30:00,8,19,2.0,0.0,0.0,0.2916333333333333,11.025,6.0,-11,20.0,,6303.333333333334,0.0,696.6666666666665,0.0,46.182767425142615,optimal
2021-02-11 19:00:00,8,19,0.0,0.0,0.0,0.17623333333333333,12.0855,6.0,-11,20.086391988280656,,0.0,0.0,0.0,0.0,46.04395685585443,optimal
2021-02-11 19:30:00,8,19,0.0,0.0,0.0,0.32230000000000003,11.6865,6.0,-11,20.04654648556266,,0.0,0.0,0.0,0.0,45.99791289899858,optimal
2021-02-11 20:00:00,8,19,0.4948914180476819,0.0,0.0,0.7772,11.2245,6.0,-11,20.00699772102311,,1732.1199631668867,0.0,0.0,0.0,45.95191498609958,optimal
2021-02-11 20:30:00,8,19,0.17914285714285713,0.0,0.0,1.142766666666667,11.025,6.0,-11,20.0,,0.0,0.0,627.0,0.0,45.90596307111348,optimal
2021-02-11 21:00:00,8,19,1.433142857142857,0.0,0.0,0.30186666666666667,10.7835,6.0,-11,19.96356991645998,,0.0,0.0,5016.0,0.0,45.86005710804237,optimal
2021-02-11 21:30:00,8,19,0.0,0.0,0.0,0.35960000000000003,11.025,6.0,-11,19.922755457739218,,0.0,0.0,0.0,0.0,45.814197050934325,optimal
2021-02-11 22:00:00,8,19,0.0,0.0,0.0,0.4715,10.584,6.0,-11,19.882112860559438,,0.0,0.0,0.0,0.0,45.76838285388339,optimal
2021-02-11 22:30:00,8,19,0.0,0.0,0.0,0.22473333333333328,11.025,6.0,-11,19.836158684821424,,0.0,0.0,0.0,0.0,45.7226144710295,optimal
2021-02-11 23:00:00,8,19,0.0,0.0,0.0,0.063,10.4265,6.0,-11,19.780185324540973,,0.0,0.0,0.0,0.0,45.67689185655847,optimal
2021-02-11 23:30:00,8,19,0.0,0.0,0.0,0.061,12.789,6.0,-11,19.72014621532082,,0.0,0.0,0.0,0.0,45.63121496470191,optimal
2021-02-12 00:00:00,8,19,0.05971428571428571,0.0,0.0,0.14236666666666667,13.587,6.0,-16,19.72014621532082,,0.0,0.0,209.0,0.0,45.58558374973721,optimal
2021-02-12 00:30:00,8,19,0.5573333333333333,0.0,0.0,0.218,16.1385,6.0,-16,19.66947384698793,,0.0,0.0,1950.6666666666667,0.0,45.53999816598748,optimal
2021-02-12 01:00:00,8,19,0.0,0.0,0.0,0.22569999999999998,14.595,6.0,-16,19.622373483439908,,0.0,0.0,0.0,0.0,45.49445816782149,optimal
2021-02-12 01:30:00,8,19,0.0,0.0,0.0,0.3086333333333333,14.637,6.0,-16,19.576062520448126,,0.0,0.0,0.0,0.0,45.44896370965367,optimal
2021-02-12 02:00:00,8,19,0.0,0.0,0.0,0.2612,13.9125,6.0,-16,19.52708507134444,,0.0,0.0,0.0,0.0,45.403514745944015,optimal
2021-02-12 02:30:00,8,19,1.8944985867918345,0.0,0.0,0.056,13.3665,6.0,-16,19.4716085854961,,4122.74505377142,0.0,2508.0,0.0,45.35811123119807,optimal
2021-02-12 03:00:00,8,19,2.0,0.0,0.0,0.056,13.0095,6.0,-16,19.496203355060796,,7000.0,0.0,0.0,0.0,45.31275311996688,optimal
2021-02-12 03:30:00,8,19,0.0,0.0,0.0,0.13140000000000002,13.8915,6.0,-16,19.579643844085286,,0.0,0.0,0.0,0.0,45.26744036684691,optimal
2021-02-12 04:00:00,8,19,2.0,0.0,0.0,0.2601333333333333,13.188,6.0,-16,19.52477576430849,,7000.0,0.0,0.0,0.0,45.22217292648006,optimal
2021-02-12 04:30:00,8,19,2.0,0.0,0.0,0.056,12.5685,6.0,-16,19.615892617149765,,7000.0,0.0,0.0,0.0,45.176950753553584,optimal
2021-02-12 05:00:00,8,19,2.0,0.0,1.1345197218329275,0.5700666666666667,12.285,6.0,-16,19.70446215621932,,7000.0,0.0,0.0,0.0,45.670670670670674,optimal
2021-02-12 05:30:00,8,19,2.0,0.0,5.0,2.8536333333333332,11.487,6.0,-16,19.808180362514538,,7000.0,0.0,0.0,0.0,48.0,optimal
2021-02-12 06:00:00,8,19,2.0,0.0,0.0,0.2114,11.802,6.0,-16,19.946550761036544,,7000.0,0.0,0.0,0.0,47.748182029611606,optimal
2021-02-12 06:30:00,8,19,2.0,0.0,0.0,0.428,11.2245,6.0,-16,20.05443588816106,,7000.0,0.0,0.0,0.0,47.4966158771936,optimal
2021-02-12 07:00:00,8,19,2.0,0.0,0.0,0.3072,11.025,6.0,-16,20.16261698919667,,7000.0,0.0,0.0,0.0,47.24530129092801,optimal
2021-02-12 07:30:00,8,19,2.0,0.0,0.0,0.2714,11.907,6.0,-16,20.258053421709466,,7000.0,0.0,0.0,0.0,46.99423801924869,optimal
2021-02-12 08:00:00,8,19,0.0,0.0,0.0,0.2692,25.83,6.0,-16,20.352502793179337,,0.0,0.0,0.0,0.0,46.743425810841046,optimal
2021-02-12 08:30:00,8,19,0.0,0.0,0.0,0.3457333333333333,28.035,6.0,-16,20.304213106797665,,0.0,0.0,0.0,0.0,46.492864414641815,optimal
2021-02-12 09:00:00,8,19,0.0,0.0,0.0,0.182,28.119,6.0,-16,20.257787287808007,,0.0,0.0,0.0,0.0,46.24255357983878,optimal
2021-02-12 09:30:00,8,19,0.0,0.0,0.0,0.22953333333333334,30.156,6.0,-16,20.197900396981883,,0.0,0.0,0.0,0.0,45.99249305587055,optimal
2021-02-12 10:00:00,8,19,0.0,0.0,0.0,0.066,29.1585,6.0,-16,20.144827034149156,,0.0,0.0,0.0,0.0,45.742682592426284,optimal
2021-02-12 10:30:00,8,19,0.0,0.0,0.0,0.12546666666666667,26.712,6.0,-16,20.094285137230305,,0.0,0.0,0.0,0.0,45.493121939445466,optimal
2021-02-12 11:00:00,8,19,0.0,0.0,0.0,0.17006666666666667,15.435,6.0,-16,20.046111625979655,,0.0,0.0,0.0,0.0,45.24381084711763,optimal
2021-02-12 11:30:00,8,19,0.6782953556592135,0.0,0.0,0.066,13.566,6.0,-16,20.0,,2374.0337448072473,0.0,0.0,0.0,44.99474906588212,optimal
2021-02-12 12:00:00,8,19,0.5877592590817065,0.0,0.0,0.32746666666666663,12.789,6.0,-16,20.0,,2057.1574067859724,0.0,0.0,0.0,44.74593634642785,optimal
2021-02-12 12:30:00,8,19,1.1010996410040148,0.0,0.0,0.0814,12.1275,6.0,-16,20.0,,3853.848743514052,0.0,0.0,0.0,44.497372439693024,optimal
2021-02-12 13:00:00,8,19,0.0,0.0,0.0,0.093,13.671,6.0,-16,20.035593623689834,,0.0,0.0,0.0,0.0,44.24905709686494,optimal
2021-02-12 13:30:00,8,19,1.7311696817373727,0.0,0.0,0.5522666666666667,10.668,6.0,-16,20.0,,6059.093886080805,0.0,0.0,0.0,44.00099006937968,optimal
2021-02-12 14:00:00,8,19,0.0,0.0,0.0,0.10316666666666668,11.7285,6.0,-16,20.09607201662681,,0.0,0.0,0.0,0.0,43.75317110892191,optimal
2021-02-12 14:30:00,8,19,0.0,0.0,0.0,0.066,11.025,6.0,-16,20.04847933634848,,0.0,0.0,0.0,0.0,43.505599967424594,optimal
2021-02-12 15:00:00,8,19,0.6407281834119501,0.0,0.0,0.22953333333333334,10.689,6.0,-16,20.0,,2242.5486419418253,0.0,0.0,0.0,43.25827639706878,optimal
2021-02-12 15:30:00,8,19,2.0,0.0,0.0,0.31803333333333333,8.1585,6.0,-16,20.0,,4840.333333333334,0.0,2159.6666666666665,0.0,43.011200150283315,optimal
2021-02-12 16:00:00,8,19,0.013595786050935418,0.0,0.0,0.212,10.3635,6.0,-16,20.06281574611247,,47.585251178273964,0.0,0.0,0.0,42.76437097974464,optimal
2021-02-12 16:30:00,8,19,0.0,0.0,0.0,0.20896666666666666,10.8045,6.0,-16,20.03187635353769,,0.0,0.0,0.0,0.0,42.5177886383765,optimal
2021-02-12 17:00:00,8,19,0.0,0.0,0.0,1.9912,11.025,6.0,-16,20.00370943379688,,0.0,0.0,0.0,0.0,42.27145287934973,optimal
2021-02-12 17:30:00,8,19,0.5238836093050749,0.0,0.0,0.9276333333333332,10.3635,6.0,-16,20.0,,1833.5926325677624,0.0,0.0,0.0,42.02536345608199,optimal
2021-02-12 18:00:00,8,19,0.0,0.0,0.0,0.3228666666666667,10.8045,6.0,-16,20.019788544997624,,0.0,0.0,0.0,0.0,41.98333809262591,optimal
2021-02-12 18:30:00,8,19,0.5441571546373556,0.0,0.0,0.5172,10.059,6.0,-16,20.0,,1277.5500412307447,0.0,627.0,0.0,41.94135475453328,optimal
2021-02-12 19:00:00,8,19,0.0,0.0,0.0,1.0067333333333333,10.584,6.0,-16,20.011851323868175,,0.0,0.0,0.0,0.0,41.899413399778744,optimal
2021-02-12 19:30:00,8,19,1.0076713169053484,0.0,0.0,2.0983,9.4185,6.0,-16,20.0,,391.8496091687192,0.0,3135.0,0.0,41.85751398637897,optimal
2021-02-12 20:00:00,8,19,0.0,0.0,0.0,0.5312,10.3635,6.0,-16,20.01475392869953,,0.0,0.0,0.0,0.0,41.81565647239259,optimal
2021-02-12 20:30:00,8,19,0.0,0.0,0.0,0.24546666666666667,9.8385,6.0,-16,20.0,,0.0,0.0,0.0,0.0,41.773840815920195,optimal
2021-02-12 21:00:00,8,19,0.0,0.0,0.0,0.47736666666666666,11.067,6.0,-16,19.977132683254172,,0.0,0.0,0.0,0.0,41.732066975104274,optimal
2021-02-12 21:30:00,8,19,0.0,0.0,0.0,0.5517666666666666,10.8465,6.0,-16,19.957416048147365,,0.0,0.0,0.0,0.0,41.69033490812917,optimal
2021-02-12 22:00:00,8,19,0.0,0.0,0.0,0.3709333333333333,13.671,6.0,-16,19.93777680499509,,0.0,0.0,0.0,0.0,41.648644573221034,optimal
2021-02-12 22:30:00,8,19,0.0,0.0,0.0,0.8513333333333334,12.348,6.0,-16,19.91445557417419,,0.0,0.0,0.0,0.0,41.60699592864781,optimal
2021-02-12 23:00:00,8,19,0.0,0.0,0.0,0.44226666666666664,14.3325,6.0,-16,19.9026855042501,,0.0,0.0,0.0,0.0,41.565388932719166,optimal
2021-02-12 23:30:00,8,19,0.0,0.0,0.0,0.0756,15.393,6.0,-16,19.876286480699658,,0.0,0.0,0.0,0.0,41.52382354378645,optimal
2021-02-13 00:00:00,8,19,2.0,0.0,0.0,0.0734,9.3975,6.0,0,19.876286480699658,,7000.0,0.0,0.0,0.0,41.482299720242665,optimal
2021-02-13 00:30:00,8,19,0.8321818260170047,0.0,0.0,0.31506666666666666,10.059,6.0,0,19.97407110743243,,0.0,0.0,2912.6363910595164,0.0,41.44081742052242,optimal
2021-02-13 01:00:00,8,19,2.0,0.0,0.0,0.075,9.261,6.0,0,19.935030872823567,,0.0,0.0,7000.0,0.0,41.3993766031019,optimal
2021-02-13 01:30:00,8,19,2.0,0.0,0.11846064283907098,0.075,8.1585,6.0,0,19.891370917929045,,0.0,0.0,7000.0,0.0,41.414246031847355,optimal
2021-02-13 02:00:00,8,19,2.0,0.0,0.0,0.1847333333333333,9.4815,6.0,0,19.847953544457063,,4963.3030577261825,0.0,2036.6969422738175,0.0,41.3728317858155,optimal
2021-02-13 02:30:00,8,19,2.0,0.0,0.0,0.284,8.379,6.0,0,19.907274376730918,,7000.0,0.0,0.0,0.0,41.33145895402968,optimal
2021-02-13 03:00:00,8,19,2.0,0.0,0.0,0.12006666666666667,9.5235,6.0,0,20.009596838756426,,7000.0,0.0,0.0,0.0,41.290127495075645,optimal
2021-02-13 03:30:00,8,19,2.0,0.0,5.0,0.1426,8.1375,6.0,0,20.108342153992798,,7000.0,0.0,0.0,0.0,43.62383736758057,optimal
2021-02-13 04:00:00,8,19,2.0,0.0,0.0,0.09190000000000001,10.0905,6.0,0,20.207157481709515,,7000.0,0.0,0.0,0.0,43.58021353021298,optimal
2021-02-13 04:30:00,8,19,2.0,0.0,5.0,0.24336666666666668,7.539,6.0,0,20.304563025278288,,7000.0,0.0,0.0,0.0,45.91163331668277,optimal
2021-02-13 05:00:00,8,19,2.0,0.0,5.0,0.20846666666666666,7.938,6.0,0,20.404517535185235,,7000.0,0.0,0.0,0.0,48.240721683366075,optimal
2021-02-13 05:30:00,8,19,2.0,0.0,0.0,0.09820000000000001,8.274,6.0,0,20.503249034441968,,7000.0,0.0,0.0,0.0,48.192480961682705,optimal
2021-02-13 06:00:00,8,19,2.0,0.0,0.0,0.33,9.261,6.0,0,20.600124260790892,,7000.0,0.0,0.0,0.0,48.144288480721016,optimal
2021-02-13 06:30:00,8,19,2.0,0.0,0.0,0.8616333333333334,9.9225,6.0,0,20.707430782029835,,7000.0,0.0,0.0,0.0,48.096144192240295,optimal
2021-02-13 07:00:00,8,19,2.0,0.0,0.0,1.8476,9.702,6.0,0,20.819968846591173,,7000.0,0.0,0.0,0.0,48.048048048048045,optimal
2021-02-13 07:30:00,8,19,0.0,0.0,0.0,3.3555,10.584,6.0,0,20.938240985313676,,0.0,0.0,0.0,0.0,48.0,optimal
2021-02-13 08:00:00,8,19,2.0,0.0,0.0,0.7135666666666667,10.143,6.0,0,20.94904985844363,,7000.0,0.0,0.0,0.0,47.837067487866406,optimal
2021-02-13 08:30:00,8,19,0.0,0.0,0.0,0.6927000000000001,13.0095,6.0,0,21.06961994956105,,0.0,0.0,0.0,0.0,47.674297908244945,optimal
2021-02-13 09:00:00,8,19,0.0,0.0,0.0,0.4367,11.025,6.0,0,21.04203738205504,,0.0,0.0,0.0,0.0,47.51169109820311,optimal
2021-02-13 09:30:00,8,19,0.0,0.0,0.0,0.13133333333333333,12.789,6.0,0,21.00110889160994,,0.0,0.0,0.0,0.0,47.349246894971316,optimal
2021-02-13 10:00:00,8,19,0.0,0.0,0.0,0.202,12.1275,6.0,0,20.94669269957588,,0.0,0.0,0.0,0.0,47.18696513594275,optimal
2021-02-13 10:30:00,8,19,0.0,0.0,0.0,0.21603333333333333,12.1695,6.0,0,20.894492712340544,,0.0,0.0,0.0,0.0,47.024845658673215,optimal
2021-02-13 11:00:00,8,19,0.0,0.0,0.0,0.18203333333333332,12.306,6.0,0,20.84284095660318,,0.0,0.0,0.0,0.0,46.86288830088095,optimal
2021-02-13 11:30:00,8,19,0.0,0.0,0.0,0.1296,13.23,6.0,0,20.790765543231135,,0.0,0.0,0.0,0.0,46.701092900446476,optimal
2021-02-13 12:00:00,8,19,0.0,0.0,0.0,0.2369,13.671,6.0,0,20.73789513798102,,0.0,0.0,0.0,0.0,46.539459295412435,optimal
2021-02-13 12:30:00,8,19,0.0,0.0,0.0,0.17723333333333333,13.9335,6.0,0,20.68745907274861,,0.0,0.0,0.0,0.0,46.37798732398343,optimal
2021-02-13 13:00:00,8,19,0.0,0.0,0.0,0.2568666666666667,13.293,6.0,0,20.636207127672744,,0.0,0.0,0.0,0.0,46.216676824525855,optimal
2021-02-13 13:30:00,8,19,0.0,0.0,0.0,0.18419999999999997,12.1065,6.0,0,20.586955850677885,,0.0,0.0,0.0,0.0,46.055527635567735,optimal
2021-02-13 14:00:00,8,19,0.0,0.0,0.0,0.487,11.571,6.0,0,20.538017056114274,,0.0,0.0,0.0,0.0,45.89453959579858,optimal
2021-02-13 14:30:00,8,19,0.0,0.0,0.0,0.3514,11.025,6.0,0,20.49896264661165,,0.0,0.0,0.0,0.0,45.733712544069185,optimal
2021-02-13 15:00:00,8,19,0.0,0.0,0.0,0.14759999999999998,10.8465,6.0,0,20.457521977382275,,0.0,0.0,0.0,0.0,45.57304631939152,optimal
2021-02-13 15:30:00,8,19,0.0,0.0,0.0,0.2808333333333333,11.2455,6.0,0,20.40756186792417,,0.0,0.0,0.0,0.0,45.41254076093854,optimal
2021-02-13 16:00:00,8,19,0.0,0.0,0.0,0.2775666666666667,23.8665,6.0,0,20.36016401669733,,0.0,0.0,0.0,0.0,45.25219570804401,optimal
2021-02-13 16:30:00,8,19,0.0,0.0,0.0,0.5831333333333333,27.4575,6.0,0,20.313823313379075,,0.0,0.0,0.0,0.0,45.092011000202376,optimal
2021-02-13 17:00:00,8,19,0.0,0.0,0.0,0.5180666666666667,27.3735,6.0,0,20.279859128189255,,0.0,0.0,0.0,0.0,44.931986477068584,optimal
2021-02-13 17:30:00,8,19,0.0,0.0,0.0,0.343,30.4605,6.0,0,20.245791643937345,,0.0,0.0,0.0,0.0,44.772121978457925,optimal
2021-02-13 18:00:00,8,19,0.0,0.0,0.0,0.5295666666666667,30.0195,6.0,0,20.21195814889987,,0.0,0.0,0.0,0.0,44.61241734434587,optimal
2021-02-13 18:30:00,8,19,0.0,0.0,0.0,0.18166666666666662,26.9325,6.0,0,20.18334508756695,,0.0,0.0,0.0,0.0,44.45287241486793,optimal
2021-02-13 19:00:00,8,19,0.0,0.0,0.0,0.20586666666666667,14.595,6.0,0,20.137355638692192,,0.0,0.0,0.0,0.0,44.293487030319476,optimal
2021-02-13 19:30:00,8,19,0.0,0.0,0.0,0.2306,12.4845,6.0,0,20.088106979376075,,0.0,0.0,0.0,0.0,44.13426103115557,optimal
2021-02-13 20:00:00,8,19,0.0,0.0,0.0,0.21153333333333332,12.1275,6.0,0,20.039226588243952,,0.0,0.0,0.0,0.0,43.97519425799082,optimal
2021-02-13 20:30:00,8,19,0.0,0.0,0.0,0.44339999999999996,12.1275,6.0,0,20.0,,0.0,0.0,0.0,0.0,43.81628655159924,optimal
2021-02-13 21:00:00,8,19,0.0,0.0,0.0,0.8230666666666667,12.789,6.0,0,19.968692658280805,,0.0,0.0,0.0,0.0,43.65753775291405,optimal
2021-02-13 21:30:00,8,19,0.0,0.0,0.0,0.37110000000000004,11.907,6.0,0,19.948355078794517,,0.0,0.0,0.0,0.0,43.49894770302755,optimal
2021-02-13 22:00:00,8,19,0.0,0.0,0.0,0.9053666666666668,11.025,6.0,0,19.923975950504563,,0.0,0.0,0.0,0.0,43.340516243190926,optimal
2021-02-13 22:30:00,8,19,0.13933333333333334,0.0,0.0,0.6111,8.2005,6.0,0,19.910769343877792,,0.0,0.0,487.6666666666667,0.0,43.18224321481414,optimal
2021-02-13 23:00:00,8,19,0.0,0.0,0.0,0.5239333333333333,9.5655,6.0,0,19.889454202267093,,0.0,0.0,0.0,0.0,43.13906097159933,optimal
2021-02-13 23:30:00,8,19,0.0,0.0,0.0,0.3963,7.056,6.0,0,19.867100745573325,,0.0,0.0,0.0,0.0,43.09592191062773,optimal
2021-02-07 00:00:00,9,19,2.0,0.0,1.5264568308476545,0.064,1.5435,6.0,-11,21.0,,7000.0,0.0,0.0,0.0,48.67706699465263,optimal
2021-02-07 00:30:00,9,19,0.03980952380952381,0.0,0.0,0.064,5.0715,6.0,-11,21.10329262550993,,0.0,0.0,139.33333333333334,0.0,48.62838992765797,optimal
2021-02-07 01:00:00,9,19,0.0,0.0,0.0,0.064,5.376,6.0,-11,21.064629855563368,,0.0,0.0,0.0,0.0,48.579761537730306,optimal
2021-02-07 01:30:00,9,19,1.9693708612076062,0.0,0.0,0.064,5.0715,6.0,-11,21.025808220789912,,6892.7980142266215,0.0,0.0,0.0,48.53118177619257,optimal
2021-02-07 02:00:00,9,19,0.0,0.0,0.0,0.064,5.5125,6.0,-11,21.126220574572333,,0.0,0.0,0.0,0.0,48.48265059441637,optimal
2021-02-07 02:30:00,9,19,0.0,0.0,0.0,0.064,9.261,6.0,-11,21.086980416145618,,0.0,0.0,0.0,0.0,48.434167943821954,optimal
2021-02-07 03:00:00,9,19,0.0,0.0,0.0,0.064,11.7075,6.0,-11,21.047582888341363,,0.0,0.0,0.0,0.0,48.38573377587813,optimal
2021-02-07 03:30:00,9,19,0.0,0.0,0.0,0.064,12.348,6.0,-11,21.008028398749847,,0.0,0.0,0.0,0.0,48.33734804210225,optimal
2021-02-07 04:00:00,9,19,0.0,0.0,0.0,0.064,12.348,6.0,-11,20.96844685504778,,0.0,0.0,0.0,0.0,48.289010694060146,optimal
2021-02-07 04:30:00,9,19,0.0,0.0,0.0,0.064,12.1275,6.0,-11,20.928838327305932,,0.0,0.0,0.0,0.0,48.240721683366075,optimal
2021-02-07 05:00:00,9,19,0.0,0.0,0.0,0.064,12.5265,6.0,-11,20.88933238655566,,0.0,0.0,0.0,0.0,48.192480961682705,optimal
2021-02-07 05:30:00,9,19,0.0,0.0,0.0,0.064,11.7495,6.0,-11,20.849928767094326,,0.0,0.0,0.0,0.0,48.144288480721016,optimal
2021-02-07 06:00:00,9,19,0.0,0.0,0.0,0.064,13.23,6.0,-11,20.81062720390744,,0.0,0.0,0.0,0.0,48.096144192240295,optimal
2021-02-07 06:30:00,9,19,0.0,0.0,0.0,0.06266666666666666,14.3325,6.0,-11,20.77142743266693,,0.0,0.0,0.0,0.0,48.048048048048045,optimal
2021-02-07 07:00:00,9,19,0.0,0.0,0.0,0.07133333333333333,14.994,6.0,-11,20.736213574410858,,0.0,0.0,0.0,0.0,48.0,optimal
2021-02-07 07:30:00,9,19,0.0,0.0,0.0,0.08266666666666667,14.8155,6.0,-11,20.708847762494255,,0.0,0.0,0.0,0.0,47.80423756518867,optimal
2021-02-07 08:00:00,9,19,0.0,0.0,0.0,0.3472333333333333,14.112,6.0,-11,20.679197790564064,,0.0,0.0,0.0,0.0,47.60867089281216,optimal
2021-02-07 08:30:00,9,19,0.0,0.0,0.0,0.11333333333333331,14.007,6.0,-11,20.65071235725266,,0.0,0.0,0.0,0.0,47.413299787108016,optimal
2021-02-07 09:00:00,9,19,0.0,0.0,0.0,0.074,13.23,6.0,-11,20.607676762685866,,0.0,0.0,0.0,0.0,47.21812405250958,optimal
2021-02-07 09:30:00,9,19,0.0,0.0,0.0,0.074,11.382,6.0,-11,20.55922189515605,,0.0,0.0,0.0,0.0,47.02314349364574,optimal
2021-02-07 10:00:00,9,19,0.0,0.0,0.0,0.074,11.7495,6.0,-11,20.51102202798202,,0.0,0.0,0.0,0.0,46.82835791534077,optimal
2021-02-07 10:30:00,9,19,0.0,0.0,0.0,0.11833333333333332,24.3285,6.0,-11,20.463076501476657,,0.0,0.0,0.0,0.0,46.6337671226141,optimal
2021-02-07 11:00:00,9,19,0.0,0.0,0.0,0.11833333333333332,28.917,6.0,-11,20.416881870868092,,0.0,0.0,0.0,0.0,46.43937092068016,optimal
2021-02-07 11:30:00,9,19,0.0,0.0,0.0,0.074,31.3635,6.0,-11,20.370669108896344,,0.0,0.0,0.0,0.0,46.245169114948155,optimal
2021-02-07 12:00:00,9,19,0.0,0.0,0.0,0.11833333333333332,33.306,6.0,-11,20.322569096121878,,0.0,0.0,0.0,0.0,46.05116151102188,optimal
2021-02-07 12:30:00,9,19,0.0,0.0,0.0,0.207,31.3425,6.0,-11,20.276479382360222,,0.0,0.0,0.0,0.0,45.85734791469953,optimal
2021-02-07 13:00:00,9,19,0.0,0.0,0.0,0.40876666666666667,28.2555,6.0,-11,20.238125996483998,,0.0,0.0,0.0,0.0,45.66372813197351,optimal
2021-02-07 13:30:00,9,19,0.0,0.0,0.0,1.519,15.6975,6.0,-11,20.201063585295813,,0.0,0.0,0.0,0.0,45.47030196903021,optimal
2021-02-07 14:00:00,9,19,0.0,0.0,0.0,1.4285,12.5475,6.0,-11,20.170326023169157,,0.0,0.0,0.0,0.0,45.27706923224985,optimal
2021-02-07 14:30:00,9,19,0.0,0.0,0.0,0.39826666666666666,12.0855,6.0,-11,20.138591117888165,,0.0,0.0,0.0,0.0,45.084029728206275,optimal
2021-02-07 15:00:00,9,19,0.0,0.0,0.0,0.477,11.907,6.0,-11,20.11394633430013,,0.0,0.0,0.0,0.0,44.89118326366674,optimal
2021-02-07 15:30:00,9,19,0.0,0.0,0.0,0.31060000000000004,12.5685,6.0,-11,20.090624966996213,,0.0,0.0,0.0,0.0,44.69852964559175,optimal
2021-02-07 16:00:00,9,19,0.0,0.0,0.0,0.21096666666666666,13.146,6.0,-11,20.06472071898275,,0.0,0.0,0.0,0.0,44.50606868113483,optimal
2021-02-07 16:30:00,9,19,0.0,0.0,0.0,0.28836666666666666,10.584,6.0,-11,20.04429431554929,,0.0,0.0,0.0,0.0,44.313800177642364,optimal
2021-02-07 17:00:00,9,19,0.0,0.0,0.0,0.6409,6.678,6.0,-11,20.02883115245247,,0.0,0.0,0.0,0.0,44.1217239426534,optimal
2021-02-07 17:30:00,9,19,0.0,0.0,0.0,0.44953333333333334,7.938,6.0,-11,20.017410534580687,,0.0,0.0,0.0,0.0,43.92983978389942,optimal
2021-02-07 18:00:00,9,19,1.6290400907924847,0.0,0.0,0.2006,5.292,6.0,-11,20.0,,5701.640317773697,0.0,0.0,0.0,43.73814750930419,optimal
2021-02-07 18:30:00,9,19,0.0,0.0,0.0,0.3445,9.261,6.0,-11,20.09092514929808,,0.0,0.0,0.0,0.0,43.54664692698356,optimal
2021-02-07 19:00:00,9,19,0.0,0.0,0.0,0.404,10.3635,6.0,-11,20.07382652982914,,0.0,0.0,0.0,0.0,43.35533784524525,optimal
2021-02-07 19:30:00,9,19,0.0,0.0,0.0,0.3187333333333333,8.274,6.0,-11,20.04992790743412,,0.0,0.0,0.0,0.0,43.16422007258868,optimal
2021-02-07 20:00:00,9,19,0.0,0.0,0.0,0.3457333333333333,7.7175,6.0,-11,20.02432130181826,,0.0,0.0,0.0,0.0,42.97329341770476,optimal
2021-02-07 20:30:00,9,19,0.0,0.0,0.0,0.3686666666666667,6.615,6.0,-11,20.0,,0.0,0.0,0.0,0.0,42.78255768947573,optimal
2021-02-07 21:00:00,9,19,0.0,0.0,0.0,0.3331,6.174,6.0,-11,19.980380168106247,,0.0,0.0,0.0,0.0,42.592012696974926,optimal
2021-02-07 21:30:00,9,19,0.0,0.0,0.0,0.3689666666666666,3.906,6.0,-11,19.963798952351084,,0.0,0.0,0.0,0.0,42.40165824946663,optimal
2021-02-07 22:00:00,9,19,0.0796190476190476,0.0,0.0,0.4345,2.3415,6.0,-11,19.944212553592315,,0.0,0.0,278.66666666666663,0.0,42.211494156405834,optimal
2021-02-07 22:30:00,9,19,0.0199047619047619,0.0,0.0,1.2359666666666667,2.205,6.0,-11,19.926907419263088,,0.0,0.0,69.66666666666666,0.0,42.0215202274381,optimal
2021-02-07 23:00:00,9,19,0.5374285714285714,0.0,0.0,1.456,0.882,6.0,-11,19.91071226700602,,0.0,0.0,1880.9999999999998,0.0,41.97949870721067,optimal
2021-02-07 23:30:00,9,19,0.0,0.0,0.0,0.5310666666666667,1.5435,6.0,-11,19.894710860876085,,0.0,0.0,0.0,0.0,41.93751920850345,optimal
2021-02-08 00:00:00,9,19,0.08433970807588606,0.0,0.0,0.17073333333333332,13.23,6.0,-20,19.894710860876085,,295.18897826560124,0.0,0.0,0.0,41.89558168929495,optimal
2021-02-08 00:30:00,9,19,0.0,0.0,0.0,0.065,13.3665,6.0,-20,19.864790089274415,,0.0,0.0,0.0,0.0,41.853686107605654,optimal
2021-02-08 01:00:00,9,19,2.0,0.0,0.0,0.065,13.0515,6.0,-20,19.825715098444785,,4910.0,0.0,2089.9999999999995,0.0,41.811832421498046,optimal
2021-02-08 01:30:00,9,19,0.0,0.0,0.0,0.2029,13.5345,6.0,-20,19.88594355800568,,0.0,0.0,0.0,0.0,41.770020589076545,optimal
2021-02-08 02:00:00,9,19,0.0,0.0,0.0,0.1303666666666667,14.154,6.0,-20,19.849470426666144,,0.0,0.0,0.0,0.0,41.72825056848747,optimal
2021-02-08 02:30:00,9,19,0.0,0.0,0.0,0.065,14.112,6.0,-20,19.811496788019717,,0.0,0.0,0.0,0.0,41.68652231791898,optimal
2021-02-08 03:00:00,9,19,0.0,0.0,0.0,0.20946666666666666,14.2485,6.0,-20,19.772430326915565,,0.0,0.0,0.0,0.0,41.64483579560106,optimal
2021-02-08 03:30:00,9,19,2.0,0.0,0.0,0.065,12.789,6.0,-20,19.73651337232232,,7000.0,0.0,0.0,0.0,41.60319095980546,optimal
2021-02-08 04:00:00,9,19,2.0,0.0,0.0,0.1238,13.0095,6.0,-20,19.83906998289043,,7000.0,0.0,0.0,0.0,41.561587768845655,optimal
2021-02-08 04:30:00,9,19,2.0,0.0,5.0,0.1832,12.1275,6.0,-20,19.94241947080097,,7000.0,0.0,0.0,0.0,43.89502618107681,optimal
2021-02-08 05:00:00,9,19,2.0,0.0,4.134678798757055,0.09126666666666668,12.348,6.0,-20,20.04644240381538,,7000.0,0.0,0.0,0.0,45.81510358430533,optimal
2021-02-08 05:30:00,9,19,2.0,0.0,5.0,0.11073333333333332,12.348,6.0,-20,20.148079480373447,,7000.0,0.0,0.0,0.0,48.144288480721016,optimal
2021-02-08 06:00:00,9,19,0.0,0.0,0.0,0.13716666666666666,25.389,6.0,-20,20.249717120372612,,0.0,0.0,0.0,0.0,48.096144192240295,optimal
2021-02-08 06:30:00,9,19,0.0,0.0,0.0,0.18630000000000002,29.1375,6.0,-20,20.21006721483284,,0.0,0.0,0.0,0.0,48.048048048048045,optimal
2021-02-08 07:00:00,9,19,0.0,0.0,0.0,0.08586666666666666,30.597,6.0,-20,20.171383198235493,,0.0,0.0,0.0,0.0,48.0,optimal
2021-02-08 07:30:00,9,19,0.0,0.0,0.0,0.3602333333333333,33.684,6.0,-20,20.134528652323798,,0.0,0.0,0.0,0.0,47.760383214866124,optimal
2021-02-08 08:00:00,9,19,0.0,0.0,0.0,0.3387,32.445,6.0,-20,20.102288938939576,,0.0,0.0,0.0,0.0,47.521006046517385,optimal
2021-02-08 08:30:00,9,19,0.0,0.0,0.0,0.29883333333333334,28.917,6.0,-20,20.070206524990528,,0.0,0.0,0.0,0.0,47.281868255336995,optimal
2021-02-08 09:00:00,9,19,0.0,0.0,0.0,0.32863333333333333,15.876,6.0,-20,20.035107503210025,,0.0,0.0,0.0,0.0,47.04296960194778,optimal
2021-02-08 09:30:00,9,19,0.44952697253413276,0.0,0.0,0.42586666666666667,12.348,6.0,-20,20.0,,1573.3444038694647,0.0,0.0,0.0,46.80430984721196,optimal
2021-02-08 10:00:00,9,19,1.130767731398833,0.0,0.0,0.47793333333333327,12.1275,6.0,-20,20.0,,3191.353726562582,0.0,766.3333333333334,0.0,46.565888752230876,optimal
2021-02-08 10:30:00,9,19,0.0,0.0,0.0,0.3679333333333333,12.348,6.0,-20,20.03401643615914,,0.0,0.0,0.0,0.0,46.32770607834477,optimal
2021-02-08 11:00:00,9,19,0.42781994741414475,0.0,0.0,0.561,12.1275,6.0,-20,20.0,,1497.3698159495066,0.0,0.0,0.0,46.08976158713255,optimal
2021-02-08 11:30:00,9,19,0.3404677725891807,0.0,0.0,1.6266666666666667,12.1275,6.0,-20,20.0,,1191.6372040621325,0.0,0.0,0.0,45.85205504041154,optimal
2021-02-08 12:00:00,9,19,0.6338098751726162,0.0,0.0,0.35156666666666664,11.2665,6.0,-20,20.0,,1870.001229770823,0.0,348.3333333333333,0.0,45.614586200237255,optimal
2021-02-08 12:30:00,9,19,1.7722346098131145,0.0,0.0,0.1792,10.143,6.0,-20,20.0,,5784.821134345901,0.0,417.99999999999994,0.0,45.377354828903144,optimal
2021-02-08 13:00:00,9,19,0.0,0.0,0.0,0.17563333333333334,11.2455,6.0,-20,20.077527769520447,,0.0,0.0,0.0,0.0,45.14036068894037,optimal
2021-02-08 13:30:00,9,19,0.0,0.0,0.0,0.2373,11.025,6.0,-20,20.03815338224659,,0.0,0.0,0.0,0.0,44.903603543117555,optimal
2021-02-08 14:00:00,9,19,2.0,0.0,0.0,0.15196666666666667,5.9745,6.0,-20,20.0,,7000.0,0.0,0.0,0.0,44.66708315444056,optimal
2021-02-08 14:30:00,9,19,0.0,0.0,0.0,0.2061,7.938,6.0,-20,20.0999985793456,,0.0,0.0,0.0,0.0,44.430799286152244,optimal
2021-02-08 15:00:00,9,19,0.0,0.0,0.0,0.2201,8.6835,6.0,-20,20.0548659303085,,0.0,0.0,0.0,0.0,44.194751701732216,optimal
2021-02-08 15:30:00,9,19,0.3493989069860121,0.0,0.0,0.1732,7.665,6.0,-20,20.013778618833825,,1222.8961744510423,0.0,0.0,0.0,43.95894016489661,optimal
2021-02-08 16:00:00,9,19,0.2830259795931038,0.0,0.0,0.6469333333333332,6.7725,6.0,-20,20.0,,990.5909285758634,0.0,0.0,0.0,43.72336443959784,optimal
2021-02-08 16:30:00,9,19,0.5404913846876847,0.0,0.0,0.30006666666666665,5.5755,6.0,-20,20.0,,1195.0531797402298,0.0,696.6666666666666,0.0,43.48802429002436,optimal
2021-02-08 17:00:00,9,19,2.0,0.0,0.0,1.7492,5.0925,6.0,-20,20.0,,1844.666666666667,0.0,5155.333333333333,0.0,43.25291948060046,optimal
2021-02-08 17:30:00,9,19,2.0,0.0,0.0,0.4398,4.1895,6.0,-20,20.01921017110253,,7000.0,0.0,0.0,0.0,43.018049775985986,optimal
2021-02-08 18:00:00,9,19,0.0,0.0,0.0,0.5485,7.056,6.0,-20,20.136391728800646,,0.0,0.0,0.0,0.0,42.783414941076124,optimal
2021-02-08 18:30:00,9,19,0.34128173722553634,0.0,0.0,0.5613666666666667,5.271,6.0,-20,20.10830509303364,,1194.4860802893772,0.0,0.0,0.0,42.74063152613505,optimal
2021-02-08 19:00:00,9,19,0.0,0.0,0.0,0.3663333333333333,7.938,6.0,-20,20.109717747889146,,0.0,0.0,0.0,0.0,42.69789089460891,optimal
2021-02-08 19:30:00,9,19,0.0,0.0,0.0,0.4517,7.938,6.0,-20,20.079961012834435,,0.0,0.0,0.0,0.0,42.6551930037143,optimal
2021-02-08 20:00:00,9,19,0.0,0.0,0.0,0.1446,11.907,6.0,-20,20.045043181920583,,0.0,0.0,0.0,0.0,42.612537810710585,optimal
2021-02-08 20:30:00,9,19,0.0,0.0,0.0,0.18813333333333332,11.025,6.0,-20,20.0,,0.0,0.0,0.0,0.0,42.56992527289987,optimal
2021-02-08 21:00:00,9,19,0.0,0.0,0.0,0.7483,11.2875,6.0,-20,19.953397496153045,,0.0,0.0,0.0,0.0,42.52735534762697,optimal
2021-02-08 21:30:00,9,19,0.0,0.0,0.0,0.39103333333333334,12.936,6.0,-20,19.922505479337683,,0.0,0.0,0.0,0.0,42.48482799227934,optimal
2021-02-08 22:00:00,9,19,0.0,0.0,0.0,0.6367999999999999,13.0095,6.0,-20,19.88328914252925,,0.0,0.0,0.0,0.0,42.44234316428706,optimal
2021-02-08 22:30:00,9,19,0.0,0.0,0.0,0.5482666666666667,13.671,6.0,-20,19.850117667313793,,0.0,0.0,0.0,0.0,42.39990082112277,optimal
2021-02-08 23:00:00,9,19,0.0,0.0,0.0,0.6483,13.188,6.0,-20,19.81757203578587,,0.0,0.0,0.0,0.0,42.357500920301646,optimal
2021-02-08 23:30:00,9,19,0.0,0.0,0.0,0.5477333333333333,13.8495,6.0,-20,19.786885772398804,,0.0,0.0,0.0,0.0,42.31514341938134,optimal
2021-02-09 00:00:00,9,19,2.0,0.0,3.2542806820662777,0.0496,13.23,6.0,18,19.786885772398804,,6860.666666666667,0.0,139.33333333333331,0.0,43.818611599943445,optimal
2021-02-09 00:30:00,9,19,1.7759945793290066,0.0,0.0,0.13586666666666666,13.8915,6.0,18,19.88320696126819,,2871.981027651523,0.0,3344.0,0.0,43.7747929883435,optimal
2021-02-09 01:00:00,9,19,0.0,0.0,0.0,0.5256000000000001,26.9325,6.0,18,19.902725064409328,,0.0,0.0,0.0,0.0,43.73101819535515,optimal
2021-02-09 01:30:00,9,19,0.0,0.0,0.0,0.4161333333333333,30.303,6.0,18,19.870582433859532,,0.0,0.0,0.0,0.0,43.68728717715979,optimal
2021-02-09 02:00:00,9,19,0.0,0.0,0.0,0.35886666666666667,32.886,6.0,18,19.83766062135778,,0.0,0.0,0.0,0.0,43.643599889982625,optimal
2021-02-09 02:30:00,9,19,0.0,0.0,0.0,0.2548,34.9965,6.0,18,19.80409499221673,,0.0,0.0,0.0,0.0,43.59995629009264,optimal
2021-02-09 03:00:00,9,19,0.0,0.0,0.0,0.2016,33.327,6.0,18,19.767794651024495,,0.0,0.0,0.0,0.0,43.55635633380254,optimal
2021-02-09 03:30:00,9,19,0.0,0.0,0.0,0.47226666666666667,31.122,6.0,18,19.731612768246183,,0.0,0.0,0.0,0.0,43.51279997746874,optimal
2021-02-09 04:00:00,9,19,0.0,0.0,0.0,1.2495999999999998,17.9025,6.0,18,19.70258565449024,,0.0,0.0,0.0,0.0,43.46928717749127,optimal
2021-02-09 04:30:00,9,19,0.0,0.0,0.0,0.2329333333333333,15.6555,6.0,18,19.673332934997312,,0.0,0.0,0.0,0.0,43.42581789031377,optimal
2021-02-09 05:00:00,9,19,0.0,0.0,0.0,0.3450666666666667,14.553,6.0,18,19.640510228594657,,0.0,0.0,0.0,0.0,43.38239207242345,optimal
2021-02-09 05:30:00,9,19,0.0,0.0,0.0,1.1172666666666669,14.3325,6.0,18,19.607268388104753,,0.0,0.0,0.0,0.0,43.339009680351026,optimal
2021-02-09 06:00:00,9,19,2.0,0.0,5.0,1.0165333333333333,13.335,6.0,18,19.5696494192158,,7000.0,0.0,0.0,0.0,45.670670670670674,optimal
2021-02-09 06:30:00,9,19,2.0,0.0,5.0,0.9652000000000001,12.1275,6.0,18,19.683489094229543,,7000.0,0.0,0.0,0.0,48.0,optimal
2021-02-09 07:00:00,9,19,2.0,0.0,0.0,0.15956666666666666,12.2955,6.0,18,19.795308833780638,,7000.0,0.0,0.0,0.0,47.78983835471399,optimal
2021-02-09 07:30:00,9,19,2.0,0.0,0.0,0.06620000000000001,11.6865,6.0,18,19.898770178922735,,7000.0,0.0,0.0,0.0,47.57988687107327,optimal
2021-02-09 08:00:00,9,19,0.5876385681049154,0.0,0.0,0.2843333333333333,11.466,6.0,18,20.0,,1778.0683217005376,0.0,278.66666666666663,0.0,47.37014533891619,optimal
2021-02-09 08:30:00,9,19,2.0,0.0,0.0,0.13623333333333332,10.8045,6.0,18,20.0,,1916.1794038693288,0.0,5083.820596130671,0.0,47.160613548291266,optimal
2021-02-09 09:00:00,9,19,2.0,0.0,0.0,0.158,10.584,6.0,18,20.0,,5604.820596130671,0.0,1395.1794038693286,0.0,46.95129128945697,optimal
2021-02-09 09:30:00,9,19,0.7231607085555234,0.0,0.0,0.33496666666666663,11.2455,6.0,18,20.077239760427478,,2531.0624799443317,0.0,0.0,0.0,46.7421783528815,optimal
2021-02-09 10:00:00,9,19,0.0,0.0,0.0,0.5041,12.1275,6.0,18,20.094966891220864,,0.0,0.0,0.0,0.0,46.53327452924262,optimal
2021-02-09 10:30:00,9,19,0.0,0.0,0.0,0.4498333333333333,11.823,6.0,18,20.06329338397753,,0.0,0.0,0.0,0.0,46.32457960942737,optimal
2021-02-09 11:00:00,9,19,0.0,0.0,0.0,0.7103333333333334,11.7705,6.0,18,20.028794838797346,,0.0,0.0,0.0,0.0,46.116093384531936,optimal
2021-02-09 11:30:00,9,19,2.0,0.0,0.0,0.3127,11.13,6.0,18,20.0,,7000.0,0.0,0.0,0.0,45.9078156458614,optimal
2021-02-09 12:00:00,9,19,0.0,0.0,0.0,0.2434333333333333,11.6865,6.0,18,20.103767126668885,,0.0,0.0,0.0,0.0,45.69974618492953,optimal
2021-02-09 12:30:00,9,19,2.0,0.0,0.0,0.2868,10.7205,6.0,18,20.064741763643035,,7000.0,0.0,0.0,0.0,45.491884793458595,optimal
2021-02-09 13:00:00,9,19,1.6788706267295328,0.0,0.0,0.14606666666666665,11.424,6.0,18,20.167993024448876,,5876.047193553365,0.0,0.0,0.0,45.284231263379134,optimal
2021-02-09 13:30:00,9,19,2.0,0.0,0.0,0.127,10.689,6.0,18,20.240305068153635,,7000.0,0.0,0.0,0.0,45.07678538682975,optimal
2021-02-09 14:00:00,9,19,2.0,0.0,0.0,0.081,11.361,6.0,18,20.334623576642407,,7000.0,0.0,0.0,0.0,44.86954695615691,optimal
2021-02-09 14:30:00,9,19,0.0,0.0,0.0,0.13686666666666666,11.571,6.0,18,20.427638906882827,,0.0,0.0,0.0,0.0,44.66251576391475,optimal
2021-02-09 15:00:00,9,19,0.0,0.0,0.0,0.15,14.3745,6.0,18,20.379983698258542,,0.0,0.0,0.0,0.0,44.455691602864825,optimal
2021-02-09 15:30:00,9,19,0.0,0.0,0.0,0.10306666666666667,13.23,6.0,18,20.332587762699728,,0.0,0.0,0.0,0.0,44.249074265975956,optimal
2021-02-09 16:00:00,9,19,0.0,0.0,0.0,0.09179999999999999,13.9755,6.0,18,20.284366336844325,,0.0,0.0,0.0,0.0,44.042663546423974,optimal
2021-02-09 16:30:00,9,19,0.0,0.0,0.0,0.10666666666666669,14.994,6.0,18,20.236042170597848,,0.0,0.0,0.0,0.0,43.83645923759155,optimal
2021-02-09 17:00:00,9,19,0.0,0.0,0.0,0.3748666666666667,13.671,6.0,18,20.18949412588168,,0.0,0.0,0.0,0.0,43.63046113306795,optimal
2021-02-09 17:30:00,9,19,0.0,0.0,0.0,1.4635333333333334,15.981,6.0,18,20.15444251861914,,0.0,0.0,0.0,0.0,43.42466902664888,optimal
2021-02-09 18:00:00,9,19,0.0,0.0,0.0,0.23046666666666668,15.6345,6.0,18,20.13485017880527,,0.0,0.0,0.0,0.0,43.219082712336224,optimal
2021-02-09 18:30:00,9,19,0.0,0.0,0.0,1.3011,16.5375,6.0,18,20.106135252171295,,0.0,0.0,0.0,0.0,43.013701984337885,optimal
2021-02-09 19:00:00,9,19,0.0,0.0,0.0,1.1804333333333334,14.7735,6.0,18,20.081795272897985,,0.0,0.0,0.0,0.0,42.808526637067544,optimal
2021-02-09 19:30:00,9,19,0.0,0.0,0.0,0.44123333333333337,15.2145,6.0,18,20.053037322285174,,0.0,0.0,0.0,0.0,42.60355646514447,optimal
2021-02-09 20:00:00,9,19,0.0,0.0,0.0,0.2497666666666667,14.553,6.0,18,20.025499698599237,,0.0,0.0,0.0,0.0,42.560952908679326,optimal
2021-02-09 20:30:00,9,19,0.0,0.0,0.0,0.16446666666666668,14.3325,6.0,18,20.0,,0.0,0.0,0.0,0.0,42.518391955770646,optimal
2021-02-09 21:00:00,9,19,0.0,0.0,0.0,0.5161666666666667,14.595,6.0,18,19.969034741214866,,0.0,0.0,0.0,0.0,42.47587356381487,optimal
2021-02-09 21:30:00,9,19,0.0,0.0,0.0,0.1016,14.994,6.0,18,19.94257009051735,,0.0,0.0,0.0,0.0,42.433397690251056,optimal
2021-02-09 22:00:00,9,19,0.0,0.0,0.0,0.8899333333333332,14.3325,6.0,18,19.909463954294644,,0.0,0.0,0.0,0.0,42.3909642925608,optimal
2021-02-09 22:30:00,9,19,0.0,0.0,0.0,0.5825333333333333,13.8915,6.0,18,19.880558297272078,,0.0,0.0,0.0,0.0,42.348573328268245,optimal
2021-02-09 23:00:00,9,19,0.0,0.0,0.0,0.29356666666666664,13.8915,6.0,18,19.850926675173895,,0.0,0.0,0.0,0.0,42.306224754939976,optimal
2021-02-09 23:30:00,9,19,0.0,0.0,0.0,0.4244666666666666,13.4715,6.0,18,19.819683939907446,,0.0,0.0,0.0,0.0,42.26391853018504,optimal
2021-02-10 00:00:00,9,19,0.0,0.0,0.0,0.06,27.741,6.0,10,19.819683939907446,,0.0,0.0,0.0,0.0,42.221654611654856,optimal
2021-02-10 00:30:00,9,19,0.0,0.0,0.0,0.13026666666666667,19.026,6.0,10,19.777692892387208,,0.0,0.0,0.0,0.0,42.179432957043204,optimal
2021-02-10 01:00:00,9,19,0.0,0.0,0.0,0.059866666666666665,18.7215,6.0,10,19.737092501489993,,0.0,0.0,0.0,0.0,42.13725352408616,optimal
2021-02-10 01:30:00,9,19,0.0,0.0,0.0,0.2663333333333333,17.4195,6.0,10,19.69491589396997,,0.0,0.0,0.0,0.0,42.09511627056207,optimal
2021-02-10 02:00:00,9,19,0.0,0.0,0.0,0.0892,16.758,6.0,10,19.656761000527787,,0.0,0.0,0.0,0.0,42.053021154291514,optimal
2021-02-10 02:30:00,9,19,0.0,0.0,0.0,0.24906666666666663,14.217,6.0,10,19.614867103144494,,0.0,0.0,0.0,0.0,42.010968133137226,optimal
2021-02-10 03:00:00,9,19,0.0,0.0,0.0,0.054,13.3665,6.0,10,19.576311677752972,,0.0,0.0,0.0,0.0,41.96895716500409,optimal
2021-02-10 03:30:00,9,19,0.0,0.0,0.0,0.13613333333333333,12.789,6.0,10,19.533914960814055,,0.0,0.0,0.0,0.0,41.92698820783909,optimal
2021-02-10 04:00:00,9,19,0.0,0.0,0.0,0.1752,11.907,6.0,10,19.493287484331937,,0.0,0.0,0.0,0.0,41.88506121963125,optimal
2021-02-10 04:30:00,9,19,2.0,0.0,0.0,0.2023,11.7075,6.0,10,19.453554541691123,,0.0,0.0,7000.0,0.0,41.843176158411616,optimal
2021-02-10 05:00:00,9,19,2.0,0.0,5.0,0.07896666666666667,10.8045,6.0,10,19.414213037735845,,6949.360179219785,0.0,50.639820780214954,0.0,44.17633298225321,optimal
2021-02-10 05:30:00,9,19,2.0,0.0,0.0,0.2256,11.508,6.0,10,19.51262831475116,,7000.0,0.0,0.0,0.0,44.132156649270954,optimal
2021-02-10 06:00:00,9,19,2.0,0.0,0.0,0.12166666666666669,11.508,6.0,10,19.61451542279106,,7000.0,0.0,0.0,0.0,44.088024492621685,optimal
2021-02-10 06:30:00,9,19,2.0,0.0,0.0,0.2772,11.508,6.0,10,19.713597919621343,,7000.0,0.0,0.0,0.0,44.04393646812906,optimal
2021-02-10 07:00:00,9,19,1.7114308971056398,0.0,0.0,0.265,11.844,6.0,10,19.816676864012422,,5990.008139869739,0.0,0.0,0.0,43.99989253166093,optimal
2021-02-10 07:30:00,9,19,2.0,0.0,3.6100590137713677,0.13613333333333333,11.508,6.0,10,19.900277000763197,,7000.0,0.0,0.0,0.0,45.670670670670674,optimal
2021-02-10 08:00:00,9,19,2.0,0.0,5.0,0.35533333333333333,11.508,6.0,10,20.0,,6317.639820780215,0.0,682.3601792197851,0.0,48.0,optimal
2021-02-10 08:30:00,9,19,2.0,0.0,0.0,0.12033333333333332,10.4475,6.0,10,20.091098796774784,,7000.0,0.0,0.0,0.0,47.560303042142266,optimal
2021-02-10 09:00:00,9,19,2.0,0.0,0.0,0.3966,10.8675,6.0,10,20.193530501039945,,7000.0,0.0,0.0,0.0,47.121045781242394,optimal
2021-02-10 09:30:00,9,19,2.0,0.0,0.0,0.25216666666666665,10.542,6.0,10,20.3010571654722,,7000.0,0.0,0.0,0.0,46.68222777760342,optimal
2021-02-10 10:00:00,9,19,2.0,0.0,0.0,0.2911,11.025,6.0,10,20.40680561951162,,7000.0,0.0,0.0,0.0,46.24384859196809,optimal
2021-02-10 10:30:00,9,19,2.0,0.0,0.0,0.29819999999999997,11.025,6.0,10,20.515170826654806,,7000.0,0.0,0.0,0.0,45.805907785518386,optimal
2021-02-10 11:00:00,9,19,0.0,0.0,0.0,0.07973333333333334,14.553,6.0,10,20.622550152322646,,0.0,0.0,0.0,0.0,45.36840491987513,optimal
2021-02-10 11:30:00,9,19,0.0,0.0,0.0,0.36360000000000003,13.0935,6.0,10,20.581657419154265,,0.0,0.0,0.0,0.0,44.93133955709752,optimal
2021-02-10 12:00:00,9,19,0.0,0.0,0.0,0.21346666666666667,15.6345,6.0,10,20.546707286348006,,0.0,0.0,0.0,0.0,44.494711259682695,optimal
2021-02-10 12:30:00,9,19,0.0,0.0,0.0,0.5115333333333334,18.102,6.0,10,20.50887469291654,,0.0,0.0,0.0,0.0,44.05851959056528,optimal
2021-02-10 13:00:00,9,19,0.0,0.0,0.0,0.2389,17.199,6.0,10,20.476475322251925,,0.0,0.0,0.0,0.0,43.622764113116986,optimal
2021-02-10 13:30:00,9,19,0.0,0.0,0.0,0.3844333333333333,18.2805,6.0,10,20.438823957457377,,0.0,0.0,0.0,0.0,43.18744439114614,optimal
2021-02-10 14:00:00,9,19,0.0,0.0,0.0,0.246,17.4615,6.0,10,20.404377610258887,,0.0,0.0,0.0,0.0,42.75255998889726,optimal
2021-02-10 14:30:00,9,19,0.0,0.0,0.0,0.30376666666666663,18.3225,6.0,10,20.370604484368062,,0.0,0.0,0.0,0.0,42.31811047105063,optimal
2021-02-10 15:00:00,9,19,0.0,0.0,0.0,0.22846666666666668,17.094,6.0,10,20.33670466793804,,0.0,0.0,0.0,0.0,41.88409540272185,optimal
2021-02-10 15:30:00,9,19,0.0,0.0,0.0,0.12926666666666667,17.094,6.0,10,20.303731796178322,,0.0,0.0,0.0,0.0,41.45051434946139,optimal
2021-02-10 16:00:00,9,19,0.0,0.0,0.0,0.4617,17.094,6.0,10,20.271613322993776,,0.0,0.0,0.0,0.0,41.0173668772542,optimal
2021-02-10 16:30:00,9,19,0.0,0.0,0.0,0.176,17.3565,6.0,10,20.24710868023856,,0.0,0.0,0.0,0.0,40.58465255251921,optimal
2021-02-10 17:00:00,9,19,0.0,0.0,0.0,0.2695,17.115,6.0,10,20.21743116424437,,0.0,0.0,0.0,0.0,40.15237094210896,optimal
2021-02-10 17:30:00,9,19,0.0,0.0,0.0,0.3179666666666666,17.241,6.0,10,20.186057157676032,,0.0,0.0,0.0,0.0,39.72052161330912,optimal
2021-02-10 18:00:00,9,19,0.0,0.0,0.0,0.5197,17.094,6.0,10,20.157150712213056,,0.0,0.0,0.0,0.0,39.28910413383807,optimal
2021-02-10 18:30:00,9,19,0.0,0.0,0.0,1.8692666666666669,16.5165,6.0,10,20.12470252173467,,0.0,0.0,0.0,0.0,38.858118071846505,optimal
2021-02-10 19:00:00,9,19,0.0,0.0,0.0,1.1513,17.8185,6.0,10,20.107513748106072,,0.0,0.0,0.0,0.0,38.42756299591693,optimal
2021-02-10 19:30:00,9,19,0.0,0.0,0.0,0.3782,17.094,6.0,10,20.074376641586188,,0.0,0.0,0.0,0.0,37.997438475063284,optimal
2021-02-10 20:00:00,9,19,0.0,0.0,0.0,0.2941333333333333,16.8945,6.0,10,20.037867192283027,,0.0,0.0,0.0,0.0,37.567744078730485,optimal
2021-02-10 20:30:00,9,19,0.0,0.0,0.0,0.24459999999999998,18.123,6.0,10,20.0,,0.0,0.0,0.0,0.0,37.138479376794024,optimal
2021-02-10 21:00:00,9,19,0.0,0.0,0.0,0.32880000000000004,31.647,6.0,10,19.963881366728224,,0.0,0.0,0.0,0.0,36.7096439395595,optimal
2021-02-10 21:30:00,9,19,0.0,0.0,0.0,0.24609999999999999,34.9965,6.0,10,19.93387691552393,,0.0,0.0,0.0,0.0,36.28123733776221,optimal
2021-02-10 22:00:00,9,19,0.0,0.0,0.0,0.19256666666666664,34.9965,6.0,10,19.898567538018714,,0.0,0.0,0.0,0.0,35.85325914256671,optimal
2021-02-10 22:30:00,9,19,0.0,0.0,0.0,0.4068,34.9965,6.0,10,19.85972675322997,,0.0,0.0,0.0,0.0,35.42570892556641,optimal
2021-02-10 23:00:00,9,19,0.0,0.0,0.0,0.15303333333333333,34.9965,6.0,10,19.825768582644873,,0.0,0.0,0.0,0.0,35.390283216640846,optimal
2021-02-10 23:30:00,9,19,0.0,0.0,0.0,0.1396,34.9965,6.0,10,19.78725515667413,,0.0,0.0,0.0,0.0,35.3548929334242,optimal
2021-02-11 00:00:00,9,19,2.0,0.0,5.0,0.06,10.7835,6.0,-5,19.78725515667413,,7000.0,0.0,0.0,0.0,37.69453804049078,optimal
2021-02-11 00:30:00,9,19,2.0,0.0,5.0,0.06,11.025,6.0,-5,19.876238686197727,,0.0,0.0,7000.0,0.0,40.031843502450286,optimal
2021-02-11 01:00:00,9,19,2.0,0.0,5.0,0.06,10.584,6.0,-5,19.823821885718644,,6963.666666666666,0.0,36.333333333334366,0.0,42.36681165894784,optimal
2021-02-11 01:30:00,9,19,2.0,0.0,5.0,0.06,11.025,6.0,-5,19.91249462800153,,7000.0,0.0,0.0,0.0,44.69944484728889,optimal
2021-02-11 02:00:00,9,19,2.0,0.0,5.0,0.06,10.4265,6.0,-5,20.001671789002053,,7000.0,0.0,0.0,0.0,47.0297454024416,optimal
2021-02-11 02:30:00,9,19,2.0,0.0,0.0,0.06,12.789,6.0,-5,20.09061797911862,,7000.0,0.0,0.0,0.0,46.98271565703916,optimal
2021-02-11 03:00:00,9,19,2.0,0.0,3.0526333357810724,0.09966666666666668,12.684,6.0,-5,20.179074794286908,,7000.0,0.0,0.0,0.0,48.38573377587813,optimal
2021-02-11 03:30:00,9,19,2.0,0.0,0.0,0.06,16.254,6.0,-5,20.268403912966285,,7000.0,0.0,0.0,0.0,48.33734804210225,optimal
2021-02-11 04:00:00,9,19,2.0,0.0,0.0,0.06,17.64,6.0,-5,20.35678876193123,,7000.0,0.0,0.0,0.0,48.289010694060146,optimal
2021-02-11 04:30:00,9,19,0.0,0.0,0.0,0.06,19.1625,6.0,-5,20.445592197828937,,0.0,0.0,0.0,0.0,48.240721683366075,optimal
2021-02-11 05:00:00,9,19,0.0,0.0,0.0,0.06,26.46,6.0,-5,20.392736767886387,,0.0,0.0,0.0,0.0,48.192480961682705,optimal
2021-02-11 05:30:00,9,19,0.0,0.0,0.0,0.06,20.79,6.0,-5,20.3400182347147,,0.0,0.0,0.0,0.0,48.144288480721016,optimal
2021-02-11 06:00:00,9,19,0.0,0.0,0.0,0.06,29.106,6.0,-5,20.28808374945857,,0.0,0.0,0.0,0.0,48.096144192240295,optimal
2021-02-11 06:30:00,9,19,0.0,0.0,0.0,0.06,19.1835,6.0,-5,20.23693128141598,,0.0,0.0,0.0,0.0,48.048048048048045,optimal
2021-02-11 07:00:00,9,19,0.0,0.0,0.0,1.2819333333333334,19.6665,6.0,-5,20.18655880514449,,0.0,0.0,0.0,0.0,48.0,optimal
2021-02-11 07:30:00,9,19,0.0,0.0,0.0,1.1210666666666667,19.404,6.0,-5,20.157523208125536,,0.0,0.0,0.0,0.0,47.857814556169835,optimal
2021-02-11 08:00:00,9,19,0.0,0.0,0.0,0.3048,19.047,6.0,-5,20.12831247759064,,0.0,0.0,0.0,0.0,47.715771297783505,optimal
2021-02-11 08:30:00,9,19,0.3576858706493032,0.0,0.0,0.31939999999999996,18.858,6.0,-5,20.089858917898706,,1251.9005472725612,0.0,0.0,0.0,47.57387008265556,optimal
2021-02-11 09:00:00,9,19,0.0,0.0,0.0,1.7625,19.2675,6.0,-5,20.077561907776296,,0.0,0.0,0.0,0.0,47.43211076874274,optimal
2021-02-11 09:30:00,9,19,0.0,0.0,0.0,0.5498,18.963,6.0,-5,20.03837294672235,,0.0,0.0,0.0,0.0,47.29049321414383,optimal
2021-02-11 10:00:00,9,19,1.3728386635180143,0.0,0.0,0.19566666666666663,18.438,6.0,-5,20.0,,4804.93532231305,0.0,0.0,0.0,47.149017277099524,optimal
2021-02-11 10:30:00,9,19,0.0,0.0,0.0,0.1774,18.7425,6.0,-5,20.050819623572863,,0.0,0.0,0.0,0.0,47.00768281599226,optimal
2021-02-11 11:00:00,9,19,2.0,0.0,0.0,0.231,15.2145,6.0,-5,20.0,,4791.364143086103,0.0,2208.6358569138974,0.0,46.8664896893461,optimal
2021-02-11 11:30:00,9,19,0.0,0.0,0.0,0.105,17.7765,6.0,-5,20.04717852198045,,0.0,0.0,0.0,0.0,46.7254377558266,optimal
2021-02-11 12:00:00,9,19,1.23819374155947,0.0,0.0,0.105,16.758,6.0,-5,20.0,,4312.98061903871,0.0,20.697476419436022,0.0,46.58452687424061,optimal
2021-02-11 12:30:00,9,19,2.0,0.0,0.0,0.07293333333333334,16.422,6.0,-5,20.042255162123467,,7000.0,0.0,0.0,0.0,46.443756903536205,optimal
2021-02-11 13:00:00,9,19,2.0,0.0,0.0,0.06866666666666667,16.758,6.0,-5,20.142547231733825,,7000.0,0.0,0.0,0.0,46.303127702802506,optimal
2021-02-11 13:30:00,9,19,0.0,0.0,0.0,0.07606666666666666,29.358,6.0,-5,20.242116031837423,,0.0,0.0,0.0,0.0,46.16263913126954,optimal
2021-02-11 14:00:00,9,19,0.0,0.0,0.0,0.068,34.9965,6.0,-5,20.200898230024283,,0.0,0.0,0.0,0.0,46.02229104830811,optimal
2021-02-11 14:30:00,9,19,0.0,0.0,0.0,0.18469999999999998,34.65,6.0,-5,20.160718309539764,,0.0,0.0,0.0,0.0,45.88208331342964,optimal
2021-02-11 15:00:00,9,19,0.0,0.0,0.0,0.1212,34.9965,6.0,-5,20.121424877983937,,0.0,0.0,0.0,0.0,45.742015786286046,optimal
2021-02-11 15:30:00,9,19,0.0,0.0,0.0,0.24953333333333333,34.9965,6.0,-5,20.081722843431574,,0.0,0.0,0.0,0.0,45.602088326669595,optimal
2021-02-11 16:00:00,9,19,0.0,0.0,0.0,1.8453333333333333,30.4815,6.0,-5,20.046606898594778,,0.0,0.0,0.0,0.0,45.462300794512764,optimal
2021-02-11 16:30:00,9,19,0.0,0.0,0.0,0.2112333333333333,21.4305,6.0,-5,20.031505693396188,,0.0,0.0,0.0,0.0,45.32265304988809,optimal
2021-02-11 17:00:00,9,19,0.39426789587791833,0.0,0.0,0.38,14.3325,6.0,-5,20.0,,1101.2709689060475,0.0,278.66666666666663,0.0,45.18314495300804,optimal
2021-02-11 17:30:00,9,19,1.7974918652306213,0.0,0.0,0.25366666666666665,13.692,6.0,-5,20.0,,2947.221528307175,0.0,3344.0,0.0,45.04377636422487,optimal
2021-02-11 18:00:00,9,19,0.0,0.0,0.0,1.1154000000000002,14.007,6.0,-5,20.03036539253904,,0.0,0.0,0.0,0.0,44.90454714403048,optimal
2021-02-11 18:30:00,9,19,0.49110334743728223,0.0,0.0,0.9459333333333332,12.873,6.0,-5,20.0,,1718.861716030488,0.0,0.0,0.0,44.76545715305629,optimal
2021-02-11 19:00:00,9,19,0.6992206429733512,0.0,0.0,0.3514333333333333,12.684,6.0,-5,20.0,,2238.272250406729,0.0,209.0,0.0,44.62650625207307,optimal
2021-02-11 19:30:00,9,19,0.7617161368112647,0.0,0.0,0.37739999999999996,12.306,6.0,-5,20.0,,2457.0064788394266,0.0,209.0,0.0,44.487694301990835,optimal
2021-02-11 20:00:00,9,19,1.0352059163634388,0.0,0.0,0.6627666666666666,10.6365,6.0,-5,20.0,,2299.5540406053688,0.0,1323.6666666666667,0.0,44.34902116385868,optimal
2021-02-11 20:30:00,9,19,0.0,0.0,0.0,0.2986333333333333,11.2455,6.0,-5,20.0,,0.0,0.0,0.0,0.0,44.210486698864656,optimal
2021-02-11 21:00:00,9,19,0.0,0.0,0.0,0.29246666666666665,11.2455,6.0,-5,19.947856631013746,,0.0,0.0,0.0,0.0,44.16627621216579,optimal
2021-02-11 21:30:00,9,19,0.0,0.0,0.0,1.0931,11.025,6.0,-5,19.896540358537216,,0.0,0.0,0.0,0.0,44.122109935953624,optimal
2021-02-11 22:00:00,9,19,0.0,0.0,0.0,0.5301666666666667,12.0855,6.0,-5,19.84834729030052,,0.0,0.0,0.0,0.0,44.07798782601767,optimal
2021-02-11 22:30:00,9,19,0.0,0.0,0.0,0.3546,11.6865,6.0,-5,19.806348984296797,,0.0,0.0,0.0,0.0,44.033909838191654,optimal
2021-02-11 23:00:00,9,19,0.0,0.0,0.0,0.34026666666666666,11.2245,6.0,-5,19.75892724928735,,0.0,0.0,0.0,0.0,43.98987592835346,optimal
2021-02-11 23:30:00,9,19,0.0,0.0,0.0,0.5166000000000001,11.025,6.0,-5,19.712189022185626,,0.0,0.0,0.0,0.0,43.94588605242511,optimal
2021-02-12 00:00:00,9,19,2.0,0.0,4.884963265943246,0.3653,12.348,6.0,-13,19.712189022185626,,7000.0,0.0,0.0,0.0,46.222297717695724,optimal
2021-02-12 00:30:00,9,19,0.0,0.0,0.0,0.1997333333333333,14.3325,6.0,-13,19.806054663055274,,0.0,0.0,0.0,0.0,46.17607541997803,optimal
2021-02-12 01:00:00,9,19,0.0,0.0,0.0,0.22613333333333333,15.393,6.0,-13,19.755359810700856,,0.0,0.0,0.0,0.0,46.12989934455804,optimal
2021-02-12 01:30:00,9,19,0.0,0.0,0.0,0.19019999999999998,13.587,6.0,-13,19.69808983718682,,0.0,0.0,0.0,0.0,46.08376944521348,optimal
2021-02-12 02:00:00,9,19,0.0,0.0,0.0,0.17626666666666668,16.1385,6.0,-13,19.640501195000233,,0.0,0.0,0.0,0.0,46.037685675768266,optimal
2021-02-12 02:30:00,9,19,0.0,0.0,0.0,0.19319999999999998,14.595,6.0,-13,19.583039200212248,,0.0,0.0,0.0,0.0,45.99164799009249,optimal
2021-02-12 03:00:00,9,19,0.0,0.0,0.0,0.16606666666666667,14.637,6.0,-13,19.526845163309932,,0.0,0.0,0.0,0.0,45.945656342102396,optimal
2021-02-12 03:30:00,9,19,0.0,0.0,0.0,0.2602,13.9125,6.0,-13,19.47102547188783,,0.0,0.0,0.0,0.0,45.89971068576028,optimal
2021-02-12 04:00:00,9,19,1.500345419687987,0.0,0.0,0.1626,13.3665,6.0,-13,19.41906525220159,,3439.875635574622,0.0,1811.333333333333,0.0,45.853810975074516,optimal
2021-02-12 04:30:00,9,19,2.0,0.0,0.0,0.158,13.0095,6.0,-13,19.43658037561485,,7000.0,0.0,0.0,0.0,45.80795716409944,optimal
2021-02-12 05:00:00,9,19,0.0,0.0,0.0,0.17266666666666666,13.8915,6.0,-13,19.527699403007603,,0.0,0.0,0.0,0.0,45.76214920693534,optimal
2021-02-12 05:30:00,9,19,2.0,0.0,0.0,0.179,13.188,6.0,-13,19.47926291025584,,7000.0,0.0,0.0,0.0,45.716387057728404,optimal
2021-02-12 06:00:00,9,19,2.0,0.0,0.0,0.20326666666666668,12.5685,6.0,-13,19.57458070976038,,7000.0,0.0,0.0,0.0,45.670670670670674,optimal
2021-02-12 06:30:00,9,19,2.0,0.0,5.0,0.2536333333333333,12.285,6.0,-13,19.672213938985177,,7000.0,0.0,0.0,0.0,48.0,optimal
2021-02-12 07:00:00,9,19,2.0,0.0,0.0,0.2832,11.487,6.0,-13,19.774224797005907,,7000.0,0.0,0.0,0.0,47.81845686319718,optimal
2021-02-12 07:30:00,9,19,2.0,0.0,0.0,0.5209333333333332,11.802,6.0,-13,19.883269563406834,,7000.0,0.0,0.0,0.0,47.63709526953116,optimal
2021-02-12 08:00:00,9,19,2.0,0.0,0.0,0.2393333333333333,11.2245,6.0,-13,20.0,,4840.333333333334,0.0,2159.6666666666665,0.0,47.45591503745881,optimal
2021-02-12 08:30:00,9,19,2.0,0.0,0.0,0.49339999999999995,11.025,6.0,-13,20.065766394234746,,7000.0,0.0,0.0,0.0,47.27491598561853,optimal
2021-02-12 09:00:00,9,19,2.0,0.0,0.0,0.39326666666666665,11.907,6.0,-13,20.17788099335955,,7000.0,0.0,0.0,0.0,47.09409793283009,optimal
2021-02-12 09:30:00,9,19,0.0,0.0,0.0,0.5597333333333333,25.83,6.0,-13,20.287490063626382,,0.0,0.0,0.0,0.0,46.91346069809444,optimal
2021-02-12 10:00:00,9,19,0.0,0.0,0.0,0.22466666666666663,28.035,6.0,-13,20.27050494044823,,0.0,0.0,0.0,0.0,46.733004100593526,optimal
2021-02-12 10:30:00,9,19,0.0,0.0,0.0,0.32703333333333334,28.119,6.0,-13,20.25149404951709,,0.0,0.0,0.0,0.0,46.55272795969011,optimal
2021-02-12 11:00:00,9,19,0.0,0.0,0.0,0.4724,30.156,6.0,-13,20.23336973248557,,0.0,0.0,0.0,0.0,46.372632094927596,optimal
2021-02-12 11:30:00,9,19,0.0,0.0,0.0,0.1723,29.1585,6.0,-13,20.202465646279094,,0.0,0.0,0.0,0.0,46.192716326029846,optimal
2021-02-12 12:00:00,9,19,0.0,0.0,0.0,0.3213666666666667,26.712,6.0,-13,20.160815080923573,,0.0,0.0,0.0,0.0,46.01298047290099,optimal
2021-02-12 12:30:00,9,19,0.0,0.0,0.0,0.4114,15.435,6.0,-13,20.120918549460935,,0.0,0.0,0.0,0.0,45.83342435562527,optimal
2021-02-12 13:00:00,9,19,0.0,0.0,0.0,0.1457,13.566,6.0,-13,20.083316346112834,,0.0,0.0,0.0,0.0,45.65404779446682,optimal
2021-02-12 13:30:00,9,19,0.08823132398473922,0.0,0.0,0.22306666666666664,12.789,6.0,-13,20.03845810064225,,308.80963394658727,0.0,0.0,0.0,45.474850609869534,optimal
2021-02-12 14:00:00,9,19,0.9538668068593832,0.0,0.0,1.5548333333333333,12.1275,6.0,-13,20.0,,2781.2004906745074,0.0,557.3333333333334,0.0,45.29583262245684,optimal
2021-02-12 14:30:00,9,19,0.0,0.0,0.0,2.551333333333333,13.671,6.0,-13,20.0212787895797,,0.0,0.0,0.0,0.0,45.116993653031564,optimal
2021-02-12 15:00:00,9,19,1.371495569287634,0.0,0.0,1.3331,10.668,6.0,-13,20.0,,4382.234492506719,0.0,417.99999999999994,0.0,44.93833352257571,optimal
2021-02-12 15:30:00,9,19,0.0,0.0,0.0,0.2878,11.7285,6.0,-13,20.068445896006683,,0.0,0.0,0.0,0.0,44.75985205225032,optimal
2021-02-12 16:00:00,9,19,0.0,0.0,0.0,0.1999333333333333,11.025,6.0,-13,20.040777995890554,,0.0,0.0,0.0,0.0,44.581549063395244,optimal
2021-02-12 16:30:00,9,19,0.6361136413821444,0.0,0.0,0.20006666666666664,10.689,6.0,-13,20.0,,2226.397744837506,0.0,0.0,0.0,44.40342437752903,optimal
2021-02-12 17:00:00,9,19,2.0,0.0,0.0,0.3642666666666666,8.1585,6.0,-13,20.0,,5813.6812297475035,0.0,1186.3187702524963,0.0,44.22547781634868,optimal
2021-02-12 17:30:00,9,19,0.0,0.0,0.0,0.6724,10.3635,6.0,-13,20.08919633288303,,0.0,0.0,0.0,0.0,44.04770920172951,optimal
2021-02-12 18:00:00,9,19,0.0,0.0,0.0,0.5222666666666667,10.8045,6.0,-13,20.06583681161899,,0.0,0.0,0.0,0.0,43.87011835572496,optimal
2021-02-12 18:30:00,9,19,0.0,0.0,0.0,0.3828666666666667,11.025,6.0,-13,20.039522946539815,,0.0,0.0,0.0,0.0,43.692705100566414,optimal
2021-02-12 19:00:00,9,19,0.23050547652321682,0.0,0.0,0.8729666666666667,10.3635,6.0,-13,20.011745567674996,,806.7691678312589,0.0,0.0,0.0,43.515469258663025,optimal
2021-02-12 19:30:00,9,19,0.0,0.0,0.0,0.44273333333333337,10.8045,6.0,-13,20.015566502592222,,0.0,0.0,0.0,0.0,43.33841065260154,optimal
2021-02-12 20:00:00,9,19,2.0,0.0,0.0,0.4002,10.059,6.0,-13,20.0,,871.3187702524973,0.0,6128.681229747503,0.0,43.161529105146116,optimal
2021-02-12 20:30:00,9,19,0.0,0.0,0.0,1.5596666666666668,10.584,6.0,-13,20.0,,0.0,0.0,0.0,0.0,42.984824439238146,optimal
2021-02-12 21:00:00,9,19,0.17914285714285713,0.0,0.0,0.9461333333333332,9.4185,6.0,-13,19.998129212242215,,0.0,0.0,627.0,0.0,42.94183961479891,optimal
2021-02-12 21:30:00,9,19,0.0,0.0,0.0,0.3846,10.3635,6.0,-13,19.983315075249592,,0.0,0.0,0.0,0.0,42.89889777518411,optimal
2021-02-12 22:00:00,9,19,0.0,0.0,0.0,0.5942000000000001,9.8385,6.0,-13,19.959703295996817,,0.0,0.0,0.0,0.0,42.85599887740893,optimal
2021-02-12 22:30:00,9,19,0.0,0.0,0.0,0.32339999999999997,11.067,6.0,-13,19.94189420490827,,0.0,0.0,0.0,0.0,42.81314287853152,optimal
2021-02-12 23:00:00,9,19,0.0,0.0,0.0,0.0842,10.8465,6.0,-13,19.913195421315393,,0.0,0.0,0.0,0.0,42.77032973565299,optimal
2021-02-12 23:30:00,9,19,0.0,0.0,0.0,0.2462,13.671,6.0,-13,19.869541120924573,,0.0,0.0,0.0,0.0,42.72755940591734,optimal
2021-02-13 00:00:00,9,19,0.0,0.0,0.0,0.047,13.293,6.0,22,19.869541120924573,,0.0,0.0,0.0,0.0,42.68483184651142,optimal
2021-02-13 00:30:00,9,19,0.15923809523809523,0.0,0.0,0.047,12.1065,6.0,22,19.825426089067946,,0.0,0.0,557.3333333333334,0.0,42.64214701466491,optimal
2021-02-13 01:00:00,9,19,2.0,0.0,0.0,0.047,11.571,6.0,22,19.781554817293586,,7000.0,0.0,0.0,0.0,42.59950486765024,optimal
2021-02-13 01:30:00,9,19,2.0,0.0,5.0,0.17633333333333334,11.025,6.0,22,19.879355537170163,,7000.0,0.0,0.0,0.0,44.93190536278259,optimal
2021-02-13 02:00:00,9,19,2.0,0.0,5.0,0.05993333333333333,10.8465,6.0,22,19.979645518700412,,7000.0,0.0,0.0,0.0,47.261973457419806,optimal
2021-02-13 02:30:00,9,19,2.0,0.0,2.669345495692605,0.12459999999999999,11.2455,6.0,22,20.077453488080778,,7000.0,0.0,0.0,0.0,48.48265059441637,optimal
2021-02-13 03:00:00,9,19,0.0,0.0,0.0,0.11166666666666669,23.8665,6.0,22,20.176314665891343,,0.0,0.0,0.0,0.0,48.434167943821954,optimal
2021-02-13 03:30:00,9,19,0.0,0.0,0.0,0.05346666666666667,27.4575,6.0,22,20.133229621419357,,0.0,0.0,0.0,0.0,48.38573377587813,optimal
2021-02-13 04:00:00,9,19,0.0,0.0,0.0,0.18280000000000002,27.3735,6.0,22,20.0889507870801,,0.0,0.0,0.0,0.0,48.33734804210225,optimal
2021-02-13 04:30:00,9,19,0.0,0.0,0.0,0.047,30.4605,6.0,22,20.047270201401112,,0.0,0.0,0.0,0.0,48.289010694060146,optimal
2021-02-13 05:00:00,9,19,0.0,0.0,0.0,0.13106666666666666,30.0195,6.0,22,20.002694847166396,,0.0,0.0,0.0,0.0,48.240721683366075,optimal
2021-02-13 05:30:00,9,19,0.0,0.0,0.0,0.1052,26.9325,6.0,22,19.959674435129656,,0.0,0.0,0.0,0.0,48.192480961682705,optimal
2021-02-13 06:00:00,9,19,0.0,0.0,0.0,0.047,14.595,6.0,22,19.915983831336575,,0.0,0.0,0.0,0.0,48.144288480721016,optimal
2021-02-13 06:30:00,9,19,0.1877443775709274,0.0,0.0,0.18926666666666667,12.4845,6.0,22,19.870971504946606,,657.105321498246,0.0,0.0,0.0,48.096144192240295,optimal
2021-02-13 07:00:00,9,19,2.0,0.0,0.0,0.047,12.1275,6.0,22,19.842096870558137,,7000.0,0.0,0.0,0.0,48.048048048048045,optimal
2021-02-13 07:30:00,9,19,2.0,0.0,0.0,0.16140000000000002,12.1275,6.0,22,19.938445773712964,,7000.0,0.0,0.0,0.0,48.0,optimal
2021-02-13 08:00:00,9,19,0.0,0.0,0.0,0.3816666666666667,12.789,6.0,22,20.038036208756317,,0.0,0.0,0.0,0.0,47.75710654165452,optimal
2021-02-13 08:30:00,9,19,1.161136403194321,0.0,0.0,0.34686666666666666,11.907,6.0,22,20.0,,1904.3107445134574,0.0,2159.6666666666665,0.0,47.514455976767394,optimal
2021-02-13 09:00:00,9,19,1.2784326812681908,0.0,0.0,0.41306666666666664,11.025,6.0,22,20.0,,1948.401051105333,0.0,2526.1133333333346,0.0,47.27204806244515,optimal
2021-02-13 09:30:00,9,19,2.0,0.0,0.0,0.45180000000000003,8.2005,6.0,22,20.0,,3883.1133333333337,0.0,3116.8866666666663,0.0,47.02988255603723,optimal
2021-02-13 10:00:00,9,19,0.0,0.0,0.0,0.39526666666666666,9.5655,6.0,22,20.040802101926165,,0.0,0.0,0.0,0.0,46.787959215135714,optimal
2021-02-13 10:30:00,9,19,2.0,0.0,0.0,0.057,7.056,6.0,22,20.002804845038447,,7000.0,0.0,0.0,0.0,46.5462777975751,optimal
2021-02-13 11:00:00,9,19,0.08215543457687627,0.0,0.0,0.19656666666666664,9.3975,6.0,22,20.09167629467446,,287.544021019067,0.0,0.0,0.0,46.30483806143205,optimal
2021-02-13 11:30:00,9,19,0.0,0.0,0.0,0.16693333333333335,10.059,6.0,22,20.050200056868036,,0.0,0.0,0.0,0.0,46.063639765025144,optimal
2021-02-13 12:00:00,9,19,0.7376378638002294,0.0,0.0,0.057,9.261,6.0,22,20.0,,2581.7325233008028,0.0,0.0,0.0,45.822682666914645,optimal
2021-02-13 12:30:00,9,19,2.0,0.0,0.0,0.19926666666666668,8.1585,6.0,22,20.0,,4989.378057292661,0.0,2010.6219427073393,0.0,45.58196652590225,optimal
2021-02-13 13:00:00,9,19,0.0,0.0,0.0,0.057,9.4815,6.0,22,20.051777742722287,,0.0,0.0,0.0,0.0,45.341491101030876,optimal
2021-02-13 13:30:00,9,19,1.7877551089463255,0.0,0.0,0.10226666666666669,8.379,6.0,22,20.0,,4937.782542948865,0.0,1319.3603383632746,0.0,45.101256151584366,optimal
2021-02-13 14:00:00,9,19,0.0,0.0,0.0,0.154,9.5235,6.0,22,20.04929350560605,,0.0,0.0,0.0,0.0,44.86126143708731,optimal
2021-02-13 14:30:00,9,19,2.0,0.0,0.0,0.057,8.1375,6.0,22,20.0,,4846.217585300197,0.0,2153.7824146998028,0.0,44.62150671730475,optimal
2021-02-13 15:00:00,9,19,0.0,0.0,0.0,0.1552666666666667,10.0905,6.0,22,20.04704694552856,,0.0,0.0,0.0,0.0,44.381991752241966,optimal
2021-02-13 15:30:00,9,19,2.0,0.0,0.0,0.26,7.539,6.0,22,20.0,,6422.764695770416,0.0,577.2353042295836,0.0,44.14271630214425,optimal
2021-02-13 16:00:00,9,19,2.0,0.0,0.0,0.4148,7.938,6.0,22,20.086779304393968,,7000.0,0.0,0.0,0.0,43.90368012749663,optimal
2021-02-13 16:30:00,9,19,2.0,0.0,0.0,0.28713333333333335,8.274,6.0,22,20.189904919090797,,7000.0,0.0,0.0,0.0,43.66488298902365,optimal
2021-02-13 17:00:00,9,19,0.0,0.0,0.0,0.1811333333333333,9.261,6.0,22,20.288839795350313,,0.0,0.0,0.0,0.0,43.42632464768916,optimal
2021-02-13 17:30:00,9,19,0.0,0.0,0.0,0.35906666666666665,9.9225,6.0,22,20.24093549188339,,0.0,0.0,0.0,0.0,43.18800486469599,optimal
2021-02-13 18:00:00,9,19,0.0,0.0,0.0,0.8417666666666667,9.702,6.0,22,20.198049792442877,,0.0,0.0,0.0,0.0,42.94992340148582,optimal
2021-02-13 18:30:00,9,19,0.0,0.0,0.0,0.22593333333333332,10.584,6.0,22,20.169685301447704,,0.0,0.0,0.0,0.0,42.712080019738856,optimal
2021-02-13 19:00:00,9,19,0.0,0.0,0.0,0.2517666666666667,10.143,6.0,22,20.123923170902106,,0.0,0.0,0.0,0.0,42.47447448137364,optimal
2021-02-13 19:30:00,9,19,0.0,0.0,0.0,0.19693333333333332,13.0095,6.0,22,20.082019153784653,,0.0,0.0,0.0,0.0,42.23710654854679,optimal
2021-02-13 20:00:00,9,19,0.0,0.0,0.0,0.37973333333333337,11.025,6.0,22,20.039209032534096,,0.0,0.0,0.0,0.0,41.99997598365277,optimal
2021-02-13 20:30:00,9,19,0.0,0.0,0.0,0.21080000000000002,12.789,6.0,22,20.0,,0.0,0.0,0.0,0.0,41.76308254932364,optimal
2021-02-13 21:00:00,9,19,0.0,0.0,0.0,0.18359999999999999,12.1275,6.0,22,19.960410314680317,,0.0,0.0,0.0,0.0,41.52642600842884,optimal
2021-02-13 21:30:00,9,19,0.0,0.0,0.0,0.25806666666666667,12.1695,6.0,22,19.91835859083576,,0.0,0.0,0.0,0.0,41.290006124074935,optimal
2021-02-13 22:00:00,9,19,0.0,0.0,0.0,0.3602666666666666,12.306,6.0,22,19.881672700039058,,0.0,0.0,0.0,0.0,41.05382265960539,optimal
2021-02-13 22:30:00,9,19,0.0,0.0,0.0,0.1186,13.23,6.0,22,19.84684208439223,,0.0,0.0,0.0,0.0,41.01276883694578,optimal
2021-02-13 23:00:00,9,19,0.0,0.0,0.0,0.15653333333333333,13.671,6.0,22,19.80907933874698,,0.0,0.0,0.0,0.0,40.97175606810884,optimal
2021-02-13 23:30:00,9,19,0.0,0.0,0.0,0.10746666666666668,13.9335,6.0,22,19.76814826096615,,0.0,0.0,0.0,0.0,40.93078431204073,optimal
2021-02-07 00:00:00,10,19,0.09952380952380951,0.0,0.0,0.455,13.146,6.0,5,21.0,,0.0,0.0,348.3333333333333,0.0,47.952,optimal
2021-02-07 00:30:00,10,19,0.0,0.0,0.0,0.9823333333333334,10.584,6.0,5,20.96772565222943,,0.0,0.0,0.0,0.0,47.904047999999996,optimal
2021-02-07 01:00:00,10,19,0.0,0.0,0.0,0.1355,6.678,6.0,5,20.93267360239501,,0.0,0.0,0.0,0.0,47.856143952,optimal
2021-02-07 01:30:00,10,19,0.0,0.0,0.0,0.0915,7.938,6.0,5,20.895638332145417,,0.0,0.0,0.0,0.0,47.80828780804799,optimal
2021-02-07 02:00:00,10,19,0.0,0.0,1.0110361328971271,0.053,5.292,6.0,5,20.857680501525607,,0.0,0.0,0.0,0.0,48.240721683366075,optimal
2021-02-07 02:30:00,10,19,0.0,0.0,0.0,0.12633333333333333,9.261,6.0,5,20.818913622666017,,0.0,0.0,0.0,0.0,48.192480961682705,optimal
2021-02-07 03:00:00,10,19,0.0,0.0,0.0,0.109,10.3635,6.0,5,20.781321620760036,,0.0,0.0,0.0,0.0,48.144288480721016,optimal
2021-02-07 03:30:00,10,19,0.0,0.0,0.0,0.053,8.274,6.0,5,20.743345735357476,,0.0,0.0,0.0,0.0,48.096144192240295,optimal
2021-02-07 04:00:00,10,19,0.0,0.0,0.0,0.119,7.7175,6.0,5,20.704227480443425,,0.0,0.0,0.0,0.0,48.048048048048045,optimal
2021-02-07 04:30:00,10,19,0.0,0.0,0.0,0.108,6.615,6.0,5,20.666414513697077,,0.0,0.0,0.0,0.0,48.0,optimal
2021-02-07 05:00:00,10,19,0.0,0.0,0.0,0.7096666666666667,6.174,6.0,5,20.628477238042315,,0.0,0.0,0.0,0.0,47.824685233218716,optimal
2021-02-07 05:30:00,10,19,0.0,0.0,0.0,2.132733333333333,3.906,6.0,5,20.59327553235599,,0.0,0.0,0.0,0.0,47.64954578120422,optimal
2021-02-07 06:00:00,10,19,0.0,0.0,0.0,0.13683333333333333,2.3415,6.0,5,20.566600894828827,,0.0,0.0,0.0,0.0,47.47458146864173,optimal
2021-02-07 06:30:00,10,19,1.358519457731221,0.0,0.0,0.061,2.205,6.0,5,20.532845105995747,,0.0,0.0,4754.818102059273,0.0,47.29979212039181,optimal
2021-02-07 07:00:00,10,19,2.0,0.0,0.0,0.182,0.882,6.0,5,20.500111328110425,,1304.8181020592733,0.0,5695.181897940727,0.0,47.12517756149013,optimal
2021-02-07 07:30:00,10,19,2.0,0.0,0.0,1.734,1.5435,6.0,5,20.496971971422774,,7000.0,0.0,0.0,0.0,46.95073761714736,optimal
2021-02-07 08:00:00,10,19,2.0,0.0,0.0,1.1014666666666666,1.5435,6.0,5,20.611686405973288,,7000.0,0.0,0.0,0.0,46.776472112748934,optimal
2021-02-07 08:30:00,10,19,0.0,0.0,0.0,1.4748333333333332,5.0715,6.0,5,20.729220774173825,,0.0,0.0,0.0,0.0,46.602380873854905,optimal
2021-02-07 09:00:00,10,19,0.0,0.0,0.0,0.11933333333333332,5.376,6.0,5,20.691554811683467,,0.0,0.0,0.0,0.0,46.428463726199766,optimal
2021-02-07 09:30:00,10,19,0.0,0.0,0.0,0.127,5.0715,6.0,5,20.64714913545535,,0.0,0.0,0.0,0.0,46.25472049569228,optimal
2021-02-07 10:00:00,10,19,0.0,0.0,0.0,0.0688,5.5125,6.0,5,20.60760124689913,,0.0,0.0,0.0,0.0,46.08115100841531,optimal
2021-02-07 10:30:00,10,19,0.0,0.0,0.0,0.074,9.261,6.0,5,20.56863482152195,,0.0,0.0,0.0,0.0,45.90775509062561,optimal
2021-02-07 11:00:00,10,19,0.0,0.0,0.0,2.711133333333333,11.7075,6.0,5,20.52992517579026,,0.0,0.0,0.0,0.0,45.73453256875371,optimal
2021-02-07 11:30:00,10,19,0.0,0.0,0.0,2.628,12.348,6.0,5,20.498744860661887,,0.0,0.0,0.0,0.0,45.56148326940367,optimal
2021-02-07 12:00:00,10,19,0.0,0.0,0.0,2.2045666666666666,12.348,6.0,5,20.471605580811783,,0.0,0.0,0.0,0.0,45.38860701935299,optimal
2021-02-07 12:30:00,10,19,0.0,0.0,0.0,0.31306666666666666,12.1275,6.0,5,20.446136355506034,,0.0,0.0,0.0,0.0,45.21590364555235,optimal
2021-02-07 13:00:00,10,19,0.0,0.0,0.0,0.16493333333333335,12.5265,6.0,5,20.41057756085937,,0.0,0.0,0.0,0.0,45.043372975125514,optimal
2021-02-07 13:30:00,10,19,0.0,0.0,0.0,2.028166666666667,11.7495,6.0,5,20.372629797317003,,0.0,0.0,0.0,0.0,44.87101483536911,optimal
2021-02-07 14:00:00,10,19,0.0,0.0,0.0,1.0069333333333332,13.23,6.0,5,20.340416791024616,,0.0,0.0,0.0,0.0,44.698829053752455,optimal
2021-02-07 14:30:00,10,19,0.0,0.0,0.0,0.3962,14.3325,6.0,5,20.32302632009861,,0.0,0.0,0.0,0.0,44.52681545791742,optimal
2021-02-07 15:00:00,10,19,0.0,0.0,0.0,2.195266666666667,14.994,6.0,5,20.29164932202939,,0.0,0.0,0.0,0.0,44.354973875678226,optimal
2021-02-07 15:30:00,10,19,0.0,0.0,0.0,0.1565,14.8155,6.0,5,20.25896913056787,,0.0,0.0,0.0,0.0,44.18330413502127,optimal
2021-02-07 16:00:00,10,19,0.0,0.0,0.0,2.0358,14.112,6.0,5,20.21938641146139,,0.0,0.0,0.0,0.0,44.01180606410497,optimal
2021-02-07 16:30:00,10,19,0.0,0.0,0.0,1.3173666666666666,14.007,6.0,5,20.190483832279245,,0.0,0.0,0.0,0.0,43.84047949125958,optimal
2021-02-07 17:00:00,10,19,0.0,0.0,0.0,1.7302,13.23,6.0,5,20.17969589439043,,0.0,0.0,0.0,0.0,43.66932424498704,optimal
2021-02-07 17:30:00,10,19,0.0,0.0,0.0,2.344133333333333,11.382,6.0,5,20.1524778118419,,0.0,0.0,0.0,0.0,43.49834015396077,optimal
2021-02-07 18:00:00,10,19,0.0,0.0,0.0,0.2932333333333333,11.7495,6.0,5,20.133126038484768,,0.0,0.0,0.0,0.0,43.32752704702553,optimal
2021-02-07 18:30:00,10,19,0.0,0.0,0.0,0.10903333333333332,24.3285,6.0,5,20.108428927969126,,0.0,0.0,0.0,0.0,43.15688475319722,optimal
2021-02-07 19:00:00,10,19,0.0,0.0,0.0,0.1818333333333333,28.917,6.0,5,20.08168801475881,,0.0,0.0,0.0,0.0,42.98641310166274,optimal
2021-02-07 19:30:00,10,19,0.0,0.0,0.0,0.145,31.3635,6.0,5,20.052465448579024,,0.0,0.0,0.0,0.0,42.81611192177979,optimal
2021-02-07 20:00:00,10,19,0.0,0.0,0.0,0.4273,33.306,6.0,5,20.022318465411114,,0.0,0.0,0.0,0.0,42.64598104307673,optimal
2021-02-07 20:30:00,10,19,0.0,0.0,0.0,0.7151333333333333,31.3425,6.0,5,20.0,,0.0,0.0,0.0,0.0,42.47602029525237,optimal
2021-02-07 21:00:00,10,19,0.0,0.0,0.0,1.7713333333333332,28.2555,6.0,5,19.982391151842712,,0.0,0.0,0.0,0.0,42.30622950817583,optimal
2021-02-07 21:30:00,10,19,0.0,0.0,0.0,2.253233333333333,15.6975,6.0,5,19.95616264649696,,0.0,0.0,0.0,0.0,42.13660851188637,optimal
2021-02-07 22:00:00,10,19,0.0,0.0,0.0,0.09483333333333331,12.5475,6.0,5,19.936035698259335,,0.0,0.0,0.0,0.0,41.9671571365932,optimal
2021-02-07 22:30:00,10,19,0.0,0.0,0.0,0.12233333333333331,12.0855,6.0,5,19.903944813695993,,0.0,0.0,0.0,0.0,41.79787521267532,optimal
2021-02-07 23:00:00,10,19,0.0,0.0,0.0,0.3569,11.907,6.0,5,19.874334601218443,,0.0,0.0,0.0,0.0,41.75607733746265,optimal
2021-02-07 23:30:00,10,19,0.0,0.0,0.0,0.06133333333333334,12.5685,6.0,5,19.849698559349,,0.0,0.0,0.0,0.0,41.71432126012519,optimal
2021-02-08 00:00:00,10,19,1.1090879249460643,0.0,0.0,0.052,11.025,6.0,1,19.849698559349,,3881.807737311225,0.0,0.0,0.0,41.672606938865066,optimal
2021-02-08 00:30:00,10,19,2.0,0.0,0.0,0.052,5.9745,6.0,1,19.888866912206012,,0.0,0.0,7000.0,0.0,41.6309343319262,optimal
2021-02-08 01:00:00,10,19,2.0,0.0,0.0,0.196,7.938,6.0,1,19.8495052960867,,6127.666666666667,0.0,872.3333333333334,0.0,41.58930339759427,optimal
2021-02-08 01:30:00,10,19,2.0,0.0,0.0,0.0664,8.6835,6.0,1,19.93695915391438,,7000.0,0.0,0.0,0.0,41.54771409419668,optimal
2021-02-08 02:00:00,10,19,2.0,0.0,0.0,0.1384,7.665,6.0,1,20.03906327893643,,7000.0,0.0,0.0,0.0,41.50616638010248,optimal
2021-02-08 02:30:00,10,19,2.0,0.0,0.0,0.124,6.7725,6.0,1,20.142228147676008,,7000.0,0.0,0.0,0.0,41.464660213722375,optimal
2021-02-08 03:00:00,10,19,2.0,0.0,0.0,0.052,5.5755,6.0,1,20.244964378816036,,7000.0,0.0,0.0,0.0,41.423195553508656,optimal
2021-02-08 03:30:00,10,19,2.0,0.0,5.0,0.2104,5.0925,6.0,1,20.346109325037144,,7000.0,0.0,0.0,0.0,43.75677235795515,optimal
2021-02-08 04:00:00,10,19,2.0,0.0,5.0,0.052,4.1895,6.0,1,20.450063135521603,,7000.0,0.0,0.0,0.0,46.0880155855972,optimal
2021-02-08 04:30:00,10,19,2.0,0.0,0.0,0.10959999999999999,7.056,6.0,1,20.550417868993836,,7000.0,0.0,0.0,0.0,46.0419275700116,optimal
2021-02-08 05:00:00,10,19,2.0,0.0,4.725970612472611,0.15280000000000002,5.271,6.0,1,20.651417436630453,,7000.0,0.0,0.0,0.0,48.240721683366075,optimal
2021-02-08 05:30:00,10,19,2.0,0.0,0.0,0.052,7.938,6.0,1,20.7527692289211,,7000.0,0.0,0.0,0.0,48.192480961682705,optimal
2021-02-08 06:00:00,10,19,2.0,0.0,0.0,0.052,7.938,6.0,1,20.851692440986625,,7000.0,0.0,0.0,0.0,48.144288480721016,optimal
2021-02-08 06:30:00,10,19,0.0,0.0,0.0,0.196,11.907,6.0,1,20.95022993853122,,0.0,0.0,0.0,0.0,48.096144192240295,optimal
2021-02-08 07:00:00,10,19,2.0,0.0,0.0,0.31860000000000005,11.025,6.0,1,20.90986325140281,,7000.0,0.0,0.0,0.0,48.048048048048045,optimal
2021-02-08 07:30:00,10,19,2.0,0.0,0.0,0.147,11.2875,6.0,1,21.015150077282016,,7000.0,0.0,0.0,0.0,48.0,optimal
2021-02-08 08:00:00,10,19,0.0,0.0,0.0,0.18196666666666667,12.936,6.0,1,21.122524438981852,,0.0,0.0,0.0,0.0,47.83850616733524,optimal
2021-02-08 08:30:00,10,19,0.0,0.0,0.0,0.134,13.0095,6.0,1,21.083822746852714,,0.0,0.0,0.0,0.0,47.67717382850314,optimal
2021-02-08 09:00:00,10,19,0.0,0.0,0.0,0.09733333333333331,13.671,6.0,1,21.033299123811148,,0.0,0.0,0.0,0.0,47.51600282200988,optimal
2021-02-08 09:30:00,10,19,0.0,0.0,0.0,0.1844,13.188,6.0,1,20.982896541022825,,0.0,0.0,0.0,0.0,47.354992986523115,optimal
2021-02-08 10:00:00,10,19,0.0,0.0,0.0,0.062,13.8495,6.0,1,20.933782109127417,,0.0,0.0,0.0,0.0,47.194144160871836,optimal
2021-02-08 10:30:00,10,19,0.0,0.0,0.0,0.062,13.23,6.0,1,20.882710405070103,,0.0,0.0,0.0,0.0,47.03345618404621,optimal
2021-02-08 11:00:00,10,19,0.0,0.0,0.0,0.2401,13.3665,6.0,1,20.831382474466604,,0.0,0.0,0.0,0.0,46.872928895197404,optimal
2021-02-08 11:30:00,10,19,0.0,0.0,0.0,0.3122,13.0515,6.0,1,20.7863673433092,,0.0,0.0,0.0,0.0,46.71256213363745,optimal
2021-02-08 12:00:00,10,19,0.0,0.0,0.0,0.12926666666666667,13.5345,6.0,1,20.74318452194191,,0.0,0.0,0.0,0.0,46.552355738839054,optimal
2021-02-08 12:30:00,10,19,0.0,0.0,0.0,0.17246666666666666,14.154,6.0,1,20.694696536241615,,0.0,0.0,0.0,0.0,46.392309550435456,optimal
2021-02-08 13:00:00,10,19,0.0,0.0,0.0,0.06206666666666667,14.112,6.0,1,20.647832713549725,,0.0,0.0,0.0,0.0,46.232423408220264,optimal
2021-02-08 13:30:00,10,19,0.0,0.0,0.0,0.13923333333333332,14.2485,6.0,1,20.601546314283528,,0.0,0.0,0.0,0.0,46.072697152147285,optimal
2021-02-08 14:00:00,10,19,0.0,0.0,0.0,0.2503333333333333,12.789,6.0,1,20.557942070186026,,0.0,0.0,0.0,0.0,45.91313062233038,optimal
2021-02-08 14:30:00,10,19,0.0,0.0,0.0,0.19876666666666667,13.0095,6.0,1,20.518348527002942,,0.0,0.0,0.0,0.0,45.75372365904329,optimal
2021-02-08 15:00:00,10,19,0.0,0.0,0.0,0.39426666666666665,12.1275,6.0,1,20.47908727474698,,0.0,0.0,0.0,0.0,45.59447610271948,optimal
2021-02-08 15:30:00,10,19,0.0,0.0,0.0,0.11106666666666666,12.348,6.0,1,20.44627728044057,,0.0,0.0,0.0,0.0,45.435387793952,optimal
2021-02-08 16:00:00,10,19,0.0,0.0,0.0,0.098,12.348,6.0,1,20.40463974727538,,0.0,0.0,0.0,0.0,45.276458573493294,optimal
2021-02-08 16:30:00,10,19,0.0,0.0,0.0,0.1844,25.389,6.0,1,20.356442888826134,,0.0,0.0,0.0,0.0,45.11768828225504,optimal
2021-02-08 17:00:00,10,19,0.0,0.0,0.0,0.06133333333333334,29.1375,6.0,1,20.30972799416572,,0.0,0.0,0.0,0.0,44.959076761308026,optimal
2021-02-08 17:30:00,10,19,0.0,0.0,0.0,0.31853333333333333,30.597,6.0,1,20.262011503957403,,0.0,0.0,0.0,0.0,44.80062385188196,optimal
2021-02-08 18:00:00,10,19,0.0,0.0,0.0,0.1844,33.684,6.0,1,20.21989583282625,,0.0,0.0,0.0,0.0,44.642329395365316,optimal
2021-02-08 18:30:00,10,19,0.0,0.0,0.0,0.062,32.445,6.0,1,20.172110083450022,,0.0,0.0,0.0,0.0,44.48419323330519,optimal
2021-02-08 19:00:00,10,19,0.0,0.0,0.0,0.2204,28.917,6.0,1,20.122104616709635,,0.0,0.0,0.0,0.0,44.32621520740713,optimal
2021-02-08 19:30:00,10,19,0.0,0.0,0.0,0.0772,15.876,6.0,1,20.075558499538893,,0.0,0.0,0.0,0.0,44.16839515953497,optimal
2021-02-08 20:00:00,10,19,0.0,0.0,0.0,1.4000666666666666,12.348,6.0,1,20.03065843839331,,0.0,0.0,0.0,0.0,44.01073293171067,optimal
2021-02-08 20:30:00,10,19,0.0,0.0,0.0,0.167,12.1275,6.0,1,20.0,,0.0,0.0,0.0,0.0,43.8532283661142,optimal
2021-02-08 21:00:00,10,19,0.0,0.0,0.0,0.13853333333333334,12.348,6.0,1,19.964429620931025,,0.0,0.0,0.0,0.0,43.695881305083326,optimal
2021-02-08 21:30:00,10,19,0.0,0.0,0.0,0.17636666666666667,12.1275,6.0,1,19.93247053872425,,0.0,0.0,0.0,0.0,43.53869159111348,optimal
2021-02-08 22:00:00,10,19,0.0,0.0,0.0,0.091,12.1275,6.0,1,19.90182861399104,,0.0,0.0,0.0,0.0,43.38165906685761,optimal
2021-02-08 22:30:00,10,19,0.0,0.0,0.0,0.2838,11.2665,6.0,1,19.865951605439808,,0.0,0.0,0.0,0.0,43.33827740779075,optimal
2021-02-08 23:00:00,10,19,0.09952380952380951,0.0,0.0,0.1567333333333333,10.143,6.0,1,19.834575864105304,,0.0,0.0,348.3333333333333,0.0,43.29493913038296,optimal
2021-02-08 23:30:00,10,19,0.0,0.0,0.0,0.135,11.2455,6.0,1,19.801197473324144,,0.0,0.0,0.0,0.0,43.25164419125257,optimal
2021-02-09 00:00:00,10,19,2.0,0.0,1.685063742829339,0.41403333333333336,13.671,6.0,-16,19.801197473324144,,7000.0,0.0,0.0,0.0,44.00879782490526,optimal
2021-02-09 00:30:00,10,19,0.0,0.0,0.0,0.1792,15.981,6.0,-16,19.911248010688855,,0.0,0.0,0.0,0.0,43.96478902708034,optimal
2021-02-09 01:00:00,10,19,0.0,0.0,0.0,0.10896666666666668,15.6345,6.0,-16,19.873502058441524,,0.0,0.0,0.0,0.0,43.92082423805326,optimal
2021-02-09 01:30:00,10,19,0.0,0.0,0.0,0.17616666666666667,16.5375,6.0,-16,19.833220793092558,,0.0,0.0,0.0,0.0,43.87690341381521,optimal
2021-02-09 02:00:00,10,19,0.0,0.0,0.0,0.063,14.7735,6.0,-16,19.794142571940725,,0.0,0.0,0.0,0.0,43.83302651040138,optimal
2021-02-09 02:30:00,10,19,0.0,0.0,0.0,0.15493333333333334,15.2145,6.0,-16,19.752620128706354,,0.0,0.0,0.0,0.0,43.789193483890976,optimal
2021-02-09 03:00:00,10,19,0.03702752208754746,0.0,0.0,0.13019999999999998,14.553,6.0,-16,19.713192163090085,,0.0,0.0,129.5963273064161,0.0,43.74540429040708,optimal
2021-02-09 03:30:00,10,19,2.0,0.0,0.0,0.063,14.3325,6.0,-16,19.673496102631837,,1834.9296606397493,0.0,5165.070339360251,0.0,43.70165888611667,optimal
2021-02-09 04:00:00,10,19,0.0,0.0,0.0,0.15493333333333334,14.595,6.0,-16,19.669877286138455,,0.0,0.0,0.0,0.0,43.657957227230554,optimal
2021-02-09 04:30:00,10,19,0.0,0.0,0.0,0.11526666666666668,14.994,6.0,-16,19.631311132084885,,0.0,0.0,0.0,0.0,43.61429927000332,optimal
2021-02-09 05:00:00,10,19,2.0,0.0,0.0,0.09763333333333334,14.3325,6.0,-16,19.591784432743882,,7000.0,0.0,0.0,0.0,43.57068497073331,optimal
2021-02-09 05:30:00,10,19,2.0,0.0,0.0,0.2024333333333333,13.8915,6.0,-16,19.69317370304532,,7000.0,0.0,0.0,0.0,43.52711428576258,optimal
2021-02-09 06:00:00,10,19,2.0,0.0,0.0,0.063,13.8915,6.0,-16,19.7964177649398,,7000.0,0.0,0.0,0.0,43.48358717147681,optimal
2021-02-09 06:30:00,10,19,2.0,0.0,5.0,0.13793333333333332,13.4715,6.0,-16,19.896577294100624,,7000.0,0.0,0.0,0.0,45.81510358430533,optimal
2021-02-09 07:00:00,10,19,2.0,0.0,5.0,0.20186666666666667,13.23,6.0,-16,19.99786186895495,,7000.0,0.0,0.0,0.0,48.144288480721016,optimal
2021-02-09 07:30:00,10,19,2.0,0.0,0.0,1.1704333333333334,13.8915,6.0,-16,20.100713066320743,,7000.0,0.0,0.0,0.0,48.096144192240295,optimal
2021-02-09 08:00:00,10,19,0.0,0.0,0.0,0.6315333333333333,26.9325,6.0,-16,20.227894660373416,,0.0,0.0,0.0,0.0,48.048048048048045,optimal
2021-02-09 08:30:00,10,19,0.0,0.0,0.0,0.26263333333333333,30.303,6.0,-16,20.20430790675523,,0.0,0.0,0.0,0.0,48.0,optimal
2021-02-09 09:00:00,10,19,0.0,0.0,0.0,2.4483333333333333,32.886,6.0,-16,20.17464548844746,,0.0,0.0,0.0,0.0,47.62423537135918,optimal
2021-02-09 09:30:00,10,19,0.0,0.0,0.0,1.6616333333333335,34.9965,6.0,-16,20.171292303203852,,0.0,0.0,0.0,0.0,47.248846507347,optimal
2021-02-09 10:00:00,10,19,0.0,0.0,0.0,0.6078,33.327,6.0,-16,20.14848229853168,,0.0,0.0,0.0,0.0,46.87383303219883,optimal
2021-02-09 10:30:00,10,19,0.0,0.0,0.0,0.3562666666666667,31.122,6.0,-16,20.114590103322957,,0.0,0.0,0.0,0.0,46.49919457052581,optimal
2021-02-09 11:00:00,10,19,0.0,0.0,0.0,0.40403333333333336,17.9025,6.0,-16,20.076139445698537,,0.0,0.0,0.0,0.0,46.12493074731446,optimal
2021-02-09 11:30:00,10,19,0.0,0.0,0.0,0.5459666666666667,15.6555,6.0,-16,20.036894713023827,,0.0,0.0,0.0,0.0,45.751041187926326,optimal
2021-02-09 12:00:00,10,19,0.43622443639174513,0.0,0.0,1.0566666666666666,14.553,6.0,-16,20.0,,1526.785527371108,0.0,0.0,0.0,45.37752551809758,optimal
2021-02-09 12:30:00,10,19,0.37582528570901275,0.0,0.0,1.93,14.3325,6.0,-16,20.0,,897.3884999815446,0.0,418.0,0.0,45.00438336393866,optimal
2021-02-09 13:00:00,10,19,0.5527251786355881,0.0,0.0,0.33196666666666663,13.335,6.0,-16,20.0,,1934.5381252245586,0.0,0.0,0.0,44.6316143519339,optimal
2021-02-09 13:30:00,10,19,1.1131369109827305,0.0,0.0,0.37056666666666666,12.1275,6.0,-16,20.0,,3756.6458551062237,0.0,139.33333333333331,0.0,44.25921810894114,optimal
2021-02-09 14:00:00,10,19,0.0,0.0,0.0,0.425,12.2955,6.0,-16,20.037500834629846,,0.0,0.0,0.0,0.0,43.88719426219138,optimal
2021-02-09 14:30:00,10,19,0.33051820764672224,0.0,0.0,1.967,11.6865,6.0,-16,20.0,,1087.1470600968612,0.0,69.66666666666666,0.0,43.51554243928837,optimal
2021-02-09 15:00:00,10,19,0.39803145710572013,0.0,0.0,0.7961666666666666,11.466,6.0,-16,20.0,,1253.776766536687,0.0,139.33333333333331,0.0,43.14426226820826,optimal
2021-02-09 15:30:00,10,19,0.309431495837719,0.0,0.0,1.5807,10.8045,6.0,-16,20.0,,602.2567665367102,0.0,480.75346889530647,0.0,42.77335337729923,optimal
2021-02-09 16:00:00,10,19,2.0,0.0,0.0,0.6174333333333333,10.584,6.0,-16,20.0,,5808.7534688953065,0.0,1191.2465311046935,0.0,42.40281539528111,optimal
2021-02-09 16:30:00,10,19,0.0,0.0,0.0,0.11413333333333334,11.2455,6.0,-16,20.08599905161171,,0.0,0.0,0.0,0.0,42.032647951245,optimal
2021-02-09 17:00:00,10,19,0.0,0.0,0.0,2.5290666666666666,12.1275,6.0,-16,20.04518428607753,,0.0,0.0,0.0,0.0,41.66285067465294,optimal
2021-02-09 17:30:00,10,19,0.0,0.0,0.0,0.24516666666666662,11.823,6.0,-16,20.045786345879524,,0.0,0.0,0.0,0.0,41.29342319533746,optimal
2021-02-09 18:00:00,10,19,0.0,0.0,0.0,1.0453666666666666,11.7705,6.0,-16,20.022293578599857,,0.0,0.0,0.0,0.0,40.924365143501305,optimal
2021-02-09 18:30:00,10,19,0.0,0.0,0.0,2.024866666666666,11.13,6.0,-16,20.00606673188071,,0.0,0.0,0.0,0.0,40.55567614971698,optimal
2021-02-09 19:00:00,10,19,0.0,0.0,0.0,1.2025333333333332,11.6865,6.0,-16,20.010569917802783,,0.0,0.0,0.0,0.0,40.187355844926444,optimal
2021-02-09 19:30:00,10,19,0.4478151886892737,0.0,0.0,1.7652333333333332,10.7205,6.0,-16,20.0,,870.6864937457914,0.0,696.6666666666666,0.0,39.819403860440694,optimal
2021-02-09 20:00:00,10,19,0.0,0.0,0.0,1.5241333333333333,11.424,6.0,-16,20.012560735300873,,0.0,0.0,0.0,0.0,39.45181982793943,optimal
2021-02-09 20:30:00,10,19,0.8359999999999999,0.0,0.0,1.2900333333333334,10.689,6.0,-16,20.0,,0.0,0.0,2925.9999999999995,0.0,39.08460337947067,optimal
2021-02-09 21:00:00,10,19,0.0,0.0,0.0,0.39953333333333335,11.361,6.0,-16,19.980396597284663,,0.0,0.0,0.0,0.0,39.0455187760912,optimal
2021-02-09 21:30:00,10,19,0.0,0.0,0.0,0.4714,11.571,6.0,-16,19.961348950793994,,0.0,0.0,0.0,0.0,39.00647325731511,optimal
2021-02-09 22:00:00,10,19,0.0,0.0,0.0,0.31126666666666664,14.3745,6.0,-16,19.938575728902805,,0.0,0.0,0.0,0.0,38.96746678405779,optimal
2021-02-09 22:30:00,10,19,0.0,0.0,0.0,0.2955,13.23,6.0,-16,19.910262822075683,,0.0,0.0,0.0,0.0,38.92849931727373,optimal
2021-02-09 23:00:00,10,19,0.0,0.0,0.0,0.16493333333333335,13.9755,6.0,-16,19.877618942203537,,0.0,0.0,0.0,0.0,38.88957081795646,optimal
2021-02-09 23:30:00,10,19,0.0,0.0,0.0,0.11646666666666668,14.994,6.0,-16,19.838255730231385,,0.0,0.0,0.0,0.0,38.8506812471385,optimal
2021-02-10 00:00:00,10,19,0.0,0.0,0.0,0.061,34.9965,6.0,13,19.838255730231385,,0.0,0.0,0.0,0.0,38.81183056589136,optimal
2021-02-10 00:30:00,10,19,0.0,0.0,0.0,0.07313333333333334,34.9965,6.0,13,19.794660863857956,,0.0,0.0,0.0,0.0,38.77301873532547,optimal
2021-02-10 01:00:00,10,19,0.0,0.0,0.0,0.10346666666666668,34.9965,6.0,13,19.75116505026242,,0.0,0.0,0.0,0.0,38.734245716590145,optimal
2021-02-10 01:30:00,10,19,0.0,0.0,0.0,0.06403333333333333,27.741,6.0,13,19.708135747939394,,0.0,0.0,0.0,0.0,38.695511470873555,optimal
2021-02-10 02:00:00,10,19,0.0,0.0,0.0,0.20756666666666662,19.026,6.0,13,19.664162174280328,,0.0,0.0,0.0,0.0,38.65681595940268,optimal
2021-02-10 02:30:00,10,19,0.0,0.0,0.0,0.066,18.7215,6.0,13,19.622943456057783,,0.0,0.0,0.0,0.0,38.61815914344328,optimal
2021-02-10 03:00:00,10,19,0.0,0.0,0.0,0.086,17.4195,6.0,13,19.578971264872226,,0.0,0.0,0.0,0.0,38.57954098429983,optimal
2021-02-10 03:30:00,10,19,0.0,0.0,0.0,0.136,16.758,6.0,13,19.53551704513171,,0.0,0.0,0.0,0.0,38.54096144331553,optimal
2021-02-10 04:00:00,10,19,0.0,0.0,0.0,0.1156,14.217,6.0,13,19.493185578976554,,0.0,0.0,0.0,0.0,38.502420481872214,optimal
2021-02-10 04:30:00,10,19,0.729439966121949,0.0,0.0,0.161,13.3665,6.0,13,19.450551588170896,,0.0,0.0,2553.0398814268215,0.0,38.463918061390345,optimal
2021-02-10 05:00:00,10,19,2.0,0.0,0.0,0.1156,12.789,6.0,13,19.40868628528769,,5930.373214760155,0.0,1069.626785239845,0.0,38.425454143328956,optimal
2021-02-10 05:30:00,10,19,2.0,0.0,0.0,0.061,11.907,6.0,13,19.48557113650192,,7000.0,0.0,0.0,0.0,38.38702868918563,optimal
2021-02-10 06:00:00,10,19,2.0,0.0,0.6737720377432915,0.12106666666666667,11.7075,6.0,13,19.582505578205787,,7000.0,0.0,0.0,0.0,38.668683378424504,optimal
2021-02-10 06:30:00,10,19,2.0,0.0,5.0,0.16353333333333334,10.8045,6.0,13,19.679968447143548,,7000.0,0.0,0.0,0.0,41.00501469504607,optimal
2021-02-10 07:00:00,10,19,2.0,0.0,5.0,0.07113333333333334,11.508,6.0,13,19.77915428035167,,7000.0,0.0,0.0,0.0,43.339009680351026,optimal
2021-02-10 07:30:00,10,19,2.0,0.0,5.0,0.7645333333333333,11.508,6.0,13,19.882029190803255,,7000.0,0.0,0.0,0.0,45.670670670670674,optimal
2021-02-10 08:00:00,10,19,2.0,0.0,5.0,2.0819666666666667,11.508,6.0,13,20.0,,2554.7773613489157,0.0,4445.222638651085,0.0,48.0,optimal
2021-02-10 08:30:00,10,19,0.0,0.0,0.0,2.0233666666666665,11.844,6.0,13,20.027602036625847,,0.0,0.0,0.0,0.0,47.79259059491672,optimal
2021-02-10 09:00:00,10,19,1.9757038409339782,0.0,0.0,0.8465333333333332,11.508,6.0,13,20.0,,1532.174929223809,0.0,5382.788514045114,0.0,47.58538859923852,optimal
2021-02-10 09:30:00,10,19,0.44856277298543085,0.0,0.0,2.0918,11.508,6.0,13,20.0,,1569.969705449008,0.0,0.0,0.0,47.378393805556,optimal
2021-02-10 10:00:00,10,19,2.0,0.0,0.0,0.7385,10.4475,6.0,13,20.0,,4288.0111526962,0.0,2711.9888473038,0.0,47.17160600666716,optimal
2021-02-10 10:30:00,10,19,2.0,0.0,0.0,0.19963333333333333,10.8675,6.0,13,20.05086011089589,,7000.0,0.0,0.0,0.0,46.96502499557722,optimal
2021-02-10 11:00:00,10,19,2.0,0.0,0.0,0.126,10.542,6.0,13,20.14772564083708,,7000.0,0.0,0.0,0.0,46.75865056549836,optimal
2021-02-10 11:30:00,10,19,2.0,0.0,0.0,0.1256,11.025,6.0,13,20.240634762739926,,7000.0,0.0,0.0,0.0,46.552482509849575,optimal
2021-02-10 12:00:00,10,19,2.0,0.0,0.0,0.121,11.025,6.0,13,20.3335541685297,,7000.0,0.0,0.0,0.0,46.34652062225644,optimal
2021-02-10 12:30:00,10,19,0.0,0.0,0.0,0.1756,14.553,6.0,13,20.426398975954424,,0.0,0.0,0.0,0.0,46.1407646965509,optimal
2021-02-10 13:00:00,10,19,0.0,0.0,0.0,0.071,13.0935,6.0,13,20.378677595425042,,0.0,0.0,0.0,0.0,45.93521452677107,optimal
2021-02-10 13:30:00,10,19,0.0,0.0,0.0,2.177,15.6345,6.0,13,20.328966462783352,,0.0,0.0,0.0,0.0,45.72986990716102,optimal
2021-02-10 14:00:00,10,19,0.0,0.0,0.0,0.6876,18.102,6.0,13,20.291941051266818,,0.0,0.0,0.0,0.0,45.524730632170574,optimal
2021-02-10 14:30:00,10,19,0.0,0.0,0.0,2.2946,17.199,6.0,13,20.252081370385447,,0.0,0.0,0.0,0.0,45.31979649645512,optimal
2021-02-10 15:00:00,10,19,0.0,0.0,0.0,0.2851666666666667,18.2805,6.0,13,20.22165115029096,,0.0,0.0,0.0,0.0,45.11506729487538,optimal
2021-02-10 15:30:00,10,19,0.0,0.0,0.0,0.11133333333333331,17.4615,6.0,13,20.185030404494714,,0.0,0.0,0.0,0.0,44.91054282249723,optimal
2021-02-10 16:00:00,10,19,0.0,0.0,0.0,0.9463666666666668,18.3225,6.0,13,20.146607908020194,,0.0,0.0,0.0,0.0,44.70622287459145,optimal
2021-02-10 16:30:00,10,19,0.0,0.0,0.0,1.3136666666666668,17.094,6.0,13,20.13420590131927,,0.0,0.0,0.0,0.0,44.50210724663357,optimal
2021-02-10 17:00:00,10,19,0.0,0.0,0.0,0.33946666666666664,17.094,6.0,13,20.131109064363002,,0.0,0.0,0.0,0.0,44.298195734303654,optimal
2021-02-10 17:30:00,10,19,0.0,0.0,0.0,0.5697000000000001,17.094,6.0,13,20.10913130597117,,0.0,0.0,0.0,0.0,44.09448813348607,optimal
2021-02-10 18:00:00,10,19,0.0,0.0,0.0,0.5986666666666667,17.3565,6.0,13,20.091963348493376,,0.0,0.0,0.0,0.0,43.8909842402693,optimal
2021-02-10 18:30:00,10,19,0.0,0.0,0.0,2.5000999999999998,17.115,6.0,13,20.076454359951917,,0.0,0.0,0.0,0.0,43.687683850945746,optimal
2021-02-10 19:00:00,10,19,0.0,0.0,0.0,2.395266666666667,17.241,6.0,13,20.059296937726582,,0.0,0.0,0.0,0.0,43.48458676201152,optimal
2021-02-10 19:30:00,10,19,0.0,0.0,0.0,0.41343333333333326,17.094,6.0,13,20.045037238210096,,0.0,0.0,0.0,0.0,43.281692770166224,optimal
2021-02-10 20:00:00,10,19,0.0,0.0,0.0,1.351233333333333,16.5165,6.0,13,20.02032957830887,,0.0,0.0,0.0,0.0,43.07900167231278,optimal
2021-02-10 20:30:00,10,19,0.0,0.0,0.0,1.7046666666666668,17.8185,6.0,13,20.0,,0.0,0.0,0.0,0.0,42.876513265557186,optimal
2021-02-10 21:00:00,10,19,0.0,0.0,0.0,0.3711333333333333,17.094,6.0,13,19.973657603203538,,0.0,0.0,0.0,0.0,42.67422734720835,optimal
2021-02-10 21:30:00,10,19,0.0,0.0,0.0,0.6659333333333333,16.8945,6.0,13,19.94550142702167,,0.0,0.0,0.0,0.0,42.631553119861145,optimal
2021-02-10 22:00:00,10,19,0.0,0.0,0.0,3.6545666666666667,18.123,6.0,13,19.917295074834854,,0.0,0.0,0.0,0.0,42.588921566741284,optimal
2021-02-10 22:30:00,10,19,0.0,0.0,0.0,1.5581666666666667,31.647,6.0,13,19.89118031366705,,0.0,0.0,0.0,0.0,42.546332645174544,optimal
2021-02-10 23:00:00,10,19,0.0,0.0,0.0,1.8268,34.9965,6.0,13,19.86098282841776,,0.0,0.0,0.0,0.0,42.50378631252937,optimal
2021-02-10 23:30:00,10,19,0.0,0.0,0.0,0.08313333333333334,34.9965,6.0,13,19.821937073387975,,0.0,0.0,0.0,0.0,42.46128252621684,optimal
2021-02-11 00:00:00,10,19,0.0,0.0,0.0,0.12136666666666666,14.007,6.0,7,19.821937073387975,,0.0,0.0,0.0,0.0,42.41882124369062,optimal
2021-02-11 00:30:00,10,19,0.0,0.0,0.0,0.5030666666666667,12.873,6.0,7,19.773357880379137,,0.0,0.0,0.0,0.0,42.37640242244693,optimal
2021-02-11 01:00:00,10,19,0.11942857142857143,0.0,0.0,0.5093333333333333,12.684,6.0,7,19.733957692264088,,0.0,0.0,418.0,0.0,42.33402602002448,optimal
2021-02-11 01:30:00,10,19,1.285789236661662,0.0,0.0,0.3242,12.306,6.0,7,19.695395371129656,,0.0,0.0,4500.262328315816,0.0,42.29169199400446,optimal
2021-02-11 02:00:00,10,19,2.0,0.0,5.0,0.061,10.6365,6.0,7,19.65061307752792,,0.0,0.0,7000.0,0.0,44.62440030201046,optimal
2021-02-11 02:30:00,10,19,2.0,0.0,0.0,0.08183333333333333,11.2455,6.0,7,19.59910026718299,,247.59566164915,0.0,6752.40433835085,0.0,44.579775901708445,optimal
2021-02-11 03:00:00,10,19,2.0,0.0,0.0,0.2435,11.2455,6.0,7,19.55288524641406,,7000.0,0.0,0.0,0.0,44.535196125806735,optimal
2021-02-11 03:30:00,10,19,2.0,0.0,0.0,0.07766666666666668,11.025,6.0,7,19.646223664225854,,7000.0,0.0,0.0,0.0,44.49066092968093,optimal
2021-02-11 04:00:00,10,19,2.0,0.0,0.0,0.17766666666666667,12.0855,6.0,7,19.736617322004463,,7000.0,0.0,0.0,0.0,44.446170268751246,optimal
2021-02-11 04:30:00,10,19,2.0,0.0,0.0,0.131,11.6865,6.0,7,19.829444776182452,,7000.0,0.0,0.0,0.0,44.4017240984825,optimal
2021-02-11 05:00:00,10,19,2.0,0.0,0.0,0.061,11.2245,6.0,7,19.92108894604769,,7000.0,0.0,0.0,0.0,44.35732237438401,optimal
2021-02-11 05:30:00,10,19,2.0,0.0,0.0,0.1893333333333333,11.025,6.0,7,20.01108146679053,,7000.0,0.0,0.0,0.0,44.31296505200963,optimal
2021-02-11 06:00:00,10,19,2.0,0.0,3.0478630963595403,0.07766666666666668,10.7835,6.0,7,20.104081273046237,,7000.0,0.0,0.0,0.0,45.716387057728404,optimal
2021-02-11 06:30:00,10,19,2.0,0.0,0.0,0.3629,11.025,6.0,7,20.195231586291065,,7000.0,0.0,0.0,0.0,45.670670670670674,optimal
2021-02-11 07:00:00,10,19,2.0,0.0,5.0,0.4281666666666667,10.584,6.0,7,20.294455400869,,7000.0,0.0,0.0,0.0,48.0,optimal
2021-02-11 07:30:00,10,19,2.0,0.0,0.0,0.335,11.025,6.0,7,20.39934839315171,,7000.0,0.0,0.0,0.0,47.79803507216486,optimal
2021-02-11 08:00:00,10,19,2.0,0.0,0.0,0.5391333333333334,10.4265,6.0,7,20.503136821591966,,7000.0,0.0,0.0,0.0,47.596272109257555,optimal
2021-02-11 08:30:00,10,19,0.0,0.0,0.0,1.8775333333333333,12.789,6.0,7,20.610457026033448,,0.0,0.0,0.0,0.0,47.394710909313154,optimal
2021-02-11 09:00:00,10,19,2.0,0.0,0.0,0.512,12.684,6.0,7,20.591798058019222,,7000.0,0.0,0.0,0.0,47.1933512705687,optimal
2021-02-11 09:30:00,10,19,0.0,0.0,0.0,0.2064,16.254,6.0,7,20.69612690396138,,0.0,0.0,0.0,0.0,46.992192991462986,optimal
2021-02-11 10:00:00,10,19,0.0,0.0,0.0,0.2537666666666667,17.64,6.0,7,20.65760675042831,,0.0,0.0,0.0,0.0,46.791235870636385,optimal
2021-02-11 10:30:00,10,19,0.0,0.0,0.0,0.5567333333333333,19.1625,6.0,7,20.62657672763988,,0.0,0.0,0.0,0.0,46.59047970693061,optimal
2021-02-11 11:00:00,10,19,0.0,0.0,0.0,0.2457666666666667,26.46,6.0,7,20.59864053841548,,0.0,0.0,0.0,0.0,46.38992429938854,optimal
2021-02-11 11:30:00,10,19,0.0,0.0,0.0,0.5174666666666667,20.79,6.0,7,20.560971328671428,,0.0,0.0,0.0,0.0,46.18956944725401,optimal
2021-02-11 12:00:00,10,19,0.0,0.0,0.0,0.5533666666666667,29.106,6.0,7,20.534729709315936,,0.0,0.0,0.0,0.0,45.98941494997161,optimal
2021-02-11 12:30:00,10,19,0.0,0.0,0.0,0.5198333333333334,19.1835,6.0,7,20.50911391892731,,0.0,0.0,0.0,0.0,45.7894606071865,optimal
2021-02-11 13:00:00,10,19,0.0,0.0,0.0,1.923,19.6665,6.0,7,20.481700818292065,,0.0,0.0,0.0,0.0,45.58970621874417,optimal
2021-02-11 13:30:00,10,19,0.0,0.0,0.0,0.9715666666666668,19.404,6.0,7,20.46565575822707,,0.0,0.0,0.0,0.0,45.39015158469029,optimal
2021-02-11 14:00:00,10,19,0.0,0.0,0.0,0.3988333333333333,19.047,6.0,7,20.439566207625784,,0.0,0.0,0.0,0.0,45.190796505270455,optimal
2021-02-11 14:30:00,10,19,0.0,0.0,0.0,0.382,18.858,6.0,7,20.40935172486898,,0.0,0.0,0.0,0.0,44.99164078093004,optimal
2021-02-11 15:00:00,10,19,0.0,0.0,0.0,0.34253333333333336,19.2675,6.0,7,20.380167769659177,,0.0,0.0,0.0,0.0,44.79268421231397,optimal
2021-02-11 15:30:00,10,19,0.0,0.0,0.0,0.40543333333333326,18.963,6.0,7,20.34998654488626,,0.0,0.0,0.0,0.0,44.59392660026652,optimal
2021-02-11 16:00:00,10,19,0.0,0.0,0.0,0.5072333333333333,18.438,6.0,7,20.317717169662405,,0.0,0.0,0.0,0.0,44.395367745831116,optimal
2021-02-11 16:30:00,10,19,0.0,0.0,0.0,0.43610000000000004,18.7425,6.0,7,20.29187031298996,,0.0,0.0,0.0,0.0,44.19700745025015,optimal
2021-02-11 17:00:00,10,19,0.0,0.0,0.0,0.47073333333333334,15.2145,6.0,7,20.261916090195765,,0.0,0.0,0.0,0.0,43.998845514964756,optimal
2021-02-11 17:30:00,10,19,0.0,0.0,0.0,0.5091,17.7765,6.0,7,20.232083084733222,,0.0,0.0,0.0,0.0,43.80088174161465,optimal
2021-02-11 18:00:00,10,19,0.0,0.0,0.0,0.4234,16.758,6.0,7,20.199678854509198,,0.0,0.0,0.0,0.0,43.603115932037895,optimal
2021-02-11 18:30:00,10,19,0.0,0.0,0.0,0.6027666666666667,16.422,6.0,7,20.162822993150957,,0.0,0.0,0.0,0.0,43.40554788827072,optimal
2021-02-11 19:00:00,10,19,0.0,0.0,0.0,0.45566666666666666,16.758,6.0,7,20.1277658534579,,0.0,0.0,0.0,0.0,43.20817741254731,optimal
2021-02-11 19:30:00,10,19,0.0,0.0,0.0,0.32673333333333326,29.358,6.0,7,20.089060459360773,,0.0,0.0,0.0,0.0,43.01100430729962,optimal
2021-02-11 20:00:00,10,19,0.0,0.0,0.0,0.5933666666666667,34.9965,6.0,7,20.044800430317895,,0.0,0.0,0.0,0.0,42.81402837515718,optimal
2021-02-11 20:30:00,10,19,0.0,0.0,0.0,0.27313333333333334,34.65,6.0,7,20.0,,0.0,0.0,0.0,0.0,42.617249418946884,optimal
2021-02-11 21:00:00,10,19,0.0,0.0,0.0,0.2735,34.9965,6.0,7,19.949884451519605,,0.0,0.0,0.0,0.0,42.4206672416928,optimal
2021-02-11 21:30:00,10,19,0.0,0.0,0.0,1.4412333333333331,34.9965,6.0,7,19.90196799518397,,0.0,0.0,0.0,0.0,42.224281646615964,optimal
2021-02-11 22:00:00,10,19,0.0,0.0,0.0,0.19883333333333328,30.4815,6.0,7,19.854772826432058,,0.0,0.0,0.0,0.0,42.028092437134205,optimal
2021-02-11 22:30:00,10,19,0.0,0.0,0.0,0.1362,21.4305,6.0,7,19.80326396061688,,0.0,0.0,0.0,0.0,41.83209941686193,optimal
2021-02-11 23:00:00,10,19,0.0,0.0,0.0,0.30760000000000004,14.3325,6.0,7,19.749713550180367,,0.0,0.0,0.0,0.0,41.636302389609924,optimal
2021-02-11 23:30:00,10,19,0.0,0.0,0.0,0.4524666666666666,13.692,6.0,7,19.705140015671823,,0.0,0.0,0.0,0.0,41.59466608722031,optimal
2021-02-12 00:00:00,10,19,2.0,0.0,0.0,0.06233333333333334,12.348,6.0,-13,19.705140015671823,,6791.0,0.0,209.0,0.0,41.55307142113309,optimal
2021-02-12 00:30:00,10,19,0.0,0.0,0.0,0.06666666666666667,14.3325,6.0,-13,19.7867148882605,,0.0,0.0,0.0,0.0,41.511518349711956,optimal
2021-02-12 01:00:00,10,19,0.0,0.0,0.0,0.067,15.393,6.0,-13,19.72681798484695,,0.0,0.0,0.0,0.0,41.47000683136224,optimal
2021-02-12 01:30:00,10,19,2.0,0.0,0.0,0.18946666666666667,13.587,6.0,-13,19.666220907896157,,0.0,0.0,7000.0,0.0,41.42853682453088,optimal
2021-02-12 02:00:00,10,19,0.0,0.0,0.0,0.06066666666666666,16.1385,6.0,-13,19.608514112673195,,0.0,0.0,0.0,0.0,41.38710828770635,optimal
2021-02-12 02:30:00,10,19,0.0,0.0,0.0,0.15719999999999998,14.595,6.0,-13,19.54874145002197,,0.0,0.0,0.0,0.0,41.34572117941864,optimal
2021-02-12 03:00:00,10,19,0.0,0.0,0.0,0.07926666666666667,14.637,6.0,-13,19.491925059936854,,0.0,0.0,0.0,0.0,41.30437545823922,optimal
2021-02-12 03:30:00,10,19,0.0,0.0,0.0,0.07926666666666667,13.9125,6.0,-13,19.434458257778626,,0.0,0.0,0.0,0.0,41.26307108278098,optimal
2021-02-12 04:00:00,10,19,2.0,0.0,0.0,0.15719999999999998,13.3665,6.0,-13,19.3789533119399,,6615.333333333333,0.0,384.6666666666667,0.0,41.2218080116982,optimal
2021-02-12 04:30:00,10,19,2.0,0.0,0.0,0.09143333333333334,13.0095,6.0,-13,19.460636726002157,,7000.0,0.0,0.0,0.0,41.1805862036865,optimal
2021-02-12 05:00:00,10,19,0.4877233640281283,0.0,0.0,0.15163333333333331,13.8915,6.0,-13,19.552816122681133,,1707.0317740984492,0.0,0.0,0.0,41.139405617482815,optimal
2021-02-12 05:30:00,10,19,2.0,0.0,0.0,0.08483333333333333,13.188,6.0,-13,19.538394860686072,,7000.0,0.0,0.0,0.0,41.09826621186533,optimal
2021-02-12 06:00:00,10,19,2.0,0.0,0.0,0.06333333333333334,12.5685,6.0,-13,19.631673115445366,,7000.0,0.0,0.0,0.0,41.05716794565346,optimal
2021-02-12 06:30:00,10,19,2.0,0.0,0.0,0.20980000000000001,12.285,6.0,-13,19.72621944756986,,7000.0,0.0,0.0,0.0,41.01611077770781,optimal
2021-02-12 07:00:00,10,19,2.0,0.0,5.0,0.7943333333333333,11.487,6.0,-13,19.824500157384115,,7000.0,0.0,0.0,0.0,43.3500946669301,optimal
2021-02-12 07:30:00,10,19,2.0,0.0,4.976686522963166,0.6846666666666666,11.802,6.0,-13,19.937545105721114,,7000.0,0.0,0.0,0.0,45.670670670670674,optimal
2021-02-12 08:00:00,10,19,2.0,0.0,5.0,0.25266666666666665,11.2245,6.0,-13,20.049744207350187,,7000.0,0.0,0.0,0.0,48.0,optimal
2021-02-12 08:30:00,10,19,2.0,0.0,0.0,0.2138333333333333,11.025,6.0,-13,20.157368624996597,,7000.0,0.0,0.0,0.0,47.63370678317256,optimal
2021-02-12 09:00:00,10,19,2.0,0.0,0.0,0.18946666666666667,11.907,6.0,-13,20.250064581698197,,7000.0,0.0,0.0,0.0,47.267779859561955,optimal
2021-02-12 09:30:00,10,19,0.0,0.0,0.0,0.067,25.83,6.0,-13,20.331817821470466,,0.0,0.0,0.0,0.0,46.90221886287496,optimal
2021-02-12 10:00:00,10,19,0.0,0.0,0.0,0.067,28.035,6.0,-13,20.275154174193258,,0.0,0.0,0.0,0.0,46.53702342718465,optimal
2021-02-12 10:30:00,10,19,0.0,0.0,0.0,0.12266666666666669,28.119,6.0,-13,20.224335339374612,,0.0,0.0,0.0,0.0,46.17219318693003,optimal
2021-02-12 11:00:00,10,19,0.0,0.0,0.0,0.1338,30.156,6.0,-13,20.175808831831205,,0.0,0.0,0.0,0.0,45.80772777691566,optimal
2021-02-12 11:30:00,10,19,0.0,0.0,0.0,0.07256666666666667,29.1585,6.0,-13,20.128668959168376,,0.0,0.0,0.0,0.0,45.44362683231131,optimal
2021-02-12 12:00:00,10,19,0.0,0.0,0.0,0.3469,26.712,6.0,-13,20.080543515179496,,0.0,0.0,0.0,0.0,45.079889988651566,optimal
2021-02-12 12:30:00,10,19,0.0,0.0,0.0,0.2722,15.435,6.0,-13,20.04055398216307,,0.0,0.0,0.0,0.0,44.71651688183548,optimal
2021-02-12 13:00:00,10,19,0.5509918467342697,0.0,0.0,0.39466666666666667,13.566,6.0,-13,20.0,,1789.1381302366108,0.0,139.33333333333331,0.0,44.35350714812621,optimal
2021-02-12 13:30:00,10,19,0.37659735489259355,0.0,0.0,1.3189333333333333,12.789,6.0,-13,20.0,,1318.0907421240775,0.0,0.0,0.0,43.990860424150654,optimal
2021-02-12 14:00:00,10,19,1.216164001367999,0.0,0.0,0.3798333333333333,12.1275,6.0,-13,20.0,,4256.574004787997,0.0,0.0,0.0,43.62857634689907,optimal
2021-02-12 14:30:00,10,19,0.0,0.0,0.0,0.09483333333333331,13.671,6.0,-13,20.04785475820924,,0.0,0.0,0.0,0.0,43.266654553724734,optimal
2021-02-12 15:00:00,10,19,2.0,0.0,0.0,0.067,10.668,6.0,-13,20.0,,4979.666666666667,0.0,2020.3333333333333,0.0,42.905094682343574,optimal
2021-02-12 15:30:00,10,19,0.0,0.0,0.0,1.4265333333333332,11.7285,6.0,-13,20.05205763472888,,0.0,0.0,0.0,0.0,42.54389637083379,optimal
2021-02-12 16:00:00,10,19,0.058155115441916434,0.0,0.0,0.19513333333333333,11.025,6.0,-13,20.02914916989733,,203.54290404670752,0.0,0.0,0.0,42.18305925763552,optimal
2021-02-12 16:30:00,10,19,0.4243603080488411,0.0,0.0,1.2735666666666665,10.689,6.0,-13,20.0,,1485.2610781709438,0.0,0.0,0.0,41.82258298155045,optimal
2021-02-12 17:00:00,10,19,2.0,0.0,0.0,0.48786666666666667,8.1585,6.0,-13,20.0,,5188.666666666667,0.0,1811.3333333333333,0.0,41.46246718174146,optimal
2021-02-12 17:30:00,10,19,0.0,0.0,0.0,1.1227333333333331,10.3635,6.0,-13,20.078822568289482,,0.0,0.0,0.0,0.0,41.10271149773228,optimal
2021-02-12 18:00:00,10,19,0.0,0.0,0.0,0.3061666666666667,10.8045,6.0,-13,20.066829142764426,,0.0,0.0,0.0,0.0,40.74331556940711,optimal
2021-02-12 18:30:00,10,19,0.0,0.0,0.0,0.23163333333333333,11.025,6.0,-13,20.043580366908575,,0.0,0.0,0.0,0.0,40.384279037010266,optimal
2021-02-12 19:00:00,10,19,0.06249077212380082,0.0,0.0,0.8974,10.3635,6.0,-13,20.020760673145215,,218.71770243330286,0.0,0.0,0.0,40.02560154114582,optimal
2021-02-12 19:30:00,10,19,0.0,0.0,0.0,0.5097,10.8045,6.0,-13,20.01760093927712,,0.0,0.0,0.0,0.0,39.66728272277724,optimal
2021-02-12 20:00:00,10,19,0.43407202959595487,0.0,0.0,0.17036666666666667,10.059,6.0,-13,20.0,,1310.252103585842,0.0,208.99999999999997,0.0,39.30932222322703,optimal
2021-02-12 20:30:00,10,19,0.0,0.0,0.0,0.37839999999999996,10.584,6.0,-13,20.0,,0.0,0.0,0.0,0.0,38.95171968417637,optimal
2021-02-12 21:00:00,10,19,0.7563809523809524,0.0,0.0,0.35596666666666665,9.4185,6.0,-13,19.978447971679262,,0.0,0.0,2647.3333333333335,0.0,38.91276796449219,optimal
2021-02-12 21:30:00,10,19,0.0,0.0,0.0,0.20953333333333332,10.3635,6.0,-13,19.96057108476453,,0.0,0.0,0.0,0.0,38.8738551965277,optimal
2021-02-12 22:00:00,10,19,0.0,0.0,0.0,0.1398,9.8385,6.0,-13,19.938579318224875,,0.0,0.0,0.0,0.0,38.83498134133117,optimal
2021-02-12 22:30:00,10,19,0.0,0.0,0.0,0.18963333333333332,11.067,6.0,-13,19.905753336230188,,0.0,0.0,0.0,0.0,38.79614635998984,optimal
2021-02-12 23:00:00,10,19,0.0,0.0,0.0,0.067,10.8465,6.0,-13,19.86998242925846,,0.0,0.0,0.0,0.0,38.75735021362985,optimal
2021-02-12 23:30:00,10,19,0.0,0.0,0.0,0.17043333333333333,13.671,6.0,-13,19.826108703882447,,0.0,0.0,0.0,0.0,38.71859286341622,optimal
2021-02-13 00:00:00,10,19,0.05971428571428571,0.0,0.0,0.07,13.293,6.0,22,19.826108703882447,,0.0,0.0,209.0,0.0,38.6798742705528,optimal
2021-02-13 00:30:00,10,19,0.4578095238095238,0.0,0.0,0.11116666666666669,12.1065,6.0,22,19.78473404594511,,0.0,0.0,1602.3333333333333,0.0,38.64119439628225,optimal
2021-02-13 01:00:00,10,19,2.0,0.0,5.0,0.066,11.571,6.0,22,19.74495848183839,,7000.0,0.0,0.0,0.0,40.97755320188597,optimal
2021-02-13 01:30:00,10,19,2.0,0.0,5.0,0.21413333333333331,11.025,6.0,22,19.841581127293505,,7000.0,0.0,0.0,0.0,43.311575648684084,optimal
2021-02-13 02:00:00,10,19,2.0,0.0,5.0,0.066,10.8465,6.0,22,19.94107592315949,,7000.0,0.0,0.0,0.0,45.6432640730354,optimal
2021-02-13 02:30:00,10,19,2.0,0.0,5.0,0.19393333333333332,11.2455,6.0,22,20.03744962224609,,7000.0,0.0,0.0,0.0,47.97262080896236,optimal
2021-02-13 03:00:00,10,19,0.0,0.0,0.0,0.0862,23.8665,6.0,22,20.136158492088132,,0.0,0.0,0.0,0.0,47.9246481881534,optimal
2021-02-13 03:30:00,10,19,0.0,0.0,0.0,0.11313333333333334,27.4575,6.0,22,20.091006183242435,,0.0,0.0,0.0,0.0,47.87672353996525,optimal
2021-02-13 04:00:00,10,19,0.0,0.0,0.0,0.167,27.3735,6.0,22,20.046385483152747,,0.0,0.0,0.0,0.0,47.82884681642528,optimal
2021-02-13 04:30:00,10,19,0.0,0.0,0.0,0.066,30.4605,6.0,22,20.002839179327072,,0.0,0.0,0.0,0.0,47.78101796960886,optimal
2021-02-13 05:00:00,10,19,0.0,0.0,0.0,0.17373333333333332,30.0195,6.0,22,19.9571060426882,,0.0,0.0,0.0,0.0,47.73323695163925,optimal
2021-02-13 05:30:00,10,19,0.0,0.0,0.0,0.10640000000000001,26.9325,6.0,22,19.913409011180974,,0.0,0.0,0.0,0.0,47.68550371468761,optimal
2021-02-13 06:00:00,10,19,0.0,0.0,0.0,0.066,14.595,6.0,22,19.868205742732222,,0.0,0.0,0.0,0.0,47.637818210972924,optimal
2021-02-13 06:30:00,10,19,0.16663601942414955,0.0,0.0,0.4413333333333333,12.4845,6.0,22,19.822044302916858,,583.2260679845234,0.0,0.0,0.0,47.59018039276195,optimal
2021-02-13 07:00:00,10,19,2.0,0.0,0.0,2.1994000000000002,12.1275,6.0,22,19.79759557422557,,7000.0,0.0,0.0,0.0,47.54259021236919,optimal
2021-02-13 07:30:00,10,19,2.0,0.0,1.0630576375645786,3.0294666666666665,12.1275,6.0,22,19.907750118031434,,7000.0,0.0,0.0,0.0,48.0,optimal
2021-02-13 08:00:00,10,19,0.0,0.0,0.0,0.7758333333333334,12.789,6.0,22,20.02702283674172,,0.0,0.0,0.0,0.0,47.909153581893236,optimal
2021-02-13 08:30:00,10,19,0.7079802127181442,0.0,0.0,0.3918333333333333,11.907,6.0,22,20.0,,1952.644077846838,0.0,525.2866666666666,0.0,47.81839801020458,optimal
2021-02-13 09:00:00,10,19,0.7094898241253067,0.0,0.0,0.3097333333333333,11.025,6.0,22,20.0,,2483.2143844385732,0.0,0.0,0.0,47.72773319408761,optimal
2021-02-13 09:30:00,10,19,2.0,0.0,0.0,0.8913,8.2005,6.0,22,20.0,,7000.0,0.0,0.0,0.0,47.63715904278676,optimal
2021-02-13 10:00:00,10,19,0.0,0.0,0.0,2.5726666666666667,9.5655,6.0,22,20.091860884709117,,0.0,0.0,0.0,0.0,47.546675465637215,optimal
2021-02-13 10:30:00,10,19,2.0,0.0,0.0,1.8996,7.056,6.0,22,20.049465620513956,,7000.0,0.0,0.0,0.0,47.45628237206481,optimal
2021-02-13 11:00:00,10,19,0.0,0.0,0.0,0.066,9.3975,6.0,22,20.146045719526526,,0.0,0.0,0.0,0.0,47.36597967158598,optimal
2021-02-13 11:30:00,10,19,0.0,0.0,0.0,0.06833333333333333,10.059,6.0,22,20.093671099031056,,0.0,0.0,0.0,0.0,47.27576727380763,optimal
2021-02-13 12:00:00,10,19,0.12618299903841343,0.0,0.0,0.14066666666666666,9.261,6.0,22,20.04156163114109,,441.640496634447,0.0,0.0,0.0,47.18564508842706,optimal
2021-02-13 12:30:00,10,19,2.0,0.0,0.0,0.1468,8.1585,6.0,22,20.0,,7000.0,0.0,0.0,0.0,47.09561302523187,optimal
2021-02-13 13:00:00,10,19,0.0,0.0,0.0,0.066,9.4815,6.0,22,20.091583002786884,,0.0,0.0,0.0,0.0,47.00567099409987,optimal
2021-02-13 13:30:00,10,19,0.8312013204879157,0.0,0.0,0.21413333333333331,8.379,6.0,22,20.040126450120543,,2909.204621707705,0.0,0.0,0.0,46.91581890499901,optimal
2021-02-13 14:00:00,10,19,0.0,0.0,0.0,0.07533333333333334,9.5235,6.0,22,20.05083300631683,,0.0,0.0,0.0,0.0,46.826056667987245,optimal
2021-02-13 14:30:00,10,19,2.0,0.0,0.0,0.20333333333333328,8.1375,6.0,22,20.0,,4371.491213375445,0.0,2628.508786624555,0.0,46.736384193212494,optimal
2021-02-13 15:00:00,10,19,0.0,0.0,0.0,0.35403333333333337,10.0905,6.0,22,20.040600623911995,,0.0,0.0,0.0,0.0,46.64680139091252,optimal
2021-02-13 15:30:00,10,19,2.0,0.0,0.0,0.7026,7.539,6.0,22,20.0,,1373.722926510297,0.0,5626.277073489703,0.0,46.557308171414846,optimal
2021-02-13 16:00:00,10,19,2.0,0.0,0.0,3.9803,7.938,6.0,22,20.0,,3797.405860114257,0.0,3202.594139885743,0.0,46.46790444513667,optimal
2021-02-13 16:30:00,10,19,1.5611412799095055,0.0,0.0,2.472766666666667,8.274,6.0,22,20.06131217826366,,5463.99447968327,0.0,0.0,0.0,46.37859012258477,optimal
2021-02-13 17:00:00,10,19,0.0,0.0,0.0,0.8067666666666666,9.261,6.0,22,20.154881091421437,,0.0,0.0,0.0,0.0,46.28936511435542,optimal
2021-02-13 17:30:00,10,19,0.0,0.0,0.0,0.5637666666666666,9.9225,6.0,22,20.135073299208447,,0.0,0.0,0.0,0.0,46.2002293311343,optimal
2021-02-13 18:00:00,10,19,0.0,0.0,0.0,2.125,9.702,6.0,22,20.108539149012664,,0.0,0.0,0.0,0.0,46.111182683696406,optimal
2021-02-13 18:30:00,10,19,0.0,0.0,0.0,3.2811666666666666,10.584,6.0,22,20.088514003215657,,0.0,0.0,0.0,0.0,46.02222508290595,optimal
2021-02-13 19:00:00,10,19,0.0,0.0,0.0,2.6470333333333333,10.143,6.0,22,20.075281297245272,,0.0,0.0,0.0,0.0,45.93335643971628,optimal
2021-02-13 19:30:00,10,19,0.0,0.0,0.0,1.0803,13.0095,6.0,22,20.057941295690988,,0.0,0.0,0.0,0.0,45.8445766651698,optimal
2021-02-13 20:00:00,10,19,0.0,0.0,0.0,1.8755666666666664,11.025,6.0,22,20.029796336126935,,0.0,0.0,0.0,0.0,45.755885670397866,optimal
2021-02-13 20:30:00,10,19,0.0,0.0,0.0,0.9312,12.789,6.0,22,20.0,,0.0,0.0,0.0,0.0,45.66728336662071,optimal
2021-02-13 21:00:00,10,19,0.0,0.0,0.0,0.5671666666666666,12.1275,6.0,22,19.968961238426182,,0.0,0.0,0.0,0.0,45.57876966514733,optimal
2021-02-13 21:30:00,10,19,0.0,0.0,0.0,0.519,12.1695,6.0,22,19.942795420688398,,0.0,0.0,0.0,0.0,45.490344477375416,optimal
2021-02-13 22:00:00,10,19,0.0,0.0,0.0,0.5993666666666667,12.306,6.0,22,19.91730532237361,,0.0,0.0,0.0,0.0,45.40200771479128,optimal
2021-02-13 22:30:00,10,19,0.0,0.0,0.0,0.665,13.23,6.0,22,19.892742418364776,,0.0,0.0,0.0,0.0,45.31375928896973,optimal
2021-02-13 23:00:00,10,19,0.0,0.0,0.0,0.5786,13.671,6.0,22,19.870758740939046,,0.0,0.0,0.0,0.0,45.268445529680754,optimal
2021-02-13 23:30:00,10,19,0.0,0.0,0.0,0.076,13.9335,6.0,22,19.83460768554383,,0.0,0.0,0.0,0.0,45.223177084151075,optimal
