time,run,dwelling_id,hp_elec_kw,boiler_gas_kw,ev_charge_kw,appliance_kw,tariff_elec_price,tariff_gas_price,tariff_offset_steps,Tin_C,T_tank_C,V_stor_m3,Q_hp_space_w,Q_bo_space_w,Q_hp_hw_w,Q_bo_hw_w,ev_soc_kwh,solve_status
2021-02-07 00:00:00,1,5,0.0,0.0,0.0,0.22716666666666663,6.615,6.0,-4,21.0,,,0.0,0.0,0.0,0.0,47.952,optimal
2021-02-07 00:30:00,1,5,0.0,0.0,0.0,0.18669999999999998,6.174,6.0,-4,20.899239542117662,,,0.0,0.0,0.0,0.0,47.904047999999996,optimal
2021-02-07 01:00:00,1,5,1.1428571428571428,0.0,0.0,0.20826666666666668,3.906,6.0,-4,20.79328255202384,,,4000.0,0.0,0.0,0.0,47.856143952,optimal
2021-02-07 01:30:00,1,5,1.1428571428571428,0.0,0.0,0.181,2.3415,6.0,-4,20.988537532554,,,4000.0,0.0,0.0,0.0,47.80828780804799,optimal
2021-02-07 02:00:00,1,5,1.1428571428571428,0.0,0.0,0.0751,2.205,6.0,-4,21.17991464892848,,,4000.0,0.0,0.0,0.0,47.76047952023995,optimal
2021-02-07 02:30:00,1,5,1.1428571428571428,0.0,1.3150084239632513,0.23006666666666664,0.882,6.0,-4,21.36155423103899,,,4000.0,0.0,0.0,0.0,48.33734804210225,optimal
2021-02-07 03:00:00,1,5,1.1428571428571428,0.0,0.0,0.1185,1.5435,6.0,-4,21.552690686346256,,,4000.0,0.0,0.0,0.0,48.289010694060146,optimal
2021-02-07 03:30:00,1,5,1.1428571428571428,0.0,0.0,0.28296666666666664,1.5435,6.0,-4,21.733292755963017,,,4000.0,0.0,0.0,0.0,48.240721683366075,optimal
2021-02-07 04:00:00,1,5,1.1428571428571428,0.0,0.0,0.1575,5.0715,6.0,-4,21.924485189229813,,,4000.0,0.0,0.0,0.0,48.192480961682705,optimal
2021-02-07 04:30:00,1,5,1.1428571428571428,0.0,0.0,0.1368,5.376,6.0,-4,22.104476160761365,,,4000.0,0.0,0.0,0.0,48.144288480721016,optimal
2021-02-07 05:00:00,1,5,1.1428571428571428,0.0,0.0,0.16066666666666665,5.0715,6.0,-4,22.281569582822474,,,4000.0,0.0,0.0,0.0,48.096144192240295,optimal
2021-02-07 05:30:00,1,5,0.3940588147223949,0.0,0.0,0.0984,5.5125,6.0,-4,22.459124657513925,,,1379.2058515283823,0.0,0.0,0.0,48.048048048048045,optimal
2021-02-07 06:00:00,1,5,0.0,0.0,0.0,1.1344,9.261,6.0,-4,22.434421346150632,,,0.0,0.0,0.0,0.0,48.0,optimal
2021-02-07 06:30:00,1,5,0.0,0.23222222222222222,0.0,0.2081,11.7075,6.0,-4,22.32422382380361,,,0.0,0.0,0.0,209.0,47.85130436482217,optimal
2021-02-07 07:00:00,1,5,0.0,0.0,0.0,0.2853,12.348,6.0,-4,22.20575920412808,,,0.0,0.0,0.0,0.0,47.70275742527952,optimal
2021-02-07 07:30:00,1,5,0.0,1.8577777777777778,0.0,0.2801666666666667,12.348,6.0,-4,22.092764683510463,,,0.0,0.0,0.0,1672.0,47.554359032676416,optimal
2021-02-07 08:00:00,1,5,0.0,1.9351851851851851,0.0,1.0111,12.1275,6.0,-4,22.0,,,0.0,0.0,0.0,1741.6666666666667,47.406109038465914,optimal
2021-02-07 08:30:00,1,5,0.0,0.1548148148148148,0.0,0.313,12.5265,6.0,-4,21.885419582785914,,,0.0,0.0,0.0,139.33333333333331,47.258007294249616,optimal
2021-02-07 09:00:00,1,5,0.0,0.0,0.0,0.07,11.7495,6.0,-4,21.773902991419927,,,0.0,0.0,0.0,0.0,47.11005365177754,optimal
2021-02-07 09:30:00,1,5,0.0,0.0,0.0,0.07,13.23,6.0,-4,21.625552639483086,,,0.0,0.0,0.0,0.0,46.962247962947934,optimal
2021-02-07 10:00:00,1,5,0.0,0.0,0.0,0.24746666666666667,14.3325,6.0,-4,21.478687087529696,,,0.0,0.0,0.0,0.0,46.81459007980716,optimal
2021-02-07 10:30:00,1,5,0.0,0.0,0.0,0.06966666666666667,14.994,6.0,-4,21.346585360261983,,,0.0,0.0,0.0,0.0,46.66707985454953,optimal
2021-02-07 11:00:00,1,5,0.0,0.5418518518518518,0.0,0.18916666666666662,14.8155,6.0,-4,21.205377906800056,,,0.0,0.0,0.0,487.6666666666667,46.51971713951715,optimal
2021-02-07 11:30:00,1,5,0.0,0.0774074074074074,0.0,2.4275666666666664,14.112,6.0,-4,21.080866932253013,,,0.0,0.0,0.0,69.66666666666666,46.3725017871998,optimal
2021-02-07 12:00:00,1,5,0.0,0.3096296296296296,0.0,2.3668666666666667,14.007,6.0,-4,20.99607504428071,,,0.0,0.0,0.0,278.66666666666663,46.22543365023478,optimal
2021-02-07 12:30:00,1,5,0.0,0.0,0.0,0.28053333333333336,13.23,6.0,-4,20.910145538246656,,,0.0,0.0,0.0,0.0,46.07851258140671,optimal
2021-02-07 13:00:00,1,5,0.0,0.23222222222222222,0.0,0.082,11.382,6.0,-4,20.783278924107876,,,0.0,0.0,0.0,209.0,45.931738433647475,optimal
2021-02-07 13:30:00,1,5,0.0,0.0,0.0,0.30443333333333333,11.7495,6.0,-4,20.65350276655624,,,0.0,0.0,0.0,0.0,45.785111060036,optimal
2021-02-07 14:00:00,1,5,0.0,0.0,0.0,0.8557333333333333,24.3285,6.0,-4,20.542678553284436,,,0.0,0.0,0.0,0.0,45.63863031379814,optimal
2021-02-07 14:30:00,1,5,0.0,0.3096296296296296,0.0,1.3536333333333335,28.917,6.0,-4,20.46334845841184,,,0.0,0.0,0.0,278.66666666666663,45.492296048306514,optimal
2021-02-07 15:00:00,1,5,0.0,0.0,0.0,1.8253,31.3635,6.0,-4,20.38517870825897,,,0.0,0.0,0.0,0.0,45.34610811708038,optimal
2021-02-07 15:30:00,1,5,0.0,0.0,0.0,0.8076666666666666,33.306,6.0,-4,20.312098233982415,,,0.0,0.0,0.0,0.0,45.20006637378547,optimal
2021-02-07 16:00:00,1,5,0.0,0.1548148148148148,0.0,0.5423666666666667,31.3425,6.0,-4,20.238572265064427,,,0.0,0.0,0.0,139.33333333333331,45.05417067223385,optimal
2021-02-07 16:30:00,1,5,0.0,0.9288888888888889,0.0,3.566466666666667,28.2555,6.0,-4,20.144592040924596,,,0.0,0.0,0.0,836.0,44.90842086638379,optimal
2021-02-07 17:00:00,1,5,0.0,0.774074074074074,0.0,3.7598333333333334,15.6975,6.0,-4,20.128974107242247,,,0.0,0.0,0.0,696.6666666666666,44.76281681033958,optimal
2021-02-07 17:30:00,1,5,0.0,0.1548148148148148,0.0,0.8472000000000001,12.5475,6.0,-4,20.112719053072038,,,0.0,0.0,0.0,139.33333333333331,44.61735835835141,optimal
2021-02-07 18:00:00,1,5,0.05349421534442835,0.3096296296296296,0.0,0.5413333333333333,12.0855,6.0,-4,20.04180474835978,,,187.22975370549923,0.0,0.0,278.66666666666663,44.57274099999306,optimal
2021-02-07 18:30:00,1,5,0.7485943086467868,0.46444444444444444,0.0,0.36160000000000003,11.907,6.0,-4,20.0,,,2620.0800802637536,0.0,0.0,418.0,44.52816825899306,optimal
2021-02-07 19:00:00,1,5,0.0,4.412222222222222,0.0,0.29546666666666666,12.5685,6.0,-4,20.124478754380224,,,0.0,0.0,0.0,3971.0,44.48364009073407,optimal
2021-02-07 19:30:00,1,5,0.0,0.1548148148148148,0.0,0.39253333333333335,13.146,6.0,-4,20.05520522087891,,,0.0,0.0,0.0,139.33333333333331,44.43915645064334,optimal
2021-02-07 20:00:00,1,5,0.17988137246620747,0.0,0.0,0.41960000000000003,10.584,6.0,-4,20.0,,,629.5848036317261,0.0,0.0,0.0,44.394717294192695,optimal
2021-02-07 20:30:00,1,5,0.0,0.0774074074074074,0.0,0.3884333333333333,6.678,6.0,-4,20.0,,,0.0,0.0,0.0,69.66666666666666,44.3503225768985,optimal
2021-02-07 21:00:00,1,5,0.0,0.7941999999999999,0.0,1.1284,7.938,6.0,-4,19.939349594018143,,,0.0,0.0,0.0,714.78,44.3059722543216,optimal
2021-02-07 21:30:00,1,5,0.0,0.9861703703703705,0.0,1.568,5.292,6.0,-4,19.921674456371093,,,0.0,0.0,0.0,887.5533333333335,44.26166628206728,optimal
2021-02-07 22:00:00,1,5,0.0,0.0,0.0,0.238,9.261,6.0,-4,19.888253361790053,,,0.0,0.0,0.0,0.0,44.21740461578521,optimal
2021-02-07 22:30:00,1,5,0.0,0.0,0.0,0.18296666666666667,10.3635,6.0,-4,19.7854714888462,,,0.0,0.0,0.0,0.0,44.17318721116943,optimal
2021-02-07 23:00:00,1,5,0.0,0.0,0.0,0.1735,8.274,6.0,-4,19.679337674420527,,,0.0,0.0,0.0,0.0,44.129014023958256,optimal
2021-02-07 23:30:00,1,5,0.0,0.0,0.0,0.10523333333333332,7.7175,6.0,-4,19.573289410149158,,,0.0,0.0,0.0,0.0,44.0848850099343,optimal
2021-02-08 00:00:00,1,5,0.0,0.0,0.0,0.076,11.2455,6.0,2,19.573289410149158,,,0.0,0.0,0.0,0.0,44.04080012492436,optimal
2021-02-08 00:30:00,1,5,0.0,0.0,0.0,0.188,11.025,6.0,2,19.45774660008593,,,0.0,0.0,0.0,0.0,43.996759324799434,optimal
2021-02-08 01:00:00,1,5,1.1428571428571428,0.0,0.0,0.066,5.9745,6.0,2,19.3517557304037,,,4000.0,0.0,0.0,0.0,43.952762565474636,optimal
2021-02-08 01:30:00,1,5,1.1428571428571428,0.0,0.0,0.1502666666666667,7.938,6.0,2,19.537423556796632,,,4000.0,0.0,0.0,0.0,43.90880980290916,optimal
2021-02-08 02:00:00,1,5,1.1428571428571428,0.0,0.0,0.2422,8.6835,6.0,2,19.727637802425683,,,4000.0,0.0,0.0,0.0,43.864900993106254,optimal
2021-02-08 02:30:00,1,5,1.1428571428571428,0.0,0.0,0.11173333333333332,7.665,6.0,2,19.922938575852744,,,4000.0,0.0,0.0,0.0,43.82103609211315,optimal
2021-02-08 03:00:00,1,5,1.1428571428571428,0.0,0.0,0.2840666666666667,6.7725,6.0,2,20.110526566675805,,,4000.0,0.0,0.0,0.0,43.777215056021035,optimal
2021-02-08 03:30:00,1,5,1.1428571428571428,0.0,0.5696376156034202,0.076,5.5755,6.0,2,20.30654546889308,,,4000.0,0.0,0.0,0.0,44.004015708376635,optimal
2021-02-08 04:00:00,1,5,1.1428571428571428,0.0,3.0,0.19186666666666669,5.0925,6.0,2,20.4846916963954,,,4000.0,0.0,0.0,0.0,45.38501169266825,optimal
2021-02-08 04:30:00,1,5,1.1428571428571428,0.0,3.0,0.2086,4.1895,6.0,2,20.669956887151514,,,4000.0,0.0,0.0,0.0,46.764626680975574,optimal
2021-02-08 05:00:00,1,5,1.1428571428571428,0.0,0.0,0.09226666666666668,7.056,6.0,2,20.854938887351622,,,4000.0,0.0,0.0,0.0,46.71786205429459,optimal
2021-02-08 05:30:00,1,5,1.1428571428571428,0.0,3.0,0.2447333333333333,5.271,6.0,2,21.02907560605612,,,4000.0,0.0,0.0,0.0,48.096144192240295,optimal
2021-02-08 06:00:00,1,5,1.1428571428571428,0.0,0.0,0.1623,7.938,6.0,2,21.212328362222262,,,4000.0,0.0,0.0,0.0,48.048048048048045,optimal
2021-02-08 06:30:00,1,5,1.1428571428571428,1.8577777777777778,0.0,0.2221,7.938,6.0,2,21.38910961053074,,,4000.0,0.0,0.0,1672.0,48.0,optimal
2021-02-08 07:00:00,1,5,0.0,0.23222222222222222,0.0,0.3809333333333333,11.907,6.0,2,21.573539263950817,,,0.0,0.0,0.0,209.0,47.81323916138788,optimal
2021-02-08 07:30:00,1,5,0.6586454041549492,0.46444444444444444,0.0,0.39863333333333334,11.025,6.0,2,21.46378859323625,,,2305.258914542322,0.0,0.0,418.0,47.62666508361437,optimal
2021-02-08 08:00:00,1,5,0.0,0.0,0.0,0.31739999999999996,11.2875,6.0,2,21.536713302806948,,,0.0,0.0,0.0,0.0,47.440277579918636,optimal
2021-02-08 08:30:00,1,5,0.0,1.9351851851851851,0.0,0.2643333333333333,12.936,6.0,2,21.436708534222372,,,0.0,0.0,0.0,1741.6666666666667,47.2540764637266,optimal
2021-02-08 09:00:00,1,5,0.0,0.0,0.0,1.9062666666666668,13.0095,6.0,2,21.331107166011773,,,0.0,0.0,0.0,0.0,47.068061548650746,optimal
2021-02-08 09:30:00,1,5,0.0,0.1548148148148148,0.0,0.3015333333333334,13.671,6.0,2,21.26916853671804,,,0.0,0.0,0.0,139.33333333333331,46.882232648489975,optimal
2021-02-08 10:00:00,1,5,0.0,0.1548148148148148,0.0,2.537866666666667,13.188,6.0,2,21.185667523902367,,,0.0,0.0,0.0,139.33333333333331,46.69658957722936,optimal
2021-02-08 10:30:00,1,5,0.0,0.3096296296296296,0.0,1.140766666666667,13.8495,6.0,2,21.168458978200317,,,0.0,0.0,0.0,278.66666666666663,46.51113214904001,optimal
2021-02-08 11:00:00,1,5,0.0,0.3096296296296296,0.0,0.6441666666666667,13.23,6.0,2,21.13214595732697,,,0.0,0.0,0.0,278.66666666666663,46.325860178278845,optimal
2021-02-08 11:30:00,1,5,0.0,0.0,0.0,0.1716,13.3665,6.0,2,21.064039657778387,,,0.0,0.0,0.0,0.0,46.140773479488445,optimal
2021-02-08 12:00:00,1,5,0.0,0.0,0.0,0.43189999999999995,13.0515,6.0,2,20.916903257401202,,,0.0,0.0,0.0,0.0,45.95587186739684,optimal
2021-02-08 12:30:00,1,5,0.0,0.0,0.0,0.16026666666666667,13.5345,6.0,2,20.7915246051287,,,0.0,0.0,0.0,0.0,45.77115515691732,optimal
2021-02-08 13:00:00,1,5,0.0,0.0,0.0,0.14056666666666667,14.154,6.0,2,20.65355261644962,,,0.0,0.0,0.0,0.0,45.586623163148275,optimal
2021-02-08 13:30:00,1,5,0.0,0.0,0.0,0.2139,14.112,6.0,2,20.516635303815075,,,0.0,0.0,0.0,0.0,45.40227570137301,optimal
2021-02-08 14:00:00,1,5,0.0,0.0,0.0,0.192,14.2485,6.0,2,20.386983285584012,,,0.0,0.0,0.0,0.0,45.218112587059515,optimal
2021-02-08 14:30:00,1,5,0.0,0.0,0.0,0.08256666666666666,12.789,6.0,2,20.257410334952258,,,0.0,0.0,0.0,0.0,45.034133635860336,optimal
2021-02-08 15:00:00,1,5,0.0,0.0,0.0,0.32989999999999997,13.0095,6.0,2,20.11948922119989,,,0.0,0.0,0.0,0.0,44.850338663612355,optimal
2021-02-08 15:30:00,1,5,1.1428571428571428,0.0,0.0,0.339,12.1275,6.0,2,20.0,,,4000.0,0.0,0.0,0.0,44.66672748633662,optimal
2021-02-08 16:00:00,1,5,0.12918372895311198,0.0774074074074074,0.0,0.4493333333333333,12.348,6.0,2,20.213141780898653,,,452.14305133589187,0.0,0.0,69.66666666666666,44.48329992023816,optimal
2021-02-08 16:30:00,1,5,1.1428571428571428,0.0,0.0,0.8023333333333333,12.348,6.0,2,20.170129068195987,,,4000.0,0.0,0.0,0.0,44.3000557817058,optimal
2021-02-08 17:00:00,1,5,0.0,0.1548148148148148,0.0,1.7438666666666665,25.389,6.0,2,20.418043732925394,,,0.0,0.0,0.0,139.33333333333331,44.116994887311975,optimal
2021-02-08 17:30:00,1,5,0.0,0.23222222222222222,0.0,0.6289666666666667,29.1375,6.0,2,20.424675870923505,,,0.0,0.0,0.0,209.0,43.93411705381254,optimal
2021-02-08 18:00:00,1,5,0.0,0.0,0.0,0.8947666666666666,30.597,6.0,2,20.337980887603187,,,0.0,0.0,0.0,0.0,43.751422098146605,optimal
2021-02-08 18:30:00,1,5,0.0,0.5418518518518518,0.0,1.1190666666666667,33.684,6.0,2,20.271740890471936,,,0.0,0.0,0.0,487.6666666666667,43.56890983743634,optimal
2021-02-08 19:00:00,1,5,0.0,0.0774074074074074,0.0,0.4456666666666667,32.445,6.0,2,20.23505067190843,,,0.0,0.0,0.0,69.66666666666666,43.386580088986776,optimal
2021-02-08 19:30:00,1,5,0.0,2.1674074074074072,0.0,0.6202000000000001,28.917,6.0,2,20.137895734031225,,,0.0,0.0,0.0,1950.6666666666667,43.20443267028567,optimal
2021-02-08 20:00:00,1,5,0.0,0.0,0.0,0.5580333333333333,15.876,6.0,2,20.071488664833147,,,0.0,0.0,0.0,0.0,43.02246739900326,optimal
2021-02-08 20:30:00,1,5,0.0,0.23222222222222222,0.0,0.4909,12.348,6.0,2,20.0,,,0.0,0.0,0.0,209.0,42.979444931604256,optimal
2021-02-08 21:00:00,1,5,0.0,0.6192592592592592,0.0,0.3646666666666667,12.1275,6.0,2,19.932456690927655,,,0.0,0.0,0.0,557.3333333333333,42.93646548667265,optimal
2021-02-08 21:30:00,1,5,0.0,0.387037037037037,0.0,0.4095666666666667,12.348,6.0,2,19.85469283177848,,,0.0,0.0,0.0,348.3333333333333,42.89352902118598,optimal
2021-02-08 22:00:00,1,5,0.0,0.387037037037037,0.0,0.31839999999999996,12.1275,6.0,2,19.791132773986046,,,0.0,0.0,0.0,348.3333333333333,42.85063549216479,optimal
2021-02-08 22:30:00,1,5,0.0,0.0,0.0,0.3701333333333333,12.1275,6.0,2,19.717351537954457,,,0.0,0.0,0.0,0.0,42.807784856672626,optimal
2021-02-08 23:00:00,1,5,0.0,0.0,0.0,0.1154,11.2665,6.0,2,19.63177122302868,,,0.0,0.0,0.0,0.0,42.764977071815956,optimal
2021-02-08 23:30:00,1,5,0.0,0.0,0.0,0.192,10.143,6.0,2,19.512752627847025,,,0.0,0.0,0.0,0.0,42.72221209474414,optimal
2021-02-09 00:00:00,1,5,1.1428571428571428,0.0,3.0,0.057,10.584,6.0,0,19.512752627847025,,,4000.0,0.0,0.0,0.0,44.10448988264939,optimal
2021-02-09 00:30:00,1,5,1.1428571428571428,0.0,1.4886539254817273,0.066,11.2455,6.0,0,19.687654822586705,,,4000.0,0.0,0.0,0.0,44.76749600737056,optimal
2021-02-09 01:00:00,1,5,1.095404984359021,0.1548148148148148,0.0,0.057,12.1275,6.0,0,19.8660179613401,,,3833.9174452565735,0.0,0.0,139.33333333333331,44.72272851136318,optimal
2021-02-09 01:30:00,1,5,1.1428571428571428,0.0774074074074074,0.0,0.057,11.823,6.0,0,20.05450245145758,,,4000.0,0.0,0.0,69.66666666666666,44.67800578285181,optimal
2021-02-09 02:00:00,1,5,1.1428571428571428,0.23222222222222222,0.0,0.15819999999999998,11.7705,6.0,0,20.245831133599534,,,4000.0,0.0,0.0,209.0,44.63332777706896,optimal
2021-02-09 02:30:00,1,5,1.1428571428571428,0.0,3.0,0.057,11.13,6.0,0,20.43843284169504,,,4000.0,0.0,0.0,0.0,46.01369444929189,optimal
2021-02-09 03:00:00,1,5,1.1428571428571428,0.3096296296296296,0.0,0.057,11.6865,6.0,0,20.625364948177737,,,4000.0,0.0,0.0,278.66666666666663,45.96768075484259,optimal
2021-02-09 03:30:00,1,5,1.1428571428571428,0.0,3.0,0.058,10.7205,6.0,0,20.807497657068247,,,4000.0,0.0,0.0,0.0,47.34671307408774,optimal
2021-02-09 04:00:00,1,5,1.1428571428571428,0.0,0.0,0.058,11.424,6.0,0,20.96944978430836,,,4000.0,0.0,0.0,0.0,47.299366361013654,optimal
2021-02-09 04:30:00,1,5,1.1428571428571428,0.0,3.0,0.058,10.689,6.0,0,21.130938153775414,,,4000.0,0.0,0.0,0.0,48.67706699465263,optimal
2021-02-09 05:00:00,1,5,1.1428571428571428,0.0,0.0,0.058,11.361,6.0,0,21.290469088214667,,,4000.0,0.0,0.0,0.0,48.62838992765797,optimal
2021-02-09 05:30:00,1,5,1.1428571428571428,0.0,0.0,0.058,11.571,6.0,0,21.4480572404839,,,4000.0,0.0,0.0,0.0,48.579761537730306,optimal
2021-02-09 06:00:00,1,5,0.0,0.0,0.0,0.058,14.3745,6.0,0,21.604465728166726,,,0.0,0.0,0.0,0.0,48.53118177619257,optimal
2021-02-09 06:30:00,1,5,0.0,0.0,0.0,0.058,13.23,6.0,0,21.460151089917833,,,0.0,0.0,0.0,0.0,48.48265059441637,optimal
2021-02-09 07:00:00,1,5,0.0,0.0,0.0,0.058,13.9755,6.0,0,21.316542466918946,,,0.0,0.0,0.0,0.0,48.434167943821954,optimal
2021-02-09 07:30:00,1,5,0.0,0.0,0.0,0.06366666666666666,14.994,6.0,0,21.17363457412055,,,0.0,0.0,0.0,0.0,48.38573377587813,optimal
2021-02-09 08:00:00,1,5,0.0,0.0,0.0,0.068,13.671,6.0,0,21.031047878828957,,,0.0,0.0,0.0,0.0,48.33734804210225,optimal
2021-02-09 08:30:00,1,5,0.0,0.0,0.0,0.068,15.981,6.0,0,20.888779976716723,,,0.0,0.0,0.0,0.0,48.289010694060146,optimal
2021-02-09 09:00:00,1,5,0.0,0.1548148148148148,0.0,0.12406666666666666,15.6345,6.0,0,20.748699917338225,,,0.0,0.0,0.0,139.33333333333331,48.240721683366075,optimal
2021-02-09 09:30:00,1,5,0.0,0.46444444444444444,0.0,1.1605999999999999,16.5375,6.0,0,20.632009614308018,,,0.0,0.0,0.0,418.0,48.192480961682705,optimal
2021-02-09 10:00:00,1,5,0.0,0.0,0.0,0.06873333333333334,14.7735,6.0,0,20.537941399494635,,,0.0,0.0,0.0,0.0,48.144288480721016,optimal
2021-02-09 10:30:00,1,5,0.0,0.3096296296296296,0.0,0.3007666666666666,15.2145,6.0,0,20.443553471907002,,,0.0,0.0,0.0,278.66666666666663,48.096144192240295,optimal
2021-02-09 11:00:00,1,5,0.0,0.6966666666666667,0.0,1.6384666666666667,14.553,6.0,0,20.352834913078627,,,0.0,0.0,0.0,627.0,48.048048048048045,optimal
2021-02-09 11:30:00,1,5,0.0,0.0,0.0,1.3708,14.3325,6.0,0,20.27390009256709,,,0.0,0.0,0.0,0.0,48.0,optimal
2021-02-09 12:00:00,1,5,0.0,0.0,0.0,1.0846,14.595,6.0,0,20.193221993158218,,,0.0,0.0,0.0,0.0,47.53270899035805,optimal
2021-02-09 12:30:00,1,5,0.0,0.0774074074074074,0.0,0.38739999999999997,14.994,6.0,0,20.096309346956502,,,0.0,0.0,0.0,69.66666666666666,47.06588527172575,optimal
2021-02-09 13:00:00,1,5,0.40780423198962074,0.0,0.0,0.26030000000000003,14.3325,6.0,0,20.0,,,1427.3148119636726,0.0,0.0,0.0,46.599528376812074,optimal
2021-02-09 13:30:00,1,5,0.38251412384777495,0.0,0.0,0.2597333333333333,13.8915,6.0,0,20.0,,,1338.7994334672123,0.0,0.0,0.0,46.13363783879332,optimal
2021-02-09 14:00:00,1,5,0.3836564015159442,0.0,0.0,0.2429333333333333,13.8915,6.0,0,20.0,,,1342.7974053058047,0.0,0.0,0.0,45.66821319131258,optimal
2021-02-09 14:30:00,1,5,1.1428571428571428,0.0,0.0,0.233,13.4715,6.0,0,20.0,,,4000.0,0.0,0.0,0.0,45.20325396847932,optimal
2021-02-09 15:00:00,1,5,1.1428571428571428,0.0774074074074074,0.0,0.269,13.23,6.0,0,20.207250593237067,,,4000.0,0.0,0.0,69.66666666666666,44.7387597048689,optimal
2021-02-09 15:30:00,1,5,0.446664142473052,0.387037037037037,0.0,1.0717,13.8915,6.0,0,20.428072307910337,,,1563.324498655682,0.0,0.0,348.3333333333333,44.27472993552208,optimal
2021-02-09 16:00:00,1,5,0.0,0.0,0.0,1.4284000000000001,26.9325,6.0,0,20.5102116478967,,,0.0,0.0,0.0,0.0,43.81116419594461,optimal
2021-02-09 16:30:00,1,5,0.0,0.46444444444444444,0.0,0.15380000000000002,30.303,6.0,0,20.48924145703336,,,0.0,0.0,0.0,418.0,43.348062022106724,optimal
2021-02-09 17:00:00,1,5,0.0,0.6192592592592592,0.0,0.17953333333333332,32.886,6.0,0,20.414453720233624,,,0.0,0.0,0.0,557.3333333333333,42.885422950442674,optimal
2021-02-09 17:30:00,1,5,0.0,0.0774074074074074,0.0,0.16140000000000002,34.9965,6.0,0,20.345051412817778,,,0.0,0.0,0.0,69.66666666666666,42.42324651785029,optimal
2021-02-09 18:00:00,1,5,0.0,0.23222222222222222,0.0,0.3872,33.327,6.0,0,20.258368044681347,,,0.0,0.0,0.0,209.0,41.96153226169049,optimal
2021-02-09 18:30:00,1,5,0.0,0.387037037037037,0.0,0.3238666666666667,31.122,6.0,0,20.187244085613944,,,0.0,0.0,0.0,348.3333333333333,41.50027971978686,optimal
2021-02-09 19:00:00,1,5,0.0,0.0774074074074074,0.0,0.2923,17.9025,6.0,0,20.12047667340894,,,0.0,0.0,0.0,69.66666666666666,41.03948843042513,optimal
2021-02-09 19:30:00,1,5,0.0,0.0774074074074074,0.0,0.538,15.6555,6.0,0,20.05239911671228,,,0.0,0.0,0.0,69.66666666666666,40.57915793235276,optimal
2021-02-09 20:00:00,1,5,0.17050894972254452,0.0,0.0,0.6419,14.553,6.0,0,20.0,,,596.7813240289058,0.0,0.0,0.0,40.119287764778456,optimal
2021-02-09 20:30:00,1,5,0.0,0.23222222222222222,0.0,0.17486666666666667,14.3325,6.0,0,20.0,,,0.0,0.0,0.0,209.0,39.65987746737173,optimal
2021-02-09 21:00:00,1,5,0.0,0.0,0.0,0.11159999999999999,13.335,6.0,0,19.913326249230302,,,0.0,0.0,0.0,0.0,39.20092658026241,optimal
2021-02-09 21:30:00,1,5,0.0,0.0,0.0,0.13666666666666666,12.1275,6.0,0,19.806852185830575,,,0.0,0.0,0.0,0.0,38.7424346440402,optimal
2021-02-09 22:00:00,1,5,0.0,0.0,0.0,0.2073333333333333,12.2955,6.0,0,19.69569396571582,,,0.0,0.0,0.0,0.0,38.284401199754214,optimal
2021-02-09 22:30:00,1,5,0.0,5.65074074074074,0.0,0.47413333333333335,11.6865,6.0,0,19.59101002839475,,,0.0,0.0,0.0,5085.666666666666,37.826825788912515,optimal
2021-02-09 23:00:00,1,5,0.0,0.0,0.0,0.23706666666666665,11.466,6.0,0,19.508228011671942,,,0.0,0.0,0.0,0.0,37.36970795348166,optimal
2021-02-09 23:30:00,1,5,0.0,0.0,0.0,0.23366666666666663,10.8045,6.0,0,19.415281644274433,,,0.0,0.0,0.0,0.0,37.33233824552818,optimal
2021-02-10 00:00:00,1,5,1.1428571428571428,3.5607407407407403,0.0,0.08756666666666667,11.907,6.0,2,19.415281644274433,,,4000.0,0.0,0.0,3204.6666666666665,37.29500590728265,optimal
2021-02-10 00:30:00,1,5,1.1428571428571428,0.0,0.0,0.20966666666666664,11.7075,6.0,2,19.607876243026126,,,4000.0,0.0,0.0,0.0,37.25771090137537,optimal
2021-02-10 01:00:00,1,5,1.1428571428571428,0.0,3.0,0.08766666666666667,10.8045,6.0,2,19.806775357224282,,,4000.0,0.0,0.0,0.0,38.645453190473994,optimal
2021-02-10 01:30:00,1,5,1.1428571428571428,0.0,0.0,0.22266666666666662,11.508,6.0,2,19.980321537264757,,,4000.0,0.0,0.0,0.0,38.60680773728352,optimal
2021-02-10 02:00:00,1,5,1.1428571428571428,0.0,0.0,0.0795,11.508,6.0,2,20.16192991044809,,,4000.0,0.0,0.0,0.0,38.56820092954624,optimal
2021-02-10 02:30:00,1,5,1.1428571428571428,0.0,0.0,0.23083333333333328,11.508,6.0,2,20.330708759618883,,,4000.0,0.0,0.0,0.0,38.52963272861669,optimal
2021-02-10 03:00:00,1,5,1.1428571428571428,0.0,0.0,0.07,11.844,6.0,2,20.50955723522406,,,4000.0,0.0,0.0,0.0,38.49110309588807,optimal
2021-02-10 03:30:00,1,5,1.1428571428571428,0.0,2.8486669540551715,0.07,11.508,6.0,2,20.67502239849413,,,4000.0,0.0,0.0,0.0,39.80572879596839,optimal
2021-02-10 04:00:00,1,5,1.1428571428571428,0.0,3.0,0.127,11.508,6.0,2,20.839248931888896,,,4000.0,0.0,0.0,0.0,41.19092306717241,optimal
2021-02-10 04:30:00,1,5,1.1428571428571428,0.0,3.0,0.1833333333333333,10.4475,6.0,2,21.006514727635867,,,4000.0,0.0,0.0,0.0,42.57473214410523,optimal
2021-02-10 05:00:00,1,5,1.1428571428571428,0.0,3.0,0.07,10.8675,6.0,2,21.175998534799334,,,4000.0,0.0,0.0,0.0,43.95715741196112,optimal
2021-02-10 05:30:00,1,5,1.1428571428571428,0.0,3.0,0.127,10.542,6.0,2,21.334977740193814,,,4000.0,0.0,0.0,0.0,45.33820025454915,optimal
2021-02-10 06:00:00,1,5,1.1428571428571428,0.0,3.0,0.1833333333333333,11.025,6.0,2,21.496286913681907,,,4000.0,0.0,0.0,0.0,46.71786205429459,optimal
2021-02-10 06:30:00,1,5,1.1428571428571428,0.0,3.0,0.2898,11.025,6.0,2,21.65985868833663,,,4000.0,0.0,0.0,0.0,48.096144192240295,optimal
2021-02-10 07:00:00,1,5,0.24992076548218686,1.026422222222222,0.0,0.1313666666666667,14.553,6.0,2,21.8346967244824,,,874.722679187654,0.0,0.0,923.7799999999999,48.048048048048045,optimal
2021-02-10 07:30:00,1,5,1.1428571428571428,1.4506148148148148,0.0,0.6063,13.0935,6.0,2,21.77933914726528,,,4000.0,0.0,0.0,1305.5533333333333,48.0,optimal
2021-02-10 08:00:00,1,5,0.0,0.6966666666666667,0.0,1.0400333333333334,15.6345,6.0,2,22.0,,,0.0,0.0,0.0,627.0,47.81372281381454,optimal
2021-02-10 08:30:00,1,5,0.0,0.1548148148148148,0.0,0.10616666666666669,18.102,6.0,2,21.938233839517338,,,0.0,0.0,0.0,139.33333333333331,47.627631904815274,optimal
2021-02-10 09:00:00,1,5,0.0,0.0,0.0,0.1833333333333333,17.199,6.0,2,21.79665940289191,,,0.0,0.0,0.0,0.0,47.441727086725,optimal
2021-02-10 09:30:00,1,5,0.0,0.0,0.0,0.14033333333333334,18.2805,6.0,2,21.644798604925615,,,0.0,0.0,0.0,0.0,47.25600817345282,optimal
2021-02-10 10:00:00,1,5,0.0,0.23222222222222222,0.0,0.3123,17.4615,6.0,2,21.496021075301638,,,0.0,0.0,0.0,209.0,47.07047497909391,optimal
2021-02-10 10:30:00,1,5,0.0,0.0,0.0,0.2513333333333333,18.3225,6.0,2,21.375962890582226,,,0.0,0.0,0.0,0.0,46.88512731792936,optimal
2021-02-10 11:00:00,1,5,0.0,0.0,0.0,0.07866666666666668,17.094,6.0,2,21.254958228374843,,,0.0,0.0,0.0,0.0,46.69996500442598,optimal
2021-02-10 11:30:00,1,5,0.0,5.017548148148148,0.0,1.0966666666666667,17.094,6.0,2,21.122152911781445,,,0.0,0.0,0.0,4515.793333333333,46.51498785323609,optimal
2021-02-10 12:00:00,1,5,0.0,1.7943037037037042,0.0,1.1402,17.094,6.0,2,21.025047564043604,,,0.0,0.0,0.0,1614.873333333334,46.3301956791974,optimal
2021-02-10 12:30:00,1,5,0.0,0.0,0.0,0.17366666666666666,17.3565,6.0,2,20.92102524608301,,,0.0,0.0,0.0,0.0,46.14558829733275,optimal
2021-02-10 13:00:00,1,5,0.0,0.0,0.0,0.1751,17.115,6.0,2,20.77741893824546,,,0.0,0.0,0.0,0.0,45.96116552284996,optimal
2021-02-10 13:30:00,1,5,0.0,0.0,0.0,0.36976666666666663,17.241,6.0,2,20.63358108218885,,,0.0,0.0,0.0,0.0,45.77692717114166,optimal
2021-02-10 14:00:00,1,5,0.0,0.0,0.0,0.11156666666666666,17.094,6.0,2,20.50294122963625,,,0.0,0.0,0.0,0.0,45.59287305778506,optimal
2021-02-10 14:30:00,1,5,1.1428571428571428,0.0,0.0,0.138,16.5165,6.0,2,20.363989583561075,,,4000.0,0.0,0.0,0.0,45.40900299854182,optimal
2021-02-10 15:00:00,1,5,0.0,0.0,0.0,0.15016666666666667,17.8185,6.0,2,20.528742235028147,,,0.0,0.0,0.0,0.0,45.22531680935783,optimal
2021-02-10 15:30:00,1,5,0.8579251995322259,0.0,0.0,0.09216666666666669,17.094,6.0,2,20.39362043201621,,,3002.7381983627906,0.0,0.0,0.0,45.041814306363015,optimal
2021-02-10 16:00:00,1,5,1.1428571428571428,0.0,0.0,0.11843333333333333,16.8945,6.0,2,20.478538736595883,,,4000.0,0.0,0.0,0.0,44.858495305871195,optimal
2021-02-10 16:30:00,1,5,0.0,0.23222222222222222,0.0,0.27726666666666666,18.123,6.0,2,20.642242903724146,,,0.0,0.0,0.0,209.0,44.675359624379865,optimal
2021-02-10 17:00:00,1,5,0.0,0.3096296296296296,0.0,0.25993333333333335,31.647,6.0,2,20.52974571325491,,,0.0,0.0,0.0,278.66666666666663,44.49240707857003,optimal
2021-02-10 17:30:00,1,5,0.0,0.0,0.0,0.3425666666666667,34.9965,6.0,2,20.432769315796143,,,0.0,0.0,0.0,0.0,44.309637485306006,optimal
2021-02-10 18:00:00,1,5,0.0,0.0774074074074074,0.0,0.3688,34.9965,6.0,2,20.350545241750932,,,0.0,0.0,0.0,69.66666666666666,44.127050661635245,optimal
2021-02-10 18:30:00,1,5,0.0,0.0774074074074074,0.0,0.36860000000000004,34.9965,6.0,2,20.27601843589278,,,0.0,0.0,0.0,69.66666666666666,44.08292361097361,optimal
2021-02-10 19:00:00,1,5,0.0,3.251111111111111,0.0,0.3174666666666666,34.9965,6.0,2,20.201361773629365,,,0.0,0.0,0.0,2926.0,44.03884068736264,optimal
2021-02-10 19:30:00,1,5,0.0,0.23222222222222222,0.0,0.3631333333333333,34.9965,6.0,2,20.122736965156548,,,0.0,0.0,0.0,209.0,43.99480184667527,optimal
2021-02-10 20:00:00,1,5,0.0,0.8514814814814814,0.0,0.5931000000000001,27.741,6.0,2,20.05463663869257,,,0.0,0.0,0.0,766.3333333333333,43.9508070448286,optimal
2021-02-10 20:30:00,1,5,0.0,0.0,0.0,0.38780000000000003,19.026,6.0,2,20.0,,,0.0,0.0,0.0,0.0,43.90685623778377,optimal
2021-02-10 21:00:00,1,5,0.0,0.3096296296296296,0.0,0.45926666666666666,18.7215,6.0,2,19.922859256293478,,,0.0,0.0,0.0,278.66666666666663,43.86294938154599,optimal
2021-02-10 21:30:00,1,5,0.0,0.3096296296296296,0.0,0.411,17.4195,6.0,2,19.849775920740505,,,0.0,0.0,0.0,278.66666666666663,43.81908643216444,optimal
2021-02-10 22:00:00,1,5,0.0,0.1548148148148148,0.0,0.431,16.758,6.0,2,19.761522607136893,,,0.0,0.0,0.0,139.33333333333331,43.775267345732274,optimal
2021-02-10 22:30:00,1,5,0.0,0.23222222222222222,0.0,0.39166666666666666,14.217,6.0,2,19.68002527345356,,,0.0,0.0,0.0,209.0,43.731492078386545,optimal
2021-02-10 23:00:00,1,5,0.0,2.2448148148148146,0.0,0.33346666666666663,13.3665,6.0,2,19.593946534021175,,,0.0,0.0,0.0,2020.3333333333333,43.68776058630816,optimal
2021-02-10 23:30:00,1,5,0.0,0.0,0.0,0.4835,12.789,6.0,2,19.504179400641384,,,0.0,0.0,0.0,0.0,43.64407282572185,optimal
2021-02-11 00:00:00,1,5,1.1428571428571428,0.0,0.0,0.058,12.0855,6.0,-1,19.504179400641384,,,4000.0,0.0,0.0,0.0,43.60042875289613,optimal
2021-02-11 00:30:00,1,5,1.1428571428571428,0.0,0.0,0.20980000000000001,11.6865,6.0,-1,19.649271114046726,,,4000.0,0.0,0.0,0.0,43.55682832414323,optimal
2021-02-11 01:00:00,1,5,1.1428571428571428,0.0,0.0,0.058,11.2245,6.0,-1,19.805393291904835,,,4000.0,0.0,0.0,0.0,43.51327149581909,optimal
2021-02-11 01:30:00,1,5,1.1428571428571428,0.0,0.0,0.13390000000000002,11.025,6.0,-1,19.94972734401739,,,4000.0,0.0,0.0,0.0,43.46975822432327,optimal
2021-02-11 02:00:00,1,5,1.1428571428571428,0.0,3.0,0.13390000000000002,10.7835,6.0,-1,20.09866495308697,,,4000.0,0.0,0.0,0.0,44.85128846609894,optimal
2021-02-11 02:30:00,1,5,1.1428571428571428,0.0,0.0,0.058,11.025,6.0,-1,20.246487653323154,,,4000.0,0.0,0.0,0.0,44.806437177632844,optimal
2021-02-11 03:00:00,1,5,1.1428571428571428,0.0,3.0,0.20980000000000001,10.584,6.0,-1,20.38677121149388,,,4000.0,0.0,0.0,0.0,46.18663074045521,optimal
2021-02-11 03:30:00,1,5,1.1428571428571428,0.0,1.7239226099725389,0.058,11.025,6.0,-1,20.536624077910453,,,4000.0,0.0,0.0,0.0,46.959307349451706,optimal
2021-02-11 04:00:00,1,5,1.1428571428571428,0.0,3.0,0.10629999999999999,10.4265,6.0,-1,20.675858610662893,,,4000.0,0.0,0.0,0.0,48.33734804210225,optimal
2021-02-11 04:30:00,1,5,1.1428571428571428,0.0,0.0,0.1615,12.789,6.0,-1,20.81953939928806,,,4000.0,0.0,0.0,0.0,48.289010694060146,optimal
2021-02-11 05:00:00,1,5,1.1428571428571428,0.0,0.0,0.06066666666666666,12.684,6.0,-1,20.96627845192241,,,4000.0,0.0,0.0,0.0,48.240721683366075,optimal
2021-02-11 05:30:00,1,5,1.1428571428571428,0.0,0.0,0.21980000000000002,16.254,6.0,-1,21.104168137998474,,,4000.0,0.0,0.0,0.0,48.192480961682705,optimal
2021-02-11 06:00:00,1,5,0.0,0.0,0.0,0.06533333333333333,17.64,6.0,-1,21.254265062681213,,,0.0,0.0,0.0,0.0,48.144288480721016,optimal
2021-02-11 06:30:00,1,5,0.0,0.0,0.0,0.12866666666666665,19.1625,6.0,-1,21.094189534729516,,,0.0,0.0,0.0,0.0,48.096144192240295,optimal
2021-02-11 07:00:00,1,5,0.0,0.387037037037037,0.0,0.2593666666666667,26.46,6.0,-1,20.95470504006924,,,0.0,0.0,0.0,348.3333333333333,48.048048048048045,optimal
2021-02-11 07:30:00,1,5,0.0,0.46444444444444444,0.0,0.1601,20.79,6.0,-1,20.855288099696935,,,0.0,0.0,0.0,418.0,48.0,optimal
2021-02-11 08:00:00,1,5,0.0,0.0774074074074074,0.0,0.2078,29.106,6.0,-1,20.76330771340188,,,0.0,0.0,0.0,69.66666666666666,47.760871028686864,optimal
2021-02-11 08:30:00,1,5,0.0,0.1548148148148148,0.0,0.2591666666666667,19.1835,6.0,-1,20.656948235522087,,,0.0,0.0,0.0,139.33333333333331,47.521981186345045,optimal
2021-02-11 09:00:00,1,5,0.0,0.0,0.0,0.05733333333333333,19.6665,6.0,-1,20.530311893211802,,,0.0,0.0,0.0,0.0,47.28333023384557,optimal
2021-02-11 09:30:00,1,5,0.0,0.0,0.0,0.2697,19.404,6.0,-1,20.362948770024822,,,0.0,0.0,0.0,0.0,47.04491793229859,optimal
2021-02-11 10:00:00,1,5,0.0,0.23222222222222222,0.0,2.0888,19.047,6.0,-1,20.241154688003093,,,0.0,0.0,0.0,209.0,46.80674404305316,optimal
2021-02-11 10:30:00,1,5,0.10734656544108359,0.0,0.0,2.7372666666666667,18.858,6.0,-1,20.165199623878244,,,375.7129790437926,0.0,0.0,0.0,46.56880832769697,optimal
2021-02-11 11:00:00,1,5,0.0,0.0,0.0,0.5685333333333333,19.2675,6.0,-1,20.121344327792723,,,0.0,0.0,0.0,0.0,46.33111054805614,optimal
2021-02-11 11:30:00,1,5,0.4487324893967725,6.424814814814814,0.0,0.16626666666666667,18.963,6.0,-1,20.0,,,1570.5637128887038,0.0,0.0,5782.333333333333,46.09365046619495,optimal
2021-02-11 12:00:00,1,5,0.8134336763322311,0.0,0.0,0.2205,18.438,6.0,-1,20.0,,,2847.0178671628087,0.0,0.0,0.0,45.85642784441562,optimal
2021-02-11 12:30:00,1,5,0.0,0.0774074074074074,0.0,0.1253,18.7425,6.0,-1,20.10800384427603,,,0.0,0.0,0.0,69.66666666666666,45.61944244525807,optimal
2021-02-11 13:00:00,1,5,1.1428571428571428,0.0,0.0,0.37139999999999995,15.2145,6.0,-1,20.0,,,4000.0,0.0,0.0,0.0,45.38269403149968,optimal
2021-02-11 13:30:00,1,5,0.0,0.1548148148148148,0.0,0.353,17.7765,6.0,-1,20.233106536035205,,,0.0,0.0,0.0,139.33333333333331,45.146182366155045,optimal
2021-02-11 14:00:00,1,5,0.1273345608000361,0.0,0.0,0.4505,16.758,6.0,-1,20.17713223883243,,,445.67096280012635,0.0,0.0,0.0,44.90990721247576,optimal
2021-02-11 14:30:00,1,5,1.1428571428571428,0.0,0.0,0.47173333333333334,16.422,6.0,-1,20.16338448179681,,,4000.0,0.0,0.0,0.0,44.673868333950146,optimal
2021-02-11 15:00:00,1,5,1.1428571428571428,0.0,0.0,0.3802,16.758,6.0,-1,20.40932391627504,,,4000.0,0.0,0.0,0.0,44.43806549430306,optimal
2021-02-11 15:30:00,1,5,0.0,0.0,0.0,0.39973333333333333,29.358,6.0,-1,20.641871643127185,,,0.0,0.0,0.0,0.0,44.20249845749562,optimal
2021-02-11 16:00:00,1,5,0.0,0.5418518518518518,0.0,1.4909333333333334,34.9965,6.0,-1,20.57229605394669,,,0.0,0.0,0.0,487.6666666666667,43.967166987724994,optimal
2021-02-11 16:30:00,1,5,0.0,0.0,0.0,3.2588666666666666,34.65,6.0,-1,20.527081180258506,,,0.0,0.0,0.0,0.0,43.73207084942413,optimal
2021-02-11 17:00:00,1,5,0.0,0.3096296296296296,0.0,1.3622,34.9965,6.0,-1,20.50727107066833,,,0.0,0.0,0.0,278.66666666666663,43.49720980726158,optimal
2021-02-11 17:30:00,1,5,0.0,0.0,0.0,0.16576666666666667,34.9965,6.0,-1,20.42060664881211,,,0.0,0.0,0.0,0.0,43.26258362614118,optimal
2021-02-11 18:00:00,1,5,0.0,0.0774074074074074,0.0,0.1572333333333333,30.4815,6.0,-1,20.28556562794228,,,0.0,0.0,0.0,69.66666666666666,43.02819207120191,optimal
2021-02-11 18:30:00,1,5,0.0,0.6192592592592592,0.0,0.3105,21.4305,6.0,-1,20.12741791306103,,,0.0,0.0,0.0,557.3333333333333,42.79403490781757,optimal
2021-02-11 19:00:00,1,5,0.5085257127945149,0.0,0.0,0.22476666666666667,14.3325,6.0,-1,20.0,,,1779.839994780802,0.0,0.0,0.0,42.56011190159662,optimal
2021-02-11 19:30:00,1,5,1.1428571428571428,0.0,0.0,0.22693333333333332,13.692,6.0,-1,20.0,,,4000.0,0.0,0.0,0.0,42.32642281838189,optimal
2021-02-11 20:00:00,1,5,0.006094687009673491,0.387037037037037,0.0,0.071,14.007,6.0,-1,20.155559456912357,,,21.331404533857217,0.0,0.0,348.3333333333333,42.092967424250375,optimal
2021-02-11 20:30:00,1,5,0.0,0.0774074074074074,0.0,0.2109,12.873,6.0,-1,20.0,,,0.0,0.0,0.0,69.66666666666666,41.85974548551299,optimal
2021-02-11 21:00:00,1,5,0.0,0.0,0.0,0.2034333333333333,12.684,6.0,-1,19.860849574901447,,,0.0,0.0,0.0,0.0,41.626756768714344,optimal
2021-02-11 21:30:00,1,5,0.0,0.0,0.0,0.3944666666666666,12.306,6.0,-1,19.74024682316368,,,0.0,0.0,0.0,0.0,41.394001040632496,optimal
2021-02-11 22:00:00,1,5,0.0,0.23222222222222222,0.0,1.3576666666666668,10.6365,6.0,-1,19.65148955242388,,,0.0,0.0,0.0,209.0,41.16147806827873,optimal
2021-02-11 22:30:00,1,5,0.0,0.0,0.0,0.4405,11.2455,6.0,-1,19.579835053580226,,,0.0,0.0,0.0,0.0,41.12031659021046,optimal
2021-02-11 23:00:00,1,5,0.0,0.0,0.0,0.09559999999999999,11.2455,6.0,-1,19.48965077873279,,,0.0,0.0,0.0,0.0,41.07919627362025,optimal
2021-02-11 23:30:00,1,5,0.0,0.0,0.0,0.19219999999999998,11.025,6.0,-1,19.315657210498614,,,0.0,0.0,0.0,0.0,41.03811707734663,optimal
2021-02-12 00:00:00,1,5,1.1428571428571428,4.721851851851852,1.2772685325805506,0.21130000000000002,10.3635,6.0,0,19.315657210498614,,,4000.0,0.0,0.0,4249.666666666667,41.60378151324504,optimal
2021-02-12 00:30:00,1,5,1.1428571428571428,0.0,0.0,0.2842333333333333,10.8045,6.0,0,19.45292627043802,,,4000.0,0.0,0.0,0.0,41.56217773173179,optimal
2021-02-12 01:00:00,1,5,1.1428571428571428,0.0,0.0,0.3373333333333333,11.025,6.0,0,19.597375502118375,,,4000.0,0.0,0.0,0.0,41.52061555400005,optimal
2021-02-12 01:30:00,1,5,1.1428571428571428,0.0774074074074074,3.0,0.47333333333333333,10.3635,6.0,0,19.744582685686005,,,4000.0,0.0,0.0,69.66666666666666,42.90409493844604,optimal
2021-02-12 02:00:00,1,5,1.1428571428571428,0.0,0.0,0.08273333333333334,10.8045,6.0,0,19.901284269956086,,,4000.0,0.0,0.0,0.0,42.8611908435076,optimal
2021-02-12 02:30:00,1,5,1.1428571428571428,0.0,3.0,0.07,10.059,6.0,0,20.01572892309478,,,4000.0,0.0,0.0,0.0,44.24332965266409,optimal
2021-02-12 03:00:00,1,5,1.1428571428571428,0.0,0.0,0.21006666666666662,10.584,6.0,0,20.130609021286503,,,4000.0,0.0,0.0,0.0,44.199086323011414,optimal
2021-02-12 03:30:00,1,5,1.1428571428571428,0.0,3.0,0.07,9.4185,6.0,0,20.25736420245588,,,4000.0,0.0,0.0,0.0,45.5798872366884,optimal
2021-02-12 04:00:00,1,5,1.1428571428571428,0.0,3.0,0.2037,10.3635,6.0,0,20.377921224906412,,,4000.0,0.0,0.0,0.0,46.959307349451706,optimal
2021-02-12 04:30:00,1,5,1.1428571428571428,0.0,3.0,0.07636666666666667,9.8385,6.0,0,20.512828344587536,,,4000.0,0.0,0.0,0.0,48.33734804210225,optimal
2021-02-12 05:00:00,1,5,1.1428571428571428,0.0,0.0,0.15913333333333332,11.067,6.0,0,20.64242985702017,,,4000.0,0.0,0.0,0.0,48.289010694060146,optimal
2021-02-12 05:30:00,1,5,1.1428571428571428,0.0,0.0,0.12093333333333334,10.8465,6.0,0,20.782499462760605,,,4000.0,0.0,0.0,0.0,48.240721683366075,optimal
2021-02-12 06:00:00,1,5,0.0,0.0,0.0,0.07,13.671,6.0,0,20.92464841418988,,,0.0,0.0,0.0,0.0,48.192480961682705,optimal
2021-02-12 06:30:00,1,5,0.6884232863774148,0.0,0.0,0.17186666666666667,12.348,6.0,0,20.768355279049388,,,2409.4815023209517,0.0,0.0,0.0,48.144288480721016,optimal
2021-02-12 07:00:00,1,5,0.0,0.0,0.0,1.9285999999999999,14.3325,6.0,0,20.80205071375726,,,0.0,0.0,0.0,0.0,48.096144192240295,optimal
2021-02-12 07:30:00,1,5,0.0,3.833214814814815,0.0,0.7228,15.393,6.0,0,20.709000549384076,,,0.0,0.0,0.0,3449.8933333333334,48.048048048048045,optimal
2021-02-12 08:00:00,1,5,0.0,1.7401185185185184,0.0,1.8848666666666662,13.587,6.0,0,20.605700556055968,,,0.0,0.0,0.0,1566.1066666666666,48.0,optimal
2021-02-12 08:30:00,1,5,0.0,0.0,0.0,0.36219999999999997,16.1385,6.0,0,20.53991319096008,,,0.0,0.0,0.0,0.0,47.857178056668,optimal
2021-02-12 09:00:00,1,5,0.0,2.4770370370370367,0.0,1.637,14.595,6.0,0,20.392384812168903,,,0.0,0.0,0.0,2229.333333333333,47.71449893527933,optimal
2021-02-12 09:30:00,1,5,0.0,0.0,0.0,1.0096,14.637,6.0,0,20.246985380609583,,,0.0,0.0,0.0,0.0,47.57196249301205,optimal
2021-02-12 10:00:00,1,5,0.0,0.5418518518518518,0.0,0.3953,13.9125,6.0,0,20.14670631323605,,,0.0,0.0,0.0,487.6666666666667,47.42956858718704,optimal
2021-02-12 10:30:00,1,5,0.0,0.0,0.0,0.5931000000000001,13.3665,6.0,0,20.07108244043198,,,0.0,0.0,0.0,0.0,47.28731707526786,optimal
2021-02-12 11:00:00,1,5,0.36300638044954037,0.3096296296296296,0.0,1.5769666666666666,13.0095,6.0,0,20.0,,,1270.5223315733913,0.0,0.0,278.66666666666663,47.14520781486059,optimal
2021-02-12 11:30:00,1,5,0.0,0.0,0.0,0.2071,13.8915,6.0,0,20.075367032049936,,,0.0,0.0,0.0,0.0,47.00324066371373,optimal
2021-02-12 12:00:00,1,5,0.17841830227745223,0.0774074074074074,0.0,1.9679666666666666,13.188,6.0,0,20.0,,,624.4640579710828,0.0,0.0,69.66666666666666,46.86141547971802,optimal
2021-02-12 12:30:00,1,5,0.2983712675621502,0.46444444444444444,0.0,0.686,12.5685,6.0,0,20.0,,,1044.2994364675258,0.0,0.0,418.0,46.7197321209063,optimal
2021-02-12 13:00:00,1,5,0.5207813762754818,0.0,0.0,0.07,12.285,6.0,0,20.0,,,1822.7348169641864,0.0,0.0,0.0,46.578190445453394,optimal
2021-02-12 13:30:00,1,5,1.1428571428571428,0.0774074074074074,0.0,0.43089999999999995,11.487,6.0,0,20.0,,,4000.0,0.0,0.0,69.66666666666666,46.43679031167594,optimal
2021-02-12 14:00:00,1,5,0.0,0.3096296296296296,0.0,2.041166666666667,11.802,6.0,0,20.19468572008902,,,0.0,0.0,0.0,278.66666666666663,46.29553157803227,optimal
2021-02-12 14:30:00,1,5,1.1428571428571428,0.0,0.0,0.188,11.2245,6.0,0,20.091279724446846,,,4000.0,0.0,0.0,0.0,46.154414103122235,optimal
2021-02-12 15:00:00,1,5,1.1428571428571428,0.1548148148148148,0.0,0.33926666666666666,11.025,6.0,0,20.274954195606373,,,4000.0,0.0,0.0,139.33333333333331,46.01343774568711,optimal
2021-02-12 15:30:00,1,5,0.5578159640777609,0.23222222222222222,0.0,0.2918,11.907,6.0,0,20.485132363376575,,,1952.355874272163,0.0,0.0,209.0,45.87260236460943,optimal
2021-02-12 16:00:00,1,5,0.0,0.1548148148148148,0.0,0.5588,25.83,6.0,0,20.555148974514072,,,0.0,0.0,0.0,139.33333333333331,45.731907818912816,optimal
2021-02-12 16:30:00,1,5,0.0,0.1548148148148148,0.0,1.7140666666666666,28.035,6.0,0,20.478291454771373,,,0.0,0.0,0.0,139.33333333333331,45.591353967761904,optimal
2021-02-12 17:00:00,1,5,0.0,0.0774074074074074,0.0,0.2336,28.119,6.0,0,20.411942844455496,,,0.0,0.0,0.0,69.66666666666666,45.45094067046214,optimal
2021-02-12 17:30:00,1,5,0.0,0.1548148148148148,0.0,0.2,30.156,6.0,0,20.339481694492342,,,0.0,0.0,0.0,139.33333333333331,45.310667786459675,optimal
2021-02-12 18:00:00,1,5,0.0,0.23222222222222222,0.0,0.3273333333333333,29.1585,6.0,0,20.273559314852562,,,0.0,0.0,0.0,209.0,45.170535175341215,optimal
2021-02-12 18:30:00,1,5,0.0,0.0,0.0,0.2997333333333333,26.712,6.0,0,20.2228087789089,,,0.0,0.0,0.0,0.0,45.03054269683387,optimal
2021-02-12 19:00:00,1,5,0.0,0.0,0.0,0.08,15.435,6.0,0,20.160398795780484,,,0.0,0.0,0.0,0.0,44.985512154137034,optimal
2021-02-12 19:30:00,1,5,0.0,0.387037037037037,0.0,0.33213333333333334,13.566,6.0,0,20.09106220190098,,,0.0,0.0,0.0,348.3333333333333,44.9405266419829,optimal
2021-02-12 20:00:00,1,5,0.0,0.3096296296296296,0.0,2.2361,12.789,6.0,0,20.04309578687837,,,0.0,0.0,0.0,278.66666666666663,44.89558611534092,optimal
2021-02-12 20:30:00,1,5,0.0,0.387037037037037,0.0,0.37639999999999996,12.1275,6.0,0,20.0,,,0.0,0.0,0.0,348.3333333333333,44.85069052922558,optimal
2021-02-12 21:00:00,1,5,0.0,0.46444444444444444,0.0,0.5870666666666667,13.671,6.0,0,19.927064857093853,,,0.0,0.0,0.0,418.0,44.80583983869636,optimal
2021-02-12 21:30:00,1,5,0.0,0.387037037037037,0.0,0.3353333333333333,10.668,6.0,0,19.886503578507174,,,0.0,0.0,0.0,348.3333333333333,44.76103399885766,optimal
2021-02-12 22:00:00,1,5,0.0,0.0,0.0,0.07,11.7285,6.0,0,19.81306536923682,,,0.0,0.0,0.0,0.0,44.7162729648588,optimal
2021-02-12 22:30:00,1,5,0.0,0.0,0.0,0.07,11.025,6.0,0,19.681863900273942,,,0.0,0.0,0.0,0.0,44.67155669189395,optimal
2021-02-12 23:00:00,1,5,0.0,0.0,0.0,0.21006666666666662,10.689,6.0,0,19.5516445719377,,,0.0,0.0,0.0,0.0,44.62688513520205,optimal
2021-02-12 23:30:00,1,5,0.0,0.0,0.0,0.06866666666666667,8.1585,6.0,0,19.432889354933298,,,0.0,0.0,0.0,0.0,44.58225825006685,optimal
2021-02-13 00:00:00,1,5,1.1428571428571428,0.0,0.0,0.064,8.1585,6.0,-3,19.432889354933298,,,4000.0,0.0,0.0,0.0,44.53767599181678,optimal
2021-02-13 00:30:00,1,5,1.1428571428571428,0.0,0.0,0.2099333333333333,9.4815,6.0,-3,19.604325720185482,,,4000.0,0.0,0.0,0.0,44.493138315824964,optimal
2021-02-13 01:00:00,1,5,1.1428571428571428,0.0,0.0,0.09253333333333331,8.379,6.0,-3,19.785781709999107,,,4000.0,0.0,0.0,0.0,44.44864517750914,optimal
2021-02-13 01:30:00,1,5,1.1428571428571428,0.0,0.0,0.2216,9.5235,6.0,-3,19.957461794137558,,,4000.0,0.0,0.0,0.0,44.40419653233163,optimal
2021-02-13 02:00:00,1,5,1.1428571428571428,0.0,2.7668454640310434,0.19666666666666663,8.1375,6.0,-3,20.137896566255574,,,4000.0,0.0,0.0,0.0,45.67404393121404,optimal
2021-02-13 02:30:00,1,5,0.019644374017679732,0.0,0.0,0.17743333333333333,10.0905,6.0,-3,20.315487727756484,,,68.75530906187906,0.0,0.0,0.0,45.628369887282815,optimal
2021-02-13 03:00:00,1,5,1.1428571428571428,0.0,3.0,0.1367,7.539,6.0,-3,20.195905800583027,,,4000.0,0.0,0.0,0.0,47.00774151739553,optimal
2021-02-13 03:30:00,1,5,1.1428571428571428,0.0,3.0,0.19666666666666663,7.938,6.0,-3,20.368571931687274,,,4000.0,0.0,0.0,0.0,48.38573377587813,optimal
2021-02-13 04:00:00,1,5,1.1428571428571428,0.0,0.0,0.12376666666666668,8.274,6.0,-3,20.544062029217894,,,4000.0,0.0,0.0,0.0,48.33734804210225,optimal
2021-02-13 04:30:00,1,5,1.1428571428571428,0.0,0.0,0.1129,9.261,6.0,-3,20.712404825051763,,,4000.0,0.0,0.0,0.0,48.289010694060146,optimal
2021-02-13 05:00:00,1,5,1.1428571428571428,0.0,0.0,0.24559999999999998,9.9225,6.0,-3,20.877925091649235,,,4000.0,0.0,0.0,0.0,48.240721683366075,optimal
2021-02-13 05:30:00,1,5,1.1428571428571428,0.0,0.0,0.09253333333333331,9.702,6.0,-3,21.05139538875613,,,4000.0,0.0,0.0,0.0,48.192480961682705,optimal
2021-02-13 06:00:00,1,5,1.1428571428571428,0.0,0.0,0.064,10.584,6.0,-3,21.21135568948301,,,4000.0,0.0,0.0,0.0,48.144288480721016,optimal
2021-02-13 06:30:00,1,5,1.1428571428571428,0.0,0.0,0.21246666666666666,10.143,6.0,-3,21.367233187564004,,,4000.0,0.0,0.0,0.0,48.096144192240295,optimal
2021-02-13 07:00:00,1,5,0.0,0.0,0.0,0.24066666666666664,13.0095,6.0,-3,21.532687921943324,,,0.0,0.0,0.0,0.0,48.048048048048045,optimal
2021-02-13 07:30:00,1,5,0.0,0.23222222222222222,0.0,0.13586666666666666,11.025,6.0,-3,21.40161060074589,,,0.0,0.0,0.0,209.0,48.0,optimal
2021-02-13 08:00:00,1,5,0.0,0.0774074074074074,0.0,0.17543333333333333,12.789,6.0,-3,21.28172688088354,,,0.0,0.0,0.0,69.66666666666666,47.70084400441008,optimal
2021-02-13 08:30:00,1,5,0.0,0.0,0.0,0.20686666666666667,12.1275,6.0,-3,21.15251102248467,,,0.0,0.0,0.0,0.0,47.40198716481575,optimal
2021-02-13 09:00:00,1,5,0.0,0.0,0.0,0.2435,12.1695,6.0,-3,20.999981078244762,,,0.0,0.0,0.0,0.0,47.103429182061014,optimal
2021-02-13 09:30:00,1,5,0.0,0.0,0.0,0.07066666666666667,12.306,6.0,-3,20.851710625132245,,,0.0,0.0,0.0,0.0,46.805169757289036,optimal
2021-02-13 10:00:00,1,5,0.0,0.0,0.0,0.32126666666666664,13.23,6.0,-3,20.692979113623725,,,0.0,0.0,0.0,0.0,46.507208591941826,optimal
2021-02-13 10:30:00,1,5,0.0,0.0,0.0,0.08896666666666667,13.671,6.0,-3,20.55637377190677,,,0.0,0.0,0.0,0.0,46.20954538775997,optimal
2021-02-13 11:00:00,1,5,0.0,0.0,0.0,0.17930000000000001,13.9335,6.0,-3,20.4039685122013,,,0.0,0.0,0.0,0.0,45.91217984678229,optimal
2021-02-13 11:30:00,1,5,0.0,0.0,0.0,0.09659999999999999,13.293,6.0,-3,20.25984330383132,,,0.0,0.0,0.0,0.0,45.61511167134559,optimal
2021-02-13 12:00:00,1,5,0.0,0.0774074074074074,0.0,1.4440666666666666,12.1065,6.0,-3,20.11097802346377,,,0.0,0.0,0.0,69.66666666666666,45.31834056408432,optimal
2021-02-13 12:30:00,1,5,0.436012198879079,0.1548148148148148,0.0,0.5203333333333334,11.571,6.0,-3,20.0,,,1526.0426960767766,0.0,0.0,139.33333333333331,45.02186622793032,optimal
2021-02-13 13:00:00,1,5,1.1428571428571428,0.46444444444444444,0.0,0.2512333333333333,11.025,6.0,-3,20.0,,,4000.0,0.0,0.0,418.0,44.72568836611247,optimal
2021-02-13 13:30:00,1,5,1.1428571428571428,0.0,0.0,0.35286666666666666,10.8465,6.0,-3,20.174051856282066,,,4000.0,0.0,0.0,0.0,44.42980668215644,optimal
2021-02-13 14:00:00,1,5,1.1428571428571428,0.0,0.0,0.34603333333333336,11.2455,6.0,-3,20.35601822186439,,,4000.0,0.0,0.0,0.0,44.13422087988437,optimal
2021-02-13 14:30:00,1,5,0.0,0.0,0.0,0.9703333333333334,23.8665,6.0,-3,20.53736051780962,,,0.0,0.0,0.0,0.0,43.838930663414565,optimal
2021-02-13 15:00:00,1,5,0.0,0.0,0.0,1.1870333333333334,27.4575,6.0,-3,20.464983702227393,,,0.0,0.0,0.0,0.0,43.543935737161235,optimal
2021-02-13 15:30:00,1,5,0.0,0.0,0.0,1.8580666666666663,27.3735,6.0,-3,20.398597725003814,,,0.0,0.0,0.0,0.0,43.249235805834154,optimal
2021-02-13 16:00:00,1,5,0.0,0.1548148148148148,0.0,0.15133333333333335,30.4605,6.0,-3,20.337288657827504,,,0.0,0.0,0.0,139.33333333333331,42.954830574438404,optimal
2021-02-13 16:30:00,1,5,0.0,0.1548148148148148,0.0,0.6417666666666666,30.0195,6.0,-3,20.22366121618987,,,0.0,0.0,0.0,139.33333333333331,42.66071974827405,optimal
2021-02-13 17:00:00,1,5,0.0,0.1548148148148148,0.0,1.7245666666666666,26.9325,6.0,-3,20.15596648120099,,,0.0,0.0,0.0,139.33333333333331,42.36690303293585,optimal
2021-02-13 17:30:00,1,5,0.0,0.0774074074074074,0.0,0.8462333333333334,14.595,6.0,-3,20.121466631196597,,,0.0,0.0,0.0,69.66666666666666,42.073380134313,optimal
2021-02-13 18:00:00,1,5,0.014596024830426902,0.0774074074074074,0.0,0.2761,12.4845,6.0,-3,20.072381030727957,,,51.08608690649416,0.0,0.0,69.66666666666666,41.78015075858877,optimal
2021-02-13 18:30:00,1,5,0.20313477398191548,0.387037037037037,0.0,0.385,12.1275,6.0,-3,20.0,,,710.9717089367042,0.0,0.0,348.3333333333333,41.73837060783018,optimal
2021-02-13 19:00:00,1,5,0.5563602648600084,2.4770370370370367,0.0,0.5464,12.1275,6.0,-3,20.0,,,1947.2609270100297,0.0,0.0,2229.333333333333,41.696632237222346,optimal
2021-02-13 19:30:00,1,5,0.0,0.0774074074074074,0.0,0.4075,12.789,6.0,-3,20.073953814080316,,,0.0,0.0,0.0,69.66666666666666,41.65493560498513,optimal
2021-02-13 20:00:00,1,5,0.11704613803460369,0.1548148148148148,0.0,0.8171333333333334,11.907,6.0,-3,20.0,,,409.6614831211129,0.0,0.0,139.33333333333331,41.61328066938014,optimal
2021-02-13 20:30:00,1,5,0.0,0.0,0.0,0.41523333333333334,11.025,6.0,-3,20.0,,,0.0,0.0,0.0,0.0,41.57166738871076,optimal
2021-02-13 21:00:00,1,5,0.0,0.0,0.0,0.5355666666666667,8.2005,6.0,-3,19.942768426527635,,,0.0,0.0,0.0,0.0,41.53009572132205,optimal
2021-02-13 21:30:00,1,5,0.0,0.0,0.0,0.5119,9.5655,6.0,-3,19.885827979170156,,,0.0,0.0,0.0,0.0,41.48856562560073,optimal
2021-02-13 22:00:00,1,5,0.0,0.387037037037037,0.0,0.5274333333333333,7.056,6.0,-3,19.819016816552853,,,0.0,0.0,0.0,348.3333333333333,41.44707705997513,optimal
2021-02-13 22:30:00,1,5,0.0,6.347407407407407,0.0,0.6702666666666667,9.3975,6.0,-3,19.75820022665184,,,0.0,0.0,0.0,5712.666666666666,41.40562998291515,optimal
2021-02-13 23:00:00,1,5,0.0,0.23222222222222222,0.0,0.7504333333333333,10.059,6.0,-3,19.708273145862034,,,0.0,0.0,0.0,209.0,41.36422435293223,optimal
2021-02-13 23:30:00,1,5,0.0,0.46444444444444444,0.0,0.49,9.261,6.0,-3,19.67800333206435,,,0.0,0.0,0.0,418.0,41.3228601285793,optimal
2021-02-07 00:00:00,2,5,0.0,0.0,0.0,0.067,6.615,6.0,-4,21.0,,,0.0,0.0,0.0,0.0,47.952,optimal
2021-02-07 00:30:00,2,5,0.0,0.0,0.0,0.064,6.174,6.0,-4,20.884713752224155,,,0.0,0.0,0.0,0.0,47.904047999999996,optimal
2021-02-07 01:00:00,2,5,1.1428571428571428,0.0,0.0,0.14366666666666666,3.906,6.0,-4,20.769541933387924,,,4000.0,0.0,0.0,0.0,47.856143952,optimal
2021-02-07 01:30:00,2,5,1.1428571428571428,0.0,0.0,0.08166666666666667,2.3415,6.0,-4,20.960226726286372,,,4000.0,0.0,0.0,0.0,47.80828780804799,optimal
2021-02-07 02:00:00,2,5,1.1428571428571428,0.0,0.0,0.1851,2.205,6.0,-4,21.14446675388209,,,4000.0,0.0,0.0,0.0,47.76047952023995,optimal
2021-02-07 02:30:00,2,5,1.1428571428571428,0.0,1.7230794431007799,0.2299,0.882,6.0,-4,21.33469924358295,,,4000.0,0.0,0.0,0.0,48.53118177619257,optimal
2021-02-07 03:00:00,2,5,1.1428571428571428,0.0,0.0,0.09820000000000001,1.5435,6.0,-4,21.526114112797128,,,4000.0,0.0,0.0,0.0,48.48265059441637,optimal
2021-02-07 03:30:00,2,5,1.1428571428571428,0.0,0.0,0.08683333333333333,1.5435,6.0,-4,21.705484765649068,,,4000.0,0.0,0.0,0.0,48.434167943821954,optimal
2021-02-07 04:00:00,2,5,1.1428571428571428,0.0,0.0,0.1385,5.0715,6.0,-4,21.882287180718816,,,4000.0,0.0,0.0,0.0,48.38573377587813,optimal
2021-02-07 04:30:00,2,5,1.1428571428571428,0.0,0.0,0.28786666666666666,5.376,6.0,-4,22.061261028045585,,,4000.0,0.0,0.0,0.0,48.33734804210225,optimal
2021-02-07 05:00:00,2,5,1.1428571428571428,0.0,0.0,0.15916666666666665,5.0715,6.0,-4,22.25008090478219,,,4000.0,0.0,0.0,0.0,48.289010694060146,optimal
2021-02-07 05:30:00,2,5,0.31232979259056876,0.0,0.0,0.09716666666666668,5.5125,6.0,-4,22.42784922923866,,,1093.1542740669906,0.0,0.0,0.0,48.240721683366075,optimal
2021-02-07 06:00:00,2,5,0.0,0.0,0.0,0.21496666666666667,9.261,6.0,-4,22.381955690044414,,,0.0,0.0,0.0,0.0,48.192480961682705,optimal
2021-02-07 06:30:00,2,5,0.0,0.0,0.0,0.2122333333333333,11.7075,6.0,-4,22.26336329606172,,,0.0,0.0,0.0,0.0,48.144288480721016,optimal
2021-02-07 07:00:00,2,5,0.0,0.0,0.0,0.17196666666666666,12.348,6.0,-4,22.14463034468568,,,0.0,0.0,0.0,0.0,48.096144192240295,optimal
2021-02-07 07:30:00,2,5,0.0,0.0,0.0,0.15519999999999998,12.348,6.0,-4,22.023196715996267,,,0.0,0.0,0.0,0.0,48.048048048048045,optimal
2021-02-07 08:00:00,2,5,0.0,0.1548148148148148,0.0,1.3369000000000002,12.1275,6.0,-4,21.900942653369064,,,0.0,0.0,0.0,139.33333333333331,48.0,optimal
2021-02-07 08:30:00,2,5,0.0,0.6192592592592592,0.0,0.2374,12.5265,6.0,-4,21.81501229227251,,,0.0,0.0,0.0,557.3333333333333,47.85866858037277,optimal
2021-02-07 09:00:00,2,5,0.0,0.1548148148148148,0.0,0.182,11.7495,6.0,-4,21.708735707929453,,,0.0,0.0,0.0,139.33333333333331,47.71747849216517,optimal
2021-02-07 09:30:00,2,5,0.0,1.548148148148148,0.0,0.3017666666666666,13.23,6.0,-4,21.59763324037086,,,0.0,0.0,0.0,1393.3333333333333,47.57642959404578,optimal
2021-02-07 10:00:00,2,5,0.0,0.23222222222222222,0.0,0.3254666666666666,14.3325,6.0,-4,21.497529608343445,,,0.0,0.0,0.0,209.0,47.435521744824506,optimal
2021-02-07 10:30:00,2,5,0.0,0.0,0.0,0.9972666666666667,14.994,6.0,-4,21.409535696854537,,,0.0,0.0,0.0,0.0,47.294754803452456,optimal
2021-02-07 11:00:00,2,5,0.0,0.0,0.0,0.2862,14.8155,6.0,-4,21.29091255468831,,,0.0,0.0,0.0,0.0,47.15412862902178,optimal
2021-02-07 11:30:00,2,5,0.0,0.0,0.0,1.1804000000000001,14.112,6.0,-4,21.161709844903125,,,0.0,0.0,0.0,0.0,47.013643080765526,optimal
2021-02-07 12:00:00,2,5,0.0,0.3096296296296296,0.0,0.8623666666666667,14.007,6.0,-4,21.036672034262022,,,0.0,0.0,0.0,278.66666666666663,46.87329801805753,optimal
2021-02-07 12:30:00,2,5,0.0,0.387037037037037,0.0,0.4604666666666666,13.23,6.0,-4,20.956372261199316,,,0.0,0.0,0.0,348.3333333333333,46.73309330041225,optimal
2021-02-07 13:00:00,2,5,0.0,0.0,0.0,0.44289999999999996,11.382,6.0,-4,20.86192064131014,,,0.0,0.0,0.0,0.0,46.59302878748461,optimal
2021-02-07 13:30:00,2,5,0.0,0.0,0.0,0.6824666666666667,11.7495,6.0,-4,20.768707765002144,,,0.0,0.0,0.0,0.0,46.4531043390699,optimal
2021-02-07 14:00:00,2,5,0.0,0.1548148148148148,0.0,2.6065666666666667,24.3285,6.0,-4,20.705341437559767,,,0.0,0.0,0.0,139.33333333333331,46.313319815103604,optimal
2021-02-07 14:30:00,2,5,0.0,0.387037037037037,0.0,3.8318333333333334,28.917,6.0,-4,20.653149809171147,,,0.0,0.0,0.0,348.3333333333333,46.17367507566127,optimal
2021-02-07 15:00:00,2,5,0.0,0.0,0.0,0.4473333333333333,31.3635,6.0,-4,20.61833708016101,,,0.0,0.0,0.0,0.0,46.03416998095838,optimal
2021-02-07 15:30:00,2,5,0.0,0.23222222222222222,0.0,0.8515,33.306,6.0,-4,20.534489475815054,,,0.0,0.0,0.0,209.0,45.8948043913502,optimal
2021-02-07 16:00:00,2,5,0.0,0.0,0.0,0.6212333333333333,31.3425,6.0,-4,20.48263636277998,,,0.0,0.0,0.0,0.0,45.75557816733162,optimal
2021-02-07 16:30:00,2,5,0.0,0.5418518518518518,0.0,2.7543,28.2555,6.0,-4,20.410734408662645,,,0.0,0.0,0.0,487.6666666666667,45.61649116953706,optimal
2021-02-07 17:00:00,2,5,0.0,0.0,0.0,4.199966666666667,15.6975,6.0,-4,20.366065892401657,,,0.0,0.0,0.0,0.0,45.4775432587403,optimal
2021-02-07 17:30:00,2,5,0.0,0.6966666666666667,0.0,3.0915333333333335,12.5475,6.0,-4,20.35254504066703,,,0.0,0.0,0.0,627.0,45.33873429585433,optimal
2021-02-07 18:00:00,2,5,0.0,0.1548148148148148,0.0,2.017533333333333,12.0855,6.0,-4,20.296496808083646,,,0.0,0.0,0.0,139.33333333333331,45.20006414193125,optimal
2021-02-07 18:30:00,2,5,0.0,0.46444444444444444,0.0,0.4534333333333333,11.907,6.0,-4,20.239402520676897,,,0.0,0.0,0.0,418.0,45.06153265816209,optimal
2021-02-07 19:00:00,2,5,0.0,0.387037037037037,0.0,0.5989333333333333,12.5685,6.0,-4,20.1784526244438,,,0.0,0.0,0.0,348.3333333333333,44.92313970587671,optimal
2021-02-07 19:30:00,2,5,0.0,0.0,0.0,0.4578333333333333,13.146,6.0,-4,20.118395677473085,,,0.0,0.0,0.0,0.0,44.7848851465436,optimal
2021-02-07 20:00:00,2,5,0.0,0.0,0.0,2.2039333333333335,10.584,6.0,-4,20.043558563661108,,,0.0,0.0,0.0,0.0,44.646768841769834,optimal
2021-02-07 20:30:00,2,5,0.0,0.1548148148148148,0.0,1.9599666666666666,6.678,6.0,-4,20.0,,,0.0,0.0,0.0,139.33333333333331,44.508790653300835,optimal
2021-02-07 21:00:00,2,5,0.0,0.0,0.0,2.4116666666666666,7.938,6.0,-4,19.929820086728494,,,0.0,0.0,0.0,0.0,44.370950443020305,optimal
2021-02-07 21:30:00,2,5,0.0,0.387037037037037,0.0,1.7289,5.292,6.0,-4,19.87634090353567,,,0.0,0.0,0.0,348.3333333333333,44.23324807295006,optimal
2021-02-07 22:00:00,2,5,0.0,0.0774074074074074,0.0,0.347,9.261,6.0,-4,19.83457264711729,,,0.0,0.0,0.0,69.66666666666666,44.18901482487711,optimal
2021-02-07 22:30:00,2,5,0.0,0.0,0.0,0.3816666666666667,10.3635,6.0,-4,19.75557766319818,,,0.0,0.0,0.0,0.0,44.14482581005223,optimal
2021-02-07 23:00:00,2,5,0.0,0.0,0.0,0.2758333333333333,8.274,6.0,-4,19.659617255681688,,,0.0,0.0,0.0,0.0,44.10068098424218,optimal
2021-02-07 23:30:00,2,5,0.0,0.0,0.0,2.2209333333333334,7.7175,6.0,-4,19.55538911371628,,,0.0,0.0,0.0,0.0,44.05658030325794,optimal
2021-02-08 00:00:00,2,5,0.0,0.0,0.0,0.037666666666666654,11.025,6.0,1,19.55538911371628,,,0.0,0.0,0.0,0.0,44.01252372295468,optimal
2021-02-08 00:30:00,2,5,1.1428571428571428,0.0,0.0,0.098,5.9745,6.0,1,19.440332274635182,,,4000.0,0.0,0.0,0.0,43.96851119923173,optimal
2021-02-08 01:00:00,2,5,1.1428571428571428,0.0,0.0,0.078,7.938,6.0,1,19.627935655814948,,,4000.0,0.0,0.0,0.0,43.924542688032496,optimal
2021-02-08 01:30:00,2,5,1.1428571428571428,0.0,0.0,0.088,8.6835,6.0,1,19.812636924624503,,,4000.0,0.0,0.0,0.0,43.880618145344464,optimal
2021-02-08 02:00:00,2,5,1.1428571428571428,0.0,0.0,0.088,7.665,6.0,1,19.996330160517896,,,4000.0,0.0,0.0,0.0,43.83673752719912,optimal
2021-02-08 02:30:00,2,5,1.1428571428571428,0.0,0.0,0.038,6.7725,6.0,1,20.178274028641592,,,4000.0,0.0,0.0,0.0,43.79290078967192,optimal
2021-02-08 03:00:00,2,5,1.1428571428571428,0.0,0.3334275518251598,0.043,5.5755,6.0,1,20.35548579507833,,,4000.0,0.0,0.0,0.0,43.9074859759992,optimal
2021-02-08 03:30:00,2,5,1.1428571428571428,0.0,3.0,0.133,5.0925,6.0,1,20.53211972714573,,,4000.0,0.0,0.0,0.0,45.28857849002319,optimal
2021-02-08 04:00:00,2,5,1.1428571428571428,0.0,3.0,0.043,4.1895,6.0,1,20.713797062155912,,,4000.0,0.0,0.0,0.0,46.66828991153316,optimal
2021-02-08 04:30:00,2,5,1.1428571428571428,0.0,0.0,0.133,7.056,6.0,1,20.887000193344324,,,4000.0,0.0,0.0,0.0,46.62162162162162,optimal
2021-02-08 05:00:00,2,5,1.1428571428571428,0.0,3.0,0.2268,5.271,6.0,1,21.064898122366383,,,4000.0,0.0,0.0,0.0,48.0,optimal
2021-02-08 05:30:00,2,5,1.1428571428571428,0.3096296296296296,0.0,0.16966666666666666,7.938,6.0,1,21.252797721040974,,,4000.0,0.0,0.0,278.66666666666663,47.86035744402322,optimal
2021-02-08 06:00:00,2,5,1.1428571428571428,2.2448148148148146,0.0,0.2287,7.938,6.0,1,21.43109066056152,,,4000.0,0.0,0.0,2020.3333333333333,47.72085453060242,optimal
2021-02-08 06:30:00,2,5,0.0,0.0,0.0,0.33686666666666665,11.907,6.0,1,21.62095480916182,,,0.0,0.0,0.0,0.0,47.581491120095045,optimal
2021-02-08 07:00:00,2,5,0.8642710515163355,0.0,0.0,0.24766666666666662,11.025,6.0,1,21.51844519152113,,,3024.9486803071745,0.0,0.0,0.0,47.44226707299817,optimal
2021-02-08 07:30:00,2,5,0.0,0.0774074074074074,0.0,1.2948,11.2875,6.0,1,21.640926616491683,,,0.0,0.0,0.0,69.66666666666666,47.3031822499484,optimal
2021-02-08 08:00:00,2,5,0.0,1.7803703703703702,0.0,1.0611,12.936,6.0,1,21.550718732124427,,,0.0,0.0,0.0,1602.3333333333333,47.164236511721676,optimal
2021-02-08 08:30:00,2,5,0.0,0.0,0.0,0.193,13.0095,6.0,1,21.443904143676622,,,0.0,0.0,0.0,0.0,47.02542971923318,optimal
2021-02-08 09:00:00,2,5,0.0,1.975437037037037,0.0,0.4477,13.671,6.0,1,21.340126105338037,,,0.0,0.0,0.0,1777.8933333333334,46.88676173353717,optimal
2021-02-08 09:30:00,2,5,0.0,1.0434518518518519,0.0,0.238,13.188,6.0,1,21.250452813628055,,,0.0,0.0,0.0,939.1066666666667,46.748232415826855,optimal
2021-02-08 10:00:00,2,5,0.0,0.0,0.0,0.7889666666666667,13.8495,6.0,1,21.15872940044136,,,0.0,0.0,0.0,0.0,46.60984162743425,optimal
2021-02-08 10:30:00,2,5,0.0,0.0,0.0,1.0209,13.23,6.0,1,21.096065744798064,,,0.0,0.0,0.0,0.0,46.47158922983004,optimal
2021-02-08 11:00:00,2,5,0.0,0.0,0.0,0.39280000000000004,13.3665,6.0,1,21.029478698360016,,,0.0,0.0,0.0,0.0,46.33347508462343,optimal
2021-02-08 11:30:00,2,5,0.0,0.0,0.0,0.2513333333333333,13.0515,6.0,1,20.92589011977126,,,0.0,0.0,0.0,0.0,46.19549905356203,optimal
2021-02-08 12:00:00,2,5,0.0,0.0,0.0,0.048,13.5345,6.0,1,20.80556784099222,,,0.0,0.0,0.0,0.0,46.057660998531695,optimal
2021-02-08 12:30:00,2,5,0.0,0.0,0.0,0.138,14.154,6.0,1,20.65778834288385,,,0.0,0.0,0.0,0.0,45.919960781556384,optimal
2021-02-08 13:00:00,2,5,0.0,0.0,0.0,0.058,14.112,6.0,1,20.519352159683592,,,0.0,0.0,0.0,0.0,45.782398264798054,optimal
2021-02-08 13:30:00,2,5,0.0,0.0,0.0,0.048,14.2485,6.0,1,20.377458376567187,,,0.0,0.0,0.0,0.0,45.64497331055648,optimal
2021-02-08 14:00:00,2,5,0.0,0.0,0.0,0.2307,12.789,6.0,1,20.23662646768872,,,0.0,0.0,0.0,0.0,45.507685781269146,optimal
2021-02-08 14:30:00,2,5,0.0,0.0,0.0,0.15766666666666665,13.0095,6.0,1,20.118818148629156,,,0.0,0.0,0.0,0.0,45.3705355395111,optimal
2021-02-08 15:00:00,2,5,1.1428571428571428,0.0,0.0,0.048,12.1275,6.0,1,20.0,,,4000.0,0.0,0.0,0.0,45.233522447994815,optimal
2021-02-08 15:30:00,2,5,1.0048186803501624,0.0774074074074074,0.0,0.4248,12.348,6.0,1,20.16004878656685,,,3516.865381225569,0.0,0.0,69.66666666666666,45.096646369570045,optimal
2021-02-08 16:00:00,2,5,1.1428571428571428,0.6192592592592592,0.0,0.30443333333333333,12.348,6.0,1,20.341374148661885,,,4000.0,0.0,0.0,557.3333333333333,44.9599071672237,optimal
2021-02-08 16:30:00,2,5,0.0,0.0,0.0,0.187,25.389,6.0,1,20.559369257943374,,,0.0,0.0,0.0,0.0,44.823304704079696,optimal
2021-02-08 17:00:00,2,5,0.0,0.3096296296296296,0.0,0.32239999999999996,29.1375,6.0,1,20.466263001942053,,,0.0,0.0,0.0,278.66666666666663,44.68683884339884,optimal
2021-02-08 17:30:00,2,5,0.0,0.3096296296296296,0.0,0.35833333333333334,30.597,6.0,1,20.395511799746252,,,0.0,0.0,0.0,278.66666666666663,44.550509448578666,optimal
2021-02-08 18:00:00,2,5,0.0,0.387037037037037,0.0,0.2388333333333333,33.684,6.0,1,20.321162006488976,,,0.0,0.0,0.0,348.3333333333333,44.41431638315331,optimal
2021-02-08 18:30:00,2,5,0.0,0.3096296296296296,0.0,0.5068,32.445,6.0,1,20.23177769064719,,,0.0,0.0,0.0,278.66666666666663,44.27825951079338,optimal
2021-02-08 19:00:00,2,5,0.0,0.3096296296296296,0.0,0.4138,28.917,6.0,1,20.15736595170864,,,0.0,0.0,0.0,278.66666666666663,44.14233869530582,optimal
2021-02-08 19:30:00,2,5,0.0,0.0,0.0,0.5647000000000001,15.876,6.0,1,20.07481408530525,,,0.0,0.0,0.0,0.0,44.00655380063373,optimal
2021-02-08 20:00:00,2,5,0.2988935825898198,0.3096296296296296,0.0,0.484,12.348,6.0,1,20.0,,,1046.1275390643693,0.0,0.0,278.66666666666663,43.87090469085632,optimal
2021-02-08 20:30:00,2,5,0.0,0.23222222222222222,0.0,0.5276666666666666,12.1275,6.0,1,20.0,,,0.0,0.0,0.0,209.0,43.73539123018869,optimal
2021-02-08 21:00:00,2,5,0.0,0.0,0.0,0.263,12.348,6.0,1,19.91971074090252,,,0.0,0.0,0.0,0.0,43.6916558389585,optimal
2021-02-08 21:30:00,2,5,0.0,0.0,0.0,0.36186666666666667,12.1275,6.0,1,19.83388448725483,,,0.0,0.0,0.0,0.0,43.64796418311955,optimal
2021-02-08 22:00:00,2,5,0.0,0.0,0.0,0.6551333333333333,12.1275,6.0,1,19.758410734306345,,,0.0,0.0,0.0,0.0,43.604316218936425,optimal
2021-02-08 22:30:00,2,5,0.0,0.46444444444444444,0.0,0.3586333333333333,11.2665,6.0,1,19.704697320015267,,,0.0,0.0,0.0,418.0,43.560711902717486,optimal
2021-02-08 23:00:00,2,5,0.0,0.0,0.0,1.231,10.143,6.0,1,19.626316113186096,,,0.0,0.0,0.0,0.0,43.517151190814765,optimal
2021-02-08 23:30:00,2,5,0.0,0.0,0.0,0.23836666666666667,11.2455,6.0,1,19.555214298631856,,,0.0,0.0,0.0,0.0,43.47363403962395,optimal
2021-02-09 00:00:00,2,5,1.1428571428571428,0.23222222222222222,2.094498161798936,0.1711,11.2455,6.0,-1,19.555214298631856,,,4000.0,0.0,0.0,209.0,44.425047032438826,optimal
2021-02-09 00:30:00,2,5,1.0548925502182245,0.0,0.0,0.218,12.1275,6.0,-1,19.74268188099419,,,3692.123925763786,0.0,0.0,0.0,44.38062198540638,optimal
2021-02-09 01:00:00,2,5,1.1428571428571428,0.0,0.0,0.188,11.823,6.0,-1,19.914895970361115,,,4000.0,0.0,0.0,0.0,44.33624136342097,optimal
2021-02-09 01:30:00,2,5,1.1428571428571428,0.0,0.0,0.069,11.7705,6.0,-1,20.10349005316577,,,4000.0,0.0,0.0,0.0,44.29190512205755,optimal
2021-02-09 02:00:00,2,5,1.1428571428571428,0.0,3.0,0.056,11.13,6.0,-1,20.277160370599184,,,4000.0,0.0,0.0,0.0,45.67261321693549,optimal
2021-02-09 02:30:00,2,5,1.1428571428571428,0.0,0.0,0.147,11.6865,6.0,-1,20.447808517110225,,,4000.0,0.0,0.0,0.0,45.626940603718545,optimal
2021-02-09 03:00:00,2,5,1.1428571428571428,0.0,3.0,0.056,10.7205,6.0,-1,20.624368337109555,,,4000.0,0.0,0.0,0.0,47.006313663114824,optimal
2021-02-09 03:30:00,2,5,1.1428571428571428,0.0,0.0,0.0625,11.424,6.0,-1,20.793165948035462,,,4000.0,0.0,0.0,0.0,46.959307349451706,optimal
2021-02-09 04:00:00,2,5,1.1428571428571428,0.0,3.0,0.1405,10.689,6.0,-1,20.96193533012348,,,4000.0,0.0,0.0,0.0,48.33734804210225,optimal
2021-02-09 04:30:00,2,5,1.1428571428571428,0.0,0.0,0.056,11.361,6.0,-1,21.136031191907193,,,4000.0,0.0,0.0,0.0,48.289010694060146,optimal
2021-02-09 05:00:00,2,5,1.1428571428571428,0.0,0.0,0.056,11.571,6.0,-1,21.301747200032686,,,4000.0,0.0,0.0,0.0,48.240721683366075,optimal
2021-02-09 05:30:00,2,5,0.0,0.0,0.0,0.147,14.3745,6.0,-1,21.4654741261091,,,0.0,0.0,0.0,0.0,48.192480961682705,optimal
2021-02-09 06:00:00,2,5,0.0,0.0,0.0,0.056,13.23,6.0,-1,21.33523795693981,,,0.0,0.0,0.0,0.0,48.144288480721016,optimal
2021-02-09 06:30:00,2,5,0.0,0.0,0.0,0.15566666666666665,13.9755,6.0,-1,21.199161887766596,,,0.0,0.0,0.0,0.0,48.096144192240295,optimal
2021-02-09 07:00:00,2,5,0.0,0.0,0.0,0.5461333333333334,14.994,6.0,-1,21.070544976666547,,,0.0,0.0,0.0,0.0,48.048048048048045,optimal
2021-02-09 07:30:00,2,5,0.0,0.1548148148148148,0.0,0.19163333333333332,13.671,6.0,-1,20.98009540668056,,,0.0,0.0,0.0,139.33333333333331,48.0,optimal
2021-02-09 08:00:00,2,5,0.0,0.5418518518518518,0.0,0.16140000000000002,15.981,6.0,-1,20.868373531151935,,,0.0,0.0,0.0,487.6666666666667,47.617931816875696,optimal
2021-02-09 08:30:00,2,5,0.0,6.579629629629631,0.0,0.07806666666666666,15.6345,6.0,-1,20.753189707998832,,,0.0,0.0,0.0,5921.666666666668,47.23624570193452,optimal
2021-02-09 09:00:00,2,5,0.0,0.1548148148148148,0.0,0.12463333333333335,16.5375,6.0,-1,20.624451707946125,,,0.0,0.0,0.0,139.33333333333331,46.85494127310829,optimal
2021-02-09 09:30:00,2,5,0.0,0.0,0.0,0.18986666666666668,14.7735,6.0,-1,20.510481320165287,,,0.0,0.0,0.0,0.0,46.474018148710876,optimal
2021-02-09 10:00:00,2,5,0.0,0.0,0.0,0.07806666666666666,15.2145,6.0,-1,20.40416549989404,,,0.0,0.0,0.0,0.0,46.09347594743786,optimal
2021-02-09 10:30:00,2,5,0.0,0.0774074074074074,0.0,0.184,14.553,6.0,-1,20.289692999373507,,,0.0,0.0,0.0,69.66666666666666,45.71331428836612,optimal
2021-02-09 11:00:00,2,5,0.0,0.0774074074074074,0.0,0.15766666666666665,14.3325,6.0,-1,20.196214047741144,,,0.0,0.0,0.0,69.66666666666666,45.333532790953456,optimal
2021-02-09 11:30:00,2,5,0.0,0.0,0.0,0.6029666666666667,14.595,6.0,-1,20.114075691221053,,,0.0,0.0,0.0,0.0,44.9541310750382,optimal
2021-02-09 12:00:00,2,5,0.0,0.1548148148148148,0.0,1.4905,14.994,6.0,-1,20.051391890415427,,,0.0,0.0,0.0,139.33333333333331,44.57510876083886,optimal
2021-02-09 12:30:00,2,5,0.3093343441318653,0.0,0.0,0.3459333333333333,14.3325,6.0,-1,20.0,,,1082.6702044615286,0.0,0.0,0.0,44.19646546895372,optimal
2021-02-09 13:00:00,2,5,0.32322137484676144,0.1548148148148148,0.0,0.4719,13.8915,6.0,-1,20.0,,,1131.274811963665,0.0,0.0,139.33333333333331,43.81820082036046,optimal
2021-02-09 13:30:00,2,5,1.1052936490978704,0.1548148148148148,0.0,0.3944,13.8915,6.0,-1,20.0,,,3868.527771842547,0.0,0.0,139.33333333333331,43.4403144364158,optimal
2021-02-09 14:00:00,2,5,1.1428571428571428,0.0,0.0,0.9983,13.4715,6.0,-1,20.19380346856969,,,4000.0,0.0,0.0,0.0,43.06280593885508,optimal
2021-02-09 14:30:00,2,5,1.1428571428571428,0.0,0.0,0.9647,13.23,6.0,-1,20.40159566746618,,,4000.0,0.0,0.0,0.0,42.685674949791924,optimal
2021-02-09 15:00:00,2,5,1.1428571428571428,0.0,0.0,0.1439,13.8915,6.0,-1,20.605903922780307,,,4000.0,0.0,0.0,0.0,42.30892109171783,optimal
2021-02-09 15:30:00,2,5,0.0,0.0,0.0,0.38039999999999996,26.9325,6.0,-1,20.79032386618742,,,0.0,0.0,0.0,0.0,41.93254398750181,optimal
2021-02-09 16:00:00,2,5,0.0,0.46444444444444444,0.0,0.3562666666666667,30.303,6.0,-1,20.694464129099078,,,0.0,0.0,0.0,418.0,41.55654326039001,optimal
2021-02-09 16:30:00,2,5,0.0,0.0,0.0,0.106,32.886,6.0,-1,20.595847159997575,,,0.0,0.0,0.0,0.0,41.180918534005315,optimal
2021-02-09 17:00:00,2,5,0.0,0.0774074074074074,0.0,0.3708666666666667,34.9965,6.0,-1,20.4978648738161,,,0.0,0.0,0.0,69.66666666666666,40.80566943234701,optimal
2021-02-09 17:30:00,2,5,0.0,0.23222222222222222,0.0,0.35333333333333333,33.327,6.0,-1,20.420286957818814,,,0.0,0.0,0.0,209.0,40.43079557979036,optimal
2021-02-09 18:00:00,2,5,0.0,0.1548148148148148,0.0,0.27763333333333334,31.122,6.0,-1,20.332733354543425,,,0.0,0.0,0.0,139.33333333333331,40.056296601086274,optimal
2021-02-09 18:30:00,2,5,0.0,0.387037037037037,0.0,0.2949333333333333,17.9025,6.0,-1,20.239747059024573,,,0.0,0.0,0.0,348.3333333333333,39.682172121360885,optimal
2021-02-09 19:00:00,2,5,0.0,0.0,0.0,0.066,15.6555,6.0,-1,20.141520554043545,,,0.0,0.0,0.0,0.0,39.308421766115224,optimal
2021-02-09 19:30:00,2,5,0.535889902103487,0.0,0.0,0.066,14.553,6.0,-1,20.0,,,1875.6146573622043,0.0,0.0,0.0,38.93504516122481,optimal
2021-02-09 20:00:00,2,5,0.535889902103487,0.0,0.0,0.066,14.3325,6.0,-1,20.0,,,1875.6146573622043,0.0,0.0,0.0,38.56204193293928,optimal
2021-02-09 20:30:00,2,5,0.0,0.0,0.0,0.157,13.335,6.0,-1,20.0,,,0.0,0.0,0.0,0.0,38.18941170788204,optimal
2021-02-09 21:00:00,2,5,0.0,2.5544444444444445,0.0,0.2276,12.1275,6.0,-1,19.8656050728436,,,0.0,0.0,0.0,2299.0,37.81715411304985,optimal
2021-02-09 21:30:00,2,5,0.0,0.3096296296296296,0.0,0.3441666666666667,12.2955,6.0,-1,19.762715913906508,,,0.0,0.0,0.0,278.66666666666663,37.7793369589368,optimal
2021-02-09 22:00:00,2,5,0.0,0.0,0.0,0.346,11.6865,6.0,-1,19.689070014876453,,,0.0,0.0,0.0,0.0,37.74155762197787,optimal
2021-02-09 22:30:00,2,5,0.0,0.0774074074074074,0.0,0.41953333333333337,11.466,6.0,-1,19.61664003041697,,,0.0,0.0,0.0,69.66666666666666,37.70381606435589,optimal
2021-02-09 23:00:00,2,5,0.0,0.1548148148148148,0.0,0.335,10.8045,6.0,-1,19.56139221495174,,,0.0,0.0,0.0,139.33333333333331,37.66611224829153,optimal
2021-02-09 23:30:00,2,5,0.0,2.1674074074074072,0.0,0.335,10.584,6.0,-1,19.503552309342187,,,0.0,0.0,0.0,1950.6666666666667,37.628446136043245,optimal
2021-02-10 00:00:00,2,5,1.1428571428571428,0.1548148148148148,2.357800205522551,0.2718,11.844,6.0,-4,19.503552309342187,,,4000.0,0.0,0.0,139.33333333333331,38.710772787530416,optimal
2021-02-10 00:30:00,2,5,1.1428571428571428,0.0,3.0,0.0986,11.508,6.0,-4,19.708314463386095,,,4000.0,0.0,0.0,0.0,40.09706201474288,optimal
2021-02-10 01:00:00,2,5,1.1428571428571428,0.0,3.0,0.2048,11.508,6.0,-4,19.901107225545655,,,4000.0,0.0,0.0,0.0,41.481964952728134,optimal
2021-02-10 01:30:00,2,5,1.1428571428571428,0.0,3.0,0.168,10.4475,6.0,-4,20.083385654823704,,,4000.0,0.0,0.0,0.0,42.8654829877754,optimal
2021-02-10 02:00:00,2,5,1.1428571428571428,0.0,3.0,0.12026666666666667,10.8675,6.0,-4,20.26079513891917,,,4000.0,0.0,0.0,0.0,44.24761750478761,optimal
2021-02-10 02:30:00,2,5,1.1428571428571428,0.0,3.0,0.25253333333333333,10.542,6.0,-4,20.432553349245055,,,4000.0,0.0,0.0,0.0,45.628369887282815,optimal
2021-02-10 03:00:00,2,5,1.1428571428571428,0.0,3.0,0.06,11.025,6.0,-4,20.61293101734477,,,4000.0,0.0,0.0,0.0,47.00774151739553,optimal
2021-02-10 03:30:00,2,5,1.1428571428571428,0.0,3.0,0.3128,11.025,6.0,-4,20.777539974051436,,,4000.0,0.0,0.0,0.0,48.38573377587813,optimal
2021-02-10 04:00:00,2,5,1.1428571428571428,0.0,0.0,0.06,14.553,6.0,-4,20.959848415081254,,,4000.0,0.0,0.0,0.0,48.33734804210225,optimal
2021-02-10 04:30:00,2,5,1.1428571428571428,0.0,0.0,0.1802333333333333,13.0935,6.0,-4,21.121860436912893,,,4000.0,0.0,0.0,0.0,48.289010694060146,optimal
2021-02-10 05:00:00,2,5,1.1428571428571428,0.0,0.0,0.19556666666666664,15.6345,6.0,-4,21.290915146433196,,,4000.0,0.0,0.0,0.0,48.240721683366075,optimal
2021-02-10 05:30:00,2,5,0.0,0.0,0.0,0.07,18.102,6.0,-4,21.45887940080707,,,0.0,0.0,0.0,0.0,48.192480961682705,optimal
2021-02-10 06:00:00,2,5,0.0,0.0,0.0,0.3184666666666666,17.199,6.0,-4,21.315357789112014,,,0.0,0.0,0.0,0.0,48.144288480721016,optimal
2021-02-10 06:30:00,2,5,0.0,0.0,0.0,0.06,18.2805,6.0,-4,21.191093673921593,,,0.0,0.0,0.0,0.0,48.096144192240295,optimal
2021-02-10 07:00:00,2,5,0.0,0.0,0.0,0.19933333333333328,17.4615,6.0,-4,21.050325212074068,,,0.0,0.0,0.0,0.0,48.048048048048045,optimal
2021-02-10 07:30:00,2,5,0.0,0.774074074074074,0.0,0.09,18.3225,6.0,-4,20.93931698893195,,,0.0,0.0,0.0,696.6666666666666,48.0,optimal
2021-02-10 08:00:00,2,5,0.0,1.0837037037037038,0.0,0.1148,17.094,6.0,-4,20.845814975692047,,,0.0,0.0,0.0,975.3333333333335,47.83734297197405,optimal
2021-02-10 08:30:00,2,5,0.0,0.0774074074074074,0.0,0.1804,17.094,6.0,-4,20.749540737589125,,,0.0,0.0,0.0,69.66666666666666,47.674848600976134,optimal
2021-02-10 09:00:00,2,5,0.0,0.0,0.0,0.183,17.094,6.0,-4,20.619295919481868,,,0.0,0.0,0.0,0.0,47.51251672434921,optimal
2021-02-10 09:30:00,2,5,0.0,0.0,0.0,0.20146666666666666,17.3565,6.0,-4,20.4767652910086,,,0.0,0.0,0.0,0.0,47.35034717959892,optimal
2021-02-10 10:00:00,2,5,0.0,0.0,0.0,0.07,17.115,6.0,-4,20.33755762498451,,,0.0,0.0,0.0,0.0,47.18833980439337,optimal
2021-02-10 10:30:00,2,5,0.823914069479697,0.0,0.0,0.2691,17.241,6.0,-4,20.191043902465875,,,2883.6992431789395,0.0,0.0,0.0,47.026494436563034,optimal
2021-02-10 11:00:00,2,5,1.1428571428571428,0.0,0.0,0.1237,17.094,6.0,-4,20.277614700583392,,,4000.0,0.0,0.0,0.0,46.864810914100524,optimal
2021-02-10 11:30:00,2,5,1.1428571428571428,0.0,0.0,0.07,16.5165,6.0,-4,20.437369205100644,,,4000.0,0.0,0.0,0.0,46.70328907516048,optimal
2021-02-10 12:00:00,2,5,0.0,0.23222222222222222,0.0,0.30396666666666666,17.8185,6.0,-4,20.59265491316597,,,0.0,0.0,0.0,209.0,46.54192875805937,optimal
2021-02-10 12:30:00,2,5,1.1428571428571428,0.6192592592592592,0.0,0.10909999999999999,17.094,6.0,-4,20.480173855967376,,,4000.0,0.0,0.0,557.3333333333333,46.380729801275365,optimal
2021-02-10 13:00:00,2,5,1.1428571428571428,0.3096296296296296,0.0,0.21236666666666668,16.8945,6.0,-4,20.665475997716722,,,4000.0,0.0,0.0,278.66666666666663,46.21969204344814,optimal
2021-02-10 13:30:00,2,5,0.0,0.0,0.0,0.30593333333333333,18.123,6.0,-4,20.859445985932176,,,0.0,0.0,0.0,0.0,46.058815323378745,optimal
2021-02-10 14:00:00,2,5,0.0,0.0,0.0,0.29993333333333333,31.647,6.0,-4,20.763611819252514,,,0.0,0.0,0.0,0.0,45.89809948002942,optimal
2021-02-10 14:30:00,2,5,0.0,0.0,0.0,0.21966666666666662,34.9965,6.0,-4,20.668793981458755,,,0.0,0.0,0.0,0.0,45.73754435252345,optimal
2021-02-10 15:00:00,2,5,0.0,0.0,0.0,0.07,34.9965,6.0,-4,20.53774613559469,,,0.0,0.0,0.0,0.0,45.57714978014498,optimal
2021-02-10 15:30:00,2,5,0.0,0.0,0.0,0.07,34.9965,6.0,-4,20.396471027620848,,,0.0,0.0,0.0,0.0,45.41691560233889,optimal
2021-02-10 16:00:00,2,5,0.0,0.1548148148148148,0.0,0.2117333333333333,34.9965,6.0,-4,20.254756320131012,,,0.0,0.0,0.0,139.33333333333331,45.256841658710606,optimal
2021-02-10 16:30:00,2,5,0.0,0.0,0.0,0.29133333333333333,34.9965,6.0,-4,20.14498689988064,,,0.0,0.0,0.0,0.0,45.09692778902595,optimal
2021-02-10 17:00:00,2,5,0.0,0.1548148148148148,0.0,0.36860000000000004,27.741,6.0,-4,20.074202760059674,,,0.0,0.0,0.0,139.33333333333331,44.93717383321098,optimal
2021-02-10 17:30:00,2,5,0.2312972309191653,0.0774074074074074,0.0,0.43446666666666656,19.026,6.0,-4,20.0,,,809.5403082170785,0.0,0.0,69.66666666666666,44.77757963135182,optimal
2021-02-10 18:00:00,2,5,0.18658163420481855,0.23222222222222222,0.0,0.415,18.7215,6.0,-4,20.0,,,653.035719716865,0.0,0.0,209.0,44.618145023694524,optimal
2021-02-10 18:30:00,2,5,0.22568172145101129,0.23222222222222222,0.0,0.35546666666666665,17.4195,6.0,-4,20.0,,,789.8860250785395,0.0,0.0,209.0,44.45886985064488,optimal
2021-02-10 19:00:00,2,5,0.29907704679246083,0.0,0.0,0.2472333333333333,16.758,6.0,-4,20.0,,,1046.7696637736128,0.0,0.0,0.0,44.29975395276829,optimal
2021-02-10 19:30:00,2,5,0.31401698227370894,0.0,0.0,0.2819333333333333,14.217,6.0,-4,20.0,,,1099.0594379579813,0.0,0.0,0.0,44.140797170789575,optimal
2021-02-10 20:00:00,2,5,0.29228072727878696,0.3096296296296296,0.0,0.544,13.3665,6.0,-4,20.0,,,1022.9825454757544,0.0,0.0,278.66666666666663,43.98199934559284,optimal
2021-02-10 20:30:00,2,5,0.0,0.0,0.0,0.3858666666666667,12.789,6.0,-4,20.0,,,0.0,0.0,0.0,0.0,43.823360318221305,optimal
2021-02-10 21:00:00,2,5,0.0,0.0774074074074074,0.0,0.3838333333333333,11.907,6.0,-4,19.911149257944885,,,0.0,0.0,0.0,69.66666666666666,43.77953695790308,optimal
2021-02-10 21:30:00,2,5,0.0,0.23222222222222222,0.0,0.638,11.7075,6.0,-4,19.84844819421219,,,0.0,0.0,0.0,209.0,43.73575742094518,optimal
2021-02-10 22:00:00,2,5,0.0,0.46444444444444444,0.0,0.24856666666666663,10.8045,6.0,-4,19.786408156373447,,,0.0,0.0,0.0,418.0,43.69202166352423,optimal
2021-02-10 22:30:00,2,5,0.0,2.631851851851852,0.0,0.3597333333333333,11.508,6.0,-4,19.68396556199943,,,0.0,0.0,0.0,2368.6666666666665,43.648329641860705,optimal
2021-02-10 23:00:00,2,5,0.0,0.0,0.0,0.3183333333333333,11.508,6.0,-4,19.585423410187556,,,0.0,0.0,0.0,0.0,43.604681312218844,optimal
2021-02-10 23:30:00,2,5,0.0,0.0,0.0,0.20936666666666667,11.508,6.0,-4,19.479876258753638,,,0.0,0.0,0.0,0.0,43.561076630906626,optimal
2021-02-11 00:00:00,2,5,1.1428571428571428,0.0,0.0,0.053,11.025,6.0,-4,19.479876258753638,,,4000.0,0.0,0.0,0.0,43.51751555427572,optimal
2021-02-11 00:30:00,2,5,1.1428571428571428,0.0,3.0,0.22093333333333331,10.7835,6.0,-4,19.62482788054688,,,4000.0,0.0,0.0,0.0,44.89899803872144,optimal
2021-02-11 01:00:00,2,5,1.1428571428571428,0.0,0.0,0.171,11.025,6.0,-4,19.782019209727313,,,4000.0,0.0,0.0,0.0,44.85409904068272,optimal
2021-02-11 01:30:00,2,5,1.1428571428571428,0.0,3.0,0.07153333333333334,10.584,6.0,-4,19.93504300813887,,,4000.0,0.0,0.0,0.0,46.23424494164203,optimal
2021-02-11 02:00:00,2,5,1.1428571428571428,0.0,2.032261925481054,0.3430666666666667,11.025,6.0,-4,20.079372591790417,,,4000.0,0.0,0.0,0.0,47.15333511130388,optimal
2021-02-11 02:30:00,2,5,1.1428571428571428,0.0,3.0,0.07306666666666667,10.4265,6.0,-4,20.24253200345024,,,4000.0,0.0,0.0,0.0,48.53118177619257,optimal
2021-02-11 03:00:00,2,5,1.1428571428571428,0.0,0.0,0.09026666666666668,12.789,6.0,-4,20.384025907888148,,,4000.0,0.0,0.0,0.0,48.48265059441637,optimal
2021-02-11 03:30:00,2,5,1.1428571428571428,0.0,0.0,0.06733333333333333,12.684,6.0,-4,20.52500012560321,,,4000.0,0.0,0.0,0.0,48.434167943821954,optimal
2021-02-11 04:00:00,2,5,1.1428571428571428,0.0,0.0,0.22753333333333334,16.254,6.0,-4,20.665073049287574,,,4000.0,0.0,0.0,0.0,48.38573377587813,optimal
2021-02-11 04:30:00,2,5,1.1127590454908858,0.0,0.0,0.13,17.64,6.0,-4,20.817965928233722,,,3894.6566592181002,0.0,0.0,0.0,48.33734804210225,optimal
2021-02-11 05:00:00,2,5,0.0,0.0,0.0,0.1046,19.1625,6.0,-4,20.95452124702642,,,0.0,0.0,0.0,0.0,48.289010694060146,optimal
2021-02-11 05:30:00,2,5,0.0,0.0,0.0,0.28363333333333335,26.46,6.0,-4,20.796488858370548,,,0.0,0.0,0.0,0.0,48.240721683366075,optimal
2021-02-11 06:00:00,2,5,0.0,0.0,0.0,0.07390000000000001,20.79,6.0,-4,20.654918357111125,,,0.0,0.0,0.0,0.0,48.192480961682705,optimal
2021-02-11 06:30:00,2,5,0.0,0.0,0.0,0.19433333333333327,29.106,6.0,-4,20.500572527256622,,,0.0,0.0,0.0,0.0,48.144288480721016,optimal
2021-02-11 07:00:00,2,5,0.0,0.6192592592592592,0.0,0.0876,19.1835,6.0,-4,20.35817269632066,,,0.0,0.0,0.0,557.3333333333333,48.096144192240295,optimal
2021-02-11 07:30:00,2,5,0.0,2.5544444444444445,0.0,0.19226666666666667,19.6665,6.0,-4,20.231835653045586,,,0.0,0.0,0.0,2299.0,48.048048048048045,optimal
2021-02-11 08:00:00,2,5,0.0,2.09,0.0,0.159,19.404,6.0,-4,20.131931090904832,,,0.0,0.0,0.0,1881.0,48.0,optimal
2021-02-11 08:30:00,2,5,0.0,1.8577777777777778,0.0,1.0540333333333334,19.047,6.0,-4,20.061785875301847,,,0.0,0.0,0.0,1672.0,47.931429031309555,optimal
2021-02-11 09:00:00,2,5,0.7486509834813668,0.0,0.0,0.8321000000000001,18.858,6.0,-4,20.0,,,2620.2784421847837,0.0,0.0,0.0,47.862926633587804,optimal
2021-02-11 09:30:00,2,5,0.0,0.6192592592592592,0.0,0.3775,19.2675,6.0,-4,20.102538080559658,,,0.0,0.0,0.0,557.3333333333333,47.79449273826378,optimal
2021-02-11 10:00:00,2,5,0.39425777324728034,0.3096296296296296,0.0,0.3559,18.963,6.0,-4,20.0,,,1379.902206365481,0.0,0.0,278.66666666666663,47.72612727683507,optimal
2021-02-11 10:30:00,2,5,0.7120261539850513,0.1548148148148148,0.0,0.23336666666666667,18.438,6.0,-4,20.0,,,2492.0915389476795,0.0,0.0,139.33333333333331,47.6578301808678,optimal
2021-02-11 11:00:00,2,5,0.0,0.1548148148148148,0.0,2.130266666666667,18.7425,6.0,-4,20.069770262624,,,0.0,0.0,0.0,139.33333333333331,47.58960138199649,optimal
2021-02-11 11:30:00,2,5,1.1428571428571428,0.1548148148148148,0.0,2.696,15.2145,6.0,-4,20.0,,,4000.0,0.0,0.0,139.33333333333331,47.52144081192405,optimal
2021-02-11 12:00:00,2,5,0.9164556958447819,0.0,0.0,1.1168,17.7765,6.0,-4,20.225474229908237,,,3207.5949354567365,0.0,0.0,0.0,47.45334840242168,optimal
2021-02-11 12:30:00,2,5,1.1428571428571428,0.0,0.0,0.199,16.758,6.0,-4,20.349866495302084,,,4000.0,0.0,0.0,0.0,47.38532408532882,optimal
2021-02-11 13:00:00,2,5,1.1428571428571428,0.0,0.0,0.22273333333333328,16.422,6.0,-4,20.528503512429346,,,4000.0,0.0,0.0,0.0,47.31736779255305,optimal
2021-02-11 13:30:00,2,5,1.1428571428571428,0.0,0.0,0.2883,16.758,6.0,-4,20.72405402430927,,,4000.0,0.0,0.0,0.0,47.249479456070056,optimal
2021-02-11 14:00:00,2,5,0.0,0.0,0.0,0.1935,29.358,6.0,-4,20.951782607437494,,,0.0,0.0,0.0,0.0,47.18165900792354,optimal
2021-02-11 14:30:00,2,5,0.0,0.0,0.0,0.2374,34.9965,6.0,-4,20.861539855543747,,,0.0,0.0,0.0,0.0,47.113906380225174,optimal
2021-02-11 15:00:00,2,5,0.0,0.0,0.0,0.08846666666666667,34.65,6.0,-4,20.73607386547264,,,0.0,0.0,0.0,0.0,47.046221505154506,optimal
2021-02-11 15:30:00,2,5,0.0,0.0,0.0,0.20066666666666663,34.9965,6.0,-4,20.597773735746802,,,0.0,0.0,0.0,0.0,46.97860431495891,optimal
2021-02-11 16:00:00,2,5,0.0,0.0,0.0,0.19346666666666668,34.9965,6.0,-4,20.460302721442833,,,0.0,0.0,0.0,0.0,46.91105474195351,optimal
2021-02-11 16:30:00,2,5,0.0,0.0,0.0,0.23566666666666664,30.4815,6.0,-4,20.314712973507437,,,0.0,0.0,0.0,0.0,46.84357271852111,optimal
2021-02-11 17:00:00,2,5,0.0,0.0,0.0,0.063,21.4305,6.0,-4,20.16663618013389,,,0.0,0.0,0.0,0.0,46.776158177112144,optimal
2021-02-11 17:30:00,2,5,0.5998460660355366,0.0,0.0,0.217,14.3325,6.0,-4,20.0,,,2099.461231124378,0.0,0.0,0.0,46.70881105024459,optimal
2021-02-11 18:00:00,2,5,1.04223901450816,0.0,0.0,0.10083333333333332,13.692,6.0,-4,20.0,,,3647.8365507785597,0.0,0.0,0.0,46.641531270503904,optimal
2021-02-11 18:30:00,2,5,0.0,0.0,0.0,0.5762666666666667,14.007,6.0,-4,20.11090127455081,,,0.0,0.0,0.0,0.0,46.57431877054296,optimal
2021-02-11 19:00:00,2,5,0.26610666517547793,0.0774074074074074,0.0,0.928,12.873,6.0,-4,20.0,,,931.3733281141728,0.0,0.0,69.66666666666666,46.50717348308197,optimal
2021-02-11 19:30:00,2,5,0.18210683966787447,0.0,0.0,0.9326333333333332,12.684,6.0,-4,20.0,,,637.3739388375607,0.0,0.0,0.0,46.44009534090845,optimal
2021-02-11 20:00:00,2,5,0.24849749035076624,1.7803703703703702,0.0,0.5779,12.306,6.0,-4,20.0,,,869.7412162276819,0.0,0.0,1602.3333333333333,46.3730842768771,optimal
2021-02-11 20:30:00,2,5,0.0,0.0,0.0,0.298,10.6365,6.0,-4,20.0,,,0.0,0.0,0.0,0.0,46.30614022390978,optimal
2021-02-11 21:00:00,2,5,0.0,0.387037037037037,0.0,0.5514666666666667,11.2455,6.0,-4,19.92505111988704,,,0.0,0.0,0.0,348.3333333333333,46.239263114995424,optimal
2021-02-11 21:30:00,2,5,0.0,0.0,0.0,0.35956666666666665,11.2455,6.0,-4,19.87216584362538,,,0.0,0.0,0.0,0.0,46.17245288318998,optimal
2021-02-11 22:00:00,2,5,0.0,0.0,0.0,0.09563333333333333,11.025,6.0,-4,19.79485747350874,,,0.0,0.0,0.0,0.0,46.12628043030679,optimal
2021-02-11 22:30:00,2,5,0.0,0.0,0.0,0.3469333333333333,12.0855,6.0,-4,19.705875053218605,,,0.0,0.0,0.0,0.0,46.080154149876485,optimal
2021-02-11 23:00:00,2,5,0.0,0.0,0.0,0.1146,11.6865,6.0,-4,19.632236136498587,,,0.0,0.0,0.0,0.0,46.03407399572661,optimal
2021-02-11 23:30:00,2,5,0.0,0.0,0.0,0.05866666666666666,11.2245,6.0,-4,19.45865050579711,,,0.0,0.0,0.0,0.0,45.98803992173088,optimal
2021-02-12 00:00:00,2,5,1.1428571428571428,0.0,0.0,0.049,11.025,6.0,-2,19.45865050579711,,,4000.0,0.0,0.0,0.0,45.94205188180915,optimal
2021-02-12 00:30:00,2,5,1.1428571428571428,0.0,0.0,0.1385,10.3635,6.0,-2,19.579417218938215,,,4000.0,0.0,0.0,0.0,45.89610982992734,optimal
2021-02-12 01:00:00,2,5,1.1428571428571428,0.0,0.0,0.09076666666666668,10.8045,6.0,-2,19.705982385898643,,,4000.0,0.0,0.0,0.0,45.850213720097415,optimal
2021-02-12 01:30:00,2,5,1.1428571428571428,0.0,0.0,0.049,10.059,6.0,-2,19.828025461051602,,,4000.0,0.0,0.0,0.0,45.804363506377314,optimal
2021-02-12 02:00:00,2,5,1.1428571428571428,0.0,0.0,0.1802666666666667,10.584,6.0,-2,19.946775702201613,,,4000.0,0.0,0.0,0.0,45.758559142870936,optimal
2021-02-12 02:30:00,2,5,1.1428571428571428,0.0,3.0,0.049,9.4185,6.0,-2,20.07521589156014,,,4000.0,0.0,0.0,0.0,47.137800583728065,optimal
2021-02-12 03:00:00,2,5,1.1428571428571428,0.0,0.0,0.16833333333333333,10.3635,6.0,-2,20.19511002604856,,,4000.0,0.0,0.0,0.0,47.09066278314434,optimal
2021-02-12 03:30:00,2,5,1.1428571428571428,0.0,2.825603485298805,0.06093333333333333,9.8385,6.0,-2,20.325289030341576,,,4000.0,0.0,0.0,0.0,48.38573377587813,optimal
2021-02-12 04:00:00,2,5,1.1428571428571428,0.0,0.0,0.1206,11.067,6.0,-2,20.451690589769992,,,4000.0,0.0,0.0,0.0,48.33734804210225,optimal
2021-02-12 04:30:00,2,5,1.1428571428571428,0.0,0.0,0.10866666666666669,10.8465,6.0,-2,20.58685428204927,,,4000.0,0.0,0.0,0.0,48.289010694060146,optimal
2021-02-12 05:00:00,2,5,0.0,0.0,0.0,0.049,13.671,6.0,-2,20.725352530067795,,,0.0,0.0,0.0,0.0,48.240721683366075,optimal
2021-02-12 05:30:00,2,5,1.1428571428571428,0.0,0.0,0.0848,12.348,6.0,-2,20.56403342283059,,,4000.0,0.0,0.0,0.0,48.192480961682705,optimal
2021-02-12 06:00:00,2,5,0.0,0.0,0.0,0.14446666666666666,14.3325,6.0,-2,20.71214378948719,,,0.0,0.0,0.0,0.0,48.144288480721016,optimal
2021-02-12 06:30:00,2,5,0.0,0.0,0.0,0.049,15.393,6.0,-2,20.570050064819103,,,0.0,0.0,0.0,0.0,48.096144192240295,optimal
2021-02-12 07:00:00,2,5,0.3950485987658529,0.46444444444444444,0.0,0.13119999999999998,13.587,6.0,-2,20.422619277127584,,,1382.670095680485,0.0,0.0,418.0,48.048048048048045,optimal
2021-02-12 07:30:00,2,5,0.0,0.46444444444444444,0.0,0.09473333333333332,16.1385,6.0,-2,20.392408522526228,,,0.0,0.0,0.0,418.0,48.0,optimal
2021-02-12 08:00:00,2,5,0.0,0.23222222222222222,0.0,0.115,14.595,6.0,-2,20.26516178874504,,,0.0,0.0,0.0,209.0,47.5879786086937,optimal
2021-02-12 08:30:00,2,5,0.0,0.0,0.0,1.3063333333333333,14.637,6.0,-2,20.11904497933631,,,0.0,0.0,0.0,0.0,47.17636923877871,optimal
2021-02-12 09:00:00,2,5,0.41311833067689363,0.1548148148148148,0.0,0.46803333333333336,13.9125,6.0,-2,20.0,,,1445.9141573691277,0.0,0.0,139.33333333333331,46.76517147823364,optimal
2021-02-12 09:30:00,2,5,0.3993135651084934,0.387037037037037,0.0,1.5688,13.3665,6.0,-2,20.0,,,1397.597477879727,0.0,0.0,348.3333333333333,46.35438491544911,optimal
2021-02-12 10:00:00,2,5,0.8710867092561302,0.0,0.0,0.1851,13.0095,6.0,-2,20.0,,,3048.803482396456,0.0,0.0,0.0,45.94400913922737,optimal
2021-02-12 10:30:00,2,5,0.0,0.0,0.0,0.12413333333333335,13.8915,6.0,-2,20.112903464514215,,,0.0,0.0,0.0,0.0,45.53404373878185,optimal
2021-02-12 11:00:00,2,5,0.2690399998994336,0.1548148148148148,0.0,2.8139333333333334,13.188,6.0,-2,20.0,,,941.6399996480176,0.0,0.0,139.33333333333331,45.12448830373677,optimal
2021-02-12 11:30:00,2,5,0.40568820327937544,0.0,0.0,0.3393,12.5685,6.0,-2,20.0,,,1419.908711477814,0.0,0.0,0.0,44.71534242412674,optimal
2021-02-12 12:00:00,2,5,0.45130401656315866,0.3096296296296296,0.0,0.09626666666666668,12.285,6.0,-2,20.0,,,1579.5640579710553,0.0,0.0,278.66666666666663,44.30660569039632,optimal
2021-02-12 12:30:00,2,5,1.1428571428571428,0.0,0.0,0.05766666666666666,11.487,6.0,-2,20.0,,,4000.0,0.0,0.0,0.0,43.89827769339963,optimal
2021-02-12 13:00:00,2,5,0.0,0.0,0.0,0.059,11.802,6.0,-2,20.17517572630171,,,0.0,0.0,0.0,0.0,43.49035802439993,optimal
2021-02-12 13:30:00,2,5,1.1428571428571428,0.0,0.0,1.6907999999999999,11.2245,6.0,-2,20.042822648119913,,,4000.0,0.0,0.0,0.0,43.08284627506924,optimal
2021-02-12 14:00:00,2,5,1.1428571428571428,0.0,0.0,4.6765,11.025,6.0,-2,20.25582445466954,,,4000.0,0.0,0.0,0.0,42.67574203748787,optimal
2021-02-12 14:30:00,2,5,0.9633805230786013,0.1548148148148148,0.0,2.9447666666666668,11.907,6.0,-2,20.468723859053778,,,3371.8318307751047,0.0,0.0,139.33333333333331,42.26904490414409,optimal
2021-02-12 15:00:00,2,5,0.0,0.0,0.0,2.3253666666666666,25.83,6.0,-2,20.623968036059544,,,0.0,0.0,0.0,0.0,41.86275446793365,optimal
2021-02-12 15:30:00,2,5,0.0,0.23222222222222222,0.0,2.9163666666666668,28.035,6.0,-2,20.534007255510033,,,0.0,0.0,0.0,209.0,41.45687032215942,optimal
2021-02-12 16:00:00,2,5,0.0,0.774074074074074,0.0,3.929733333333333,28.119,6.0,-2,20.459377950722768,,,0.0,0.0,0.0,696.6666666666666,41.051392060530965,optimal
2021-02-12 16:30:00,2,5,0.0,0.0,0.0,3.093933333333333,30.156,6.0,-2,20.41796244855734,,,0.0,0.0,0.0,0.0,40.64631927716414,optimal
2021-02-12 17:00:00,2,5,0.0,0.5418518518518518,0.0,2.4396666666666667,29.1585,6.0,-2,20.34466400786402,,,0.0,0.0,0.0,487.6666666666667,40.24165156658068,optimal
2021-02-12 17:30:00,2,5,0.0,0.6966666666666667,0.0,2.6415666666666664,26.712,6.0,-2,20.260120301254485,,,0.0,0.0,0.0,627.0,39.8373885237078,optimal
2021-02-12 18:00:00,2,5,0.0,0.1548148148148148,0.0,0.9869,15.435,6.0,-2,20.192502422679972,,,0.0,0.0,0.0,139.33333333333331,39.4335297438778,optimal
2021-02-12 18:30:00,2,5,0.0,0.0774074074074074,0.0,1.9841,13.566,6.0,-2,20.11127611356453,,,0.0,0.0,0.0,69.66666666666666,39.03007482282763,optimal
2021-02-12 19:00:00,2,5,0.0,0.0,0.0,2.758966666666667,12.789,6.0,-2,20.044497312865364,,,0.0,0.0,0.0,0.0,38.9910447480048,optimal
2021-02-12 19:30:00,2,5,0.5294918288741955,0.3096296296296296,0.0,0.32053333333333334,12.1275,6.0,-2,20.0,,,1853.2214010596845,0.0,0.0,278.66666666666663,38.9520537032568,optimal
2021-02-12 20:00:00,2,5,0.0,0.387037037037037,0.0,0.6002000000000001,13.671,6.0,-2,20.064303080302803,,,0.0,0.0,0.0,348.3333333333333,38.913101649553546,optimal
2021-02-12 20:30:00,2,5,0.0,1.433585185185185,0.0,0.6236,10.668,6.0,-2,20.0,,,0.0,0.0,0.0,1290.2266666666667,38.87418854790399,optimal
2021-02-12 21:00:00,2,5,0.0,0.9660444444444445,0.0,0.2794,11.7285,6.0,-2,19.93800600455961,,,0.0,0.0,0.0,869.44,38.83531435935609,optimal
2021-02-12 21:30:00,2,5,0.0,1.433585185185185,0.0,0.35546666666666665,11.025,6.0,-2,19.86264221642912,,,0.0,0.0,0.0,1290.2266666666667,38.79647904499674,optimal
2021-02-12 22:00:00,2,5,0.0,1.0434518518518519,0.0,0.4184666666666666,10.689,6.0,-2,19.78682145511326,,,0.0,0.0,0.0,939.1066666666667,38.75768256595174,optimal
2021-02-12 22:30:00,2,5,0.0,0.23222222222222222,0.0,1.0872,8.1585,6.0,-2,19.705968983866782,,,0.0,0.0,0.0,209.0,38.71892488338579,optimal
2021-02-12 23:00:00,2,5,0.0,0.0,0.0,0.059,10.3635,6.0,-2,19.627518068777075,,,0.0,0.0,0.0,0.0,38.680205958502405,optimal
2021-02-12 23:30:00,2,5,0.0,0.0,0.0,0.15643333333333334,10.8045,6.0,-2,19.49687430181982,,,0.0,0.0,0.0,0.0,38.641525752543906,optimal
2021-02-13 00:00:00,2,5,1.1428571428571428,0.0,3.0,0.06726666666666667,9.4815,6.0,-4,19.49687430181982,,,4000.0,0.0,0.0,0.0,40.02788422679136,optimal
2021-02-13 00:30:00,2,5,1.1428571428571428,0.0,3.0,0.11953333333333331,8.379,6.0,-4,19.66819614741981,,,4000.0,0.0,0.0,0.0,41.41285634256457,optimal
2021-02-13 01:00:00,2,5,1.1428571428571428,0.0,0.01597387530097194,0.064,9.5235,6.0,-4,19.84252395867476,,,4000.0,0.0,0.0,0.0,41.37903107698996,optimal
2021-02-13 01:30:00,2,5,1.1428571428571428,0.0,3.0,0.1008,8.1375,6.0,-4,20.011762299425165,,,4000.0,0.0,0.0,0.0,42.762652045912965,optimal
2021-02-13 02:00:00,2,5,0.0,0.0,0.0,0.16213333333333332,10.0905,6.0,-4,20.182863933552287,,,0.0,0.0,0.0,0.0,42.71988939386704,optimal
2021-02-13 02:30:00,2,5,1.1428571428571428,0.0,3.0,0.08686666666666666,7.539,6.0,-4,20.058099874963773,,,4000.0,0.0,0.0,0.0,44.102169504473174,optimal
2021-02-13 03:00:00,2,5,1.1428571428571428,0.0,3.0,0.09993333333333333,7.938,6.0,-4,20.228185484579477,,,4000.0,0.0,0.0,0.0,45.483067334968695,optimal
2021-02-13 03:30:00,2,5,1.1428571428571428,0.0,3.0,0.1564,8.274,6.0,-4,20.397976414327996,,,4000.0,0.0,0.0,0.0,46.86258426763372,optimal
2021-02-13 04:00:00,2,5,1.1428571428571428,0.0,3.0,0.16533333333333333,9.261,6.0,-4,20.570350725269062,,,4000.0,0.0,0.0,0.0,48.240721683366075,optimal
2021-02-13 04:30:00,2,5,1.1428571428571428,0.0,0.0,0.12079999999999999,9.9225,6.0,-4,20.741729399135316,,,4000.0,0.0,0.0,0.0,48.192480961682705,optimal
2021-02-13 05:00:00,2,5,1.1428571428571428,0.0,0.0,0.2009333333333333,9.702,6.0,-4,20.907741586167898,,,4000.0,0.0,0.0,0.0,48.144288480721016,optimal
2021-02-13 05:30:00,2,5,0.4661585750247371,0.0,0.0,0.10646666666666668,10.584,6.0,-4,21.07776350494853,,,1631.5550125865798,0.0,0.0,0.0,48.096144192240295,optimal
2021-02-13 06:00:00,2,5,1.1428571428571428,0.0,0.0,0.2152666666666667,10.143,6.0,-4,21.06132140098361,,,4000.0,0.0,0.0,0.0,48.048048048048045,optimal
2021-02-13 06:30:00,2,5,0.0,0.5418518518518518,0.0,0.062,13.0095,6.0,-4,21.22976990745269,,,0.0,0.0,0.0,487.6666666666667,48.0,optimal
2021-02-13 07:00:00,2,5,0.0,0.1548148148148148,0.0,0.2173333333333333,11.025,6.0,-4,21.098283999371617,,,0.0,0.0,0.0,139.33333333333331,47.842608004197125,optimal
2021-02-13 07:30:00,2,5,0.0,0.5418518518518518,0.0,0.319,12.789,6.0,-4,20.993593936809052,,,0.0,0.0,0.0,487.6666666666667,47.685373400390056,optimal
2021-02-13 08:00:00,2,5,0.0,0.0,0.0,0.2286,12.1275,6.0,-4,20.892228912370413,,,0.0,0.0,0.0,0.0,47.52829603118679,optimal
2021-02-13 08:30:00,2,5,0.0,0.0,0.0,0.3691333333333333,12.1695,6.0,-4,20.78286092941048,,,0.0,0.0,0.0,0.0,47.37137573935273,optimal
2021-02-13 09:00:00,2,5,0.0,0.1548148148148148,0.0,0.19826666666666667,12.306,6.0,-4,20.687931138239268,,,0.0,0.0,0.0,139.33333333333331,47.2146123678105,optimal
2021-02-13 09:30:00,2,5,0.0,0.0,0.0,0.25053333333333333,13.23,6.0,-4,20.574650307233075,,,0.0,0.0,0.0,0.0,47.05800575963982,optimal
2021-02-13 10:00:00,2,5,0.0,0.0,0.0,0.195,13.671,6.0,-4,20.455371931878947,,,0.0,0.0,0.0,0.0,46.90155575807731,optimal
2021-02-13 10:30:00,2,5,0.0,0.0,0.0,0.2829333333333333,13.9335,6.0,-4,20.33160372884236,,,0.0,0.0,0.0,0.0,46.74526220651636,optimal
2021-02-13 11:00:00,2,5,0.0,0.0,0.0,0.3588,13.293,6.0,-4,20.213894199017098,,,0.0,0.0,0.0,0.0,46.58912494850697,optimal
2021-02-13 11:30:00,2,5,0.0,0.0,0.0,0.178,12.1065,6.0,-4,20.107510057459454,,,0.0,0.0,0.0,0.0,46.43314382775559,optimal
2021-02-13 12:00:00,2,5,0.5126091254525373,0.0,0.0,0.2577333333333333,11.571,6.0,-4,20.0,,,1794.1319390838805,0.0,0.0,0.0,46.277318688124964,optimal
2021-02-13 12:30:00,2,5,1.1428571428571428,0.0,0.0,0.164,11.025,6.0,-4,20.0,,,4000.0,0.0,0.0,0.0,46.121649373633964,optimal
2021-02-13 13:00:00,2,5,1.1428571428571428,0.23222222222222222,0.0,0.3551333333333333,10.8465,6.0,-4,20.166261305239377,,,4000.0,0.0,0.0,209.0,45.96613572845746,optimal
2021-02-13 13:30:00,2,5,1.1428571428571428,0.1548148148148148,0.0,0.13653333333333334,11.2455,6.0,-4,20.37457300734186,,,4000.0,0.0,0.0,139.33333333333331,45.81077759692613,optimal
2021-02-13 14:00:00,2,5,0.0,0.1548148148148148,0.0,0.22276666666666667,23.8665,6.0,-4,20.56914324181716,,,0.0,0.0,0.0,139.33333333333331,45.65557482352633,optimal
2021-02-13 14:30:00,2,5,0.0,0.0774074074074074,0.0,0.2638666666666667,27.4575,6.0,-4,20.46351765337818,,,0.0,0.0,0.0,69.66666666666666,45.50052725289993,optimal
2021-02-13 15:00:00,2,5,0.0,0.1548148148148148,0.0,0.177,27.3735,6.0,-4,20.375288126059303,,,0.0,0.0,0.0,139.33333333333331,45.34563472984416,optimal
2021-02-13 15:30:00,2,5,0.0,0.0,0.0,0.4286666666666667,30.4605,6.0,-4,20.296455692847804,,,0.0,0.0,0.0,0.0,45.19089709931144,optimal
2021-02-13 16:00:00,2,5,0.0,0.6192592592592592,0.0,0.6496666666666666,30.0195,6.0,-4,20.21550024086561,,,0.0,0.0,0.0,557.3333333333333,45.03631420640926,optimal
2021-02-13 16:30:00,2,5,0.0,3.096296296296296,0.0,0.1618,26.9325,6.0,-4,20.158591068157758,,,0.0,0.0,0.0,2786.6666666666665,44.88188589639998,optimal
2021-02-13 17:00:00,2,5,0.0,0.0774074074074074,0.0,0.4579666666666666,14.595,6.0,-4,20.08179076874991,,,0.0,0.0,0.0,69.66666666666666,44.7276120147007,optimal
2021-02-13 17:30:00,2,5,0.2641687768165797,0.23222222222222222,0.0,0.5012333333333333,12.4845,6.0,-4,20.007557394381816,,,924.5907188580288,0.0,0.0,209.0,44.573492406883126,optimal
2021-02-13 18:00:00,2,5,0.31226869164757143,0.0,0.0,0.3592666666666667,12.1275,6.0,-4,20.0,,,1092.9404207665,0.0,0.0,0.0,44.41952691867337,optimal
2021-02-13 18:30:00,2,5,0.6770436183862932,0.0,0.0,0.36960000000000004,12.1275,6.0,-4,20.0,,,2369.6526643520265,0.0,0.0,0.0,44.26571539595182,optimal
2021-02-13 19:00:00,2,5,0.0,0.1548148148148148,0.0,0.219,12.789,6.0,-4,20.10015388262215,,,0.0,0.0,0.0,139.33333333333331,44.112057684753,optimal
2021-02-13 19:30:00,2,5,0.23299016384210264,0.0,0.0,0.3567333333333333,11.907,6.0,-4,20.0,,,815.4655734473592,0.0,0.0,0.0,43.958553631265374,optimal
2021-02-13 20:00:00,2,5,0.07043661422508077,2.1674074074074072,0.0,1.101,11.025,6.0,-4,20.0,,,246.52814978778272,0.0,0.0,1950.6666666666667,43.80520308183124,optimal
2021-02-13 20:30:00,2,5,0.0,0.0,0.0,0.8076666666666666,8.2005,6.0,-4,20.0,,,0.0,0.0,0.0,0.0,43.65200588294653,optimal
2021-02-13 21:00:00,2,5,0.0,0.0,0.0,0.2879,9.5655,6.0,-4,19.97219943921787,,,0.0,0.0,0.0,0.0,43.608353877063585,optimal
2021-02-13 21:30:00,2,5,0.0,0.0,0.0,0.352,7.056,6.0,-4,19.907170438626267,,,0.0,0.0,0.0,0.0,43.564745523186524,optimal
2021-02-13 22:00:00,2,5,0.0,0.0,0.0,0.3888333333333333,9.3975,6.0,-4,19.848187572938624,,,0.0,0.0,0.0,0.0,43.52118077766334,optimal
2021-02-13 22:30:00,2,5,0.0,0.6192592592592592,0.0,0.2186,10.059,6.0,-4,19.78240970692892,,,0.0,0.0,0.0,557.3333333333333,43.47765959688567,optimal
2021-02-13 23:00:00,2,5,0.0,0.0,0.0,0.30376666666666663,9.261,6.0,-4,19.700611263938317,,,0.0,0.0,0.0,0.0,43.434181937288784,optimal
2021-02-13 23:30:00,2,5,0.0,0.0,0.0,0.16033333333333336,8.1585,6.0,-4,19.625977197138116,,,0.0,0.0,0.0,0.0,43.3907477553515,optimal
2021-02-07 00:00:00,3,5,0.0,0.0,0.0,0.062,10.3635,6.0,-1,,,,,,,,,infeasible
2021-02-07 00:30:00,3,5,0.0,0.0,0.0,0.062,8.274,6.0,-1,,,,,,,,,infeasible
2021-02-07 01:00:00,3,5,0.0,0.0,0.0,0.12140000000000001,7.7175,6.0,-1,,,,,,,,,infeasible
2021-02-07 01:30:00,3,5,0.0,0.0,0.0,0.19353333333333333,6.615,6.0,-1,,,,,,,,,infeasible
2021-02-07 02:00:00,3,5,0.0,0.0,0.0,0.07506666666666666,6.174,6.0,-1,,,,,,,,,infeasible
2021-02-07 02:30:00,3,5,0.0,0.0,0.0,0.2052,3.906,6.0,-1,,,,,,,,,infeasible
2021-02-07 03:00:00,3,5,0.0,0.0,0.0,0.07353333333333333,2.3415,6.0,-1,,,,,,,,,infeasible
2021-02-07 03:30:00,3,5,0.0,0.0,0.0,0.21903333333333333,2.205,6.0,-1,,,,,,,,,infeasible
2021-02-07 04:00:00,3,5,0.0,0.0,0.0,0.20959999999999998,0.882,6.0,-1,,,,,,,,,infeasible
2021-02-07 04:30:00,3,5,0.0,0.0,0.0,0.12079999999999999,1.5435,6.0,-1,,,,,,,,,infeasible
2021-02-07 05:00:00,3,5,0.0,0.0,0.0,0.161,1.5435,6.0,-1,,,,,,,,,infeasible
2021-02-07 05:30:00,3,5,0.0,0.0,0.0,0.16803333333333334,5.0715,6.0,-1,,,,,,,,,infeasible
2021-02-07 06:00:00,3,5,0.0,0.0,0.0,0.073,5.376,6.0,-1,,,,,,,,,infeasible
2021-02-07 06:30:00,3,5,0.0,0.0,0.0,0.21266666666666662,5.0715,6.0,-1,,,,,,,,,infeasible
2021-02-07 07:00:00,3,5,0.0,0.0,0.0,0.1787,5.5125,6.0,-1,,,,,,,,,infeasible
2021-02-07 07:30:00,3,5,0.0,0.0,0.0,0.2762,9.261,6.0,-1,,,,,,,,,infeasible
2021-02-07 08:00:00,3,5,0.0,0.0,0.0,1.4411333333333334,11.7075,6.0,-1,,,,,,,,,infeasible
2021-02-07 08:30:00,3,5,0.0,0.0,0.0,0.2558,12.348,6.0,-1,,,,,,,,,infeasible
2021-02-07 09:00:00,3,5,0.0,0.0,0.0,0.3762,12.348,6.0,-1,,,,,,,,,infeasible
2021-02-07 09:30:00,3,5,0.0,0.0,0.0,1.3976,12.1275,6.0,-1,,,,,,,,,infeasible
2021-02-07 10:00:00,3,5,0.0,0.0,0.0,1.259766666666667,12.5265,6.0,-1,,,,,,,,,infeasible
2021-02-07 10:30:00,3,5,0.0,0.0,0.0,0.5163,11.7495,6.0,-1,,,,,,,,,infeasible
2021-02-07 11:00:00,3,5,0.0,0.0,0.0,0.3452,13.23,6.0,-1,,,,,,,,,infeasible
2021-02-07 11:30:00,3,5,0.0,0.0,0.0,0.33113333333333334,14.3325,6.0,-1,,,,,,,,,infeasible
2021-02-07 12:00:00,3,5,0.0,0.0,0.0,0.4642,14.994,6.0,-1,,,,,,,,,infeasible
2021-02-07 12:30:00,3,5,0.0,0.0,0.0,0.4255333333333334,14.8155,6.0,-1,,,,,,,,,infeasible
2021-02-07 13:00:00,3,5,0.0,0.0,0.0,0.33376666666666666,14.112,6.0,-1,,,,,,,,,infeasible
2021-02-07 13:30:00,3,5,0.0,0.0,0.0,0.5322666666666667,14.007,6.0,-1,,,,,,,,,infeasible
2021-02-07 14:00:00,3,5,0.0,0.0,0.0,0.5870333333333333,13.23,6.0,-1,,,,,,,,,infeasible
2021-02-07 14:30:00,3,5,0.0,0.0,0.0,0.2932666666666667,11.382,6.0,-1,,,,,,,,,infeasible
2021-02-07 15:00:00,3,5,0.0,0.0,0.0,2.037333333333333,11.7495,6.0,-1,,,,,,,,,infeasible
2021-02-07 15:30:00,3,5,0.0,0.0,0.0,2.3592,24.3285,6.0,-1,,,,,,,,,infeasible
2021-02-07 16:00:00,3,5,0.0,0.0,0.0,0.8512333333333334,28.917,6.0,-1,,,,,,,,,infeasible
2021-02-07 16:30:00,3,5,0.0,0.0,0.0,0.21,31.3635,6.0,-1,,,,,,,,,infeasible
2021-02-07 17:00:00,3,5,0.0,0.0,0.0,0.3153666666666667,33.306,6.0,-1,,,,,,,,,infeasible
2021-02-07 17:30:00,3,5,0.0,0.0,0.0,0.40436666666666665,31.3425,6.0,-1,,,,,,,,,infeasible
2021-02-07 18:00:00,3,5,0.0,0.0,0.0,0.19203333333333333,28.2555,6.0,-1,,,,,,,,,infeasible
2021-02-07 18:30:00,3,5,0.0,0.0,0.0,0.33803333333333335,15.6975,6.0,-1,,,,,,,,,infeasible
2021-02-07 19:00:00,3,5,0.0,0.0,0.0,0.6526000000000001,12.5475,6.0,-1,,,,,,,,,infeasible
2021-02-07 19:30:00,3,5,0.0,0.0,0.0,0.2148333333333333,12.0855,6.0,-1,,,,,,,,,infeasible
2021-02-07 20:00:00,3,5,0.0,0.0,0.0,0.42123333333333335,11.907,6.0,-1,,,,,,,,,infeasible
2021-02-07 20:30:00,3,5,0.0,0.0,0.0,0.393,12.5685,6.0,-1,,,,,,,,,infeasible
2021-02-07 21:00:00,3,5,0.0,0.0,0.0,0.4194666666666666,13.146,6.0,-1,,,,,,,,,infeasible
2021-02-07 21:30:00,3,5,0.0,0.0,0.0,0.3546666666666667,10.584,6.0,-1,,,,,,,,,infeasible
2021-02-07 22:00:00,3,5,0.0,0.0,0.0,0.3305666666666667,6.678,6.0,-1,,,,,,,,,infeasible
2021-02-07 22:30:00,3,5,0.0,0.0,0.0,0.5802333333333334,7.938,6.0,-1,,,,,,,,,infeasible
2021-02-07 23:00:00,3,5,0.0,0.0,0.0,0.3522333333333333,5.292,6.0,-1,,,,,,,,,infeasible
2021-02-07 23:30:00,3,5,0.0,0.0,0.0,0.2102,9.261,6.0,-1,,,,,,,,,infeasible
2021-02-08 00:00:00,3,5,0.0,0.0,0.0,0.074,7.938,6.0,-1,,,,,,,,,infeasible
2021-02-08 00:30:00,3,5,0.0,0.0,0.0,0.1254,8.6835,6.0,-1,,,,,,,,,infeasible
2021-02-08 01:00:00,3,5,0.0,0.0,0.0,0.064,7.665,6.0,-1,,,,,,,,,infeasible
2021-02-08 01:30:00,3,5,0.0,0.0,0.0,0.2796,6.7725,6.0,-1,,,,,,,,,infeasible
2021-02-08 02:00:00,3,5,0.0,0.0,0.0,0.064,5.5755,6.0,-1,,,,,,,,,infeasible
2021-02-08 02:30:00,3,5,0.0,0.0,0.0,0.1231,5.0925,6.0,-1,,,,,,,,,infeasible
2021-02-08 03:00:00,3,5,0.0,0.0,0.0,0.2205,4.1895,6.0,-1,,,,,,,,,infeasible
2021-02-08 03:30:00,3,5,0.0,0.0,0.0,0.06433333333333333,7.056,6.0,-1,,,,,,,,,infeasible
2021-02-08 04:00:00,3,5,0.0,0.0,0.0,0.1237,5.271,6.0,-1,,,,,,,,,infeasible
2021-02-08 04:30:00,3,5,0.0,0.0,0.0,0.1805,7.938,6.0,-1,,,,,,,,,infeasible
2021-02-08 05:00:00,3,5,0.0,0.0,0.0,0.22483333333333327,7.938,6.0,-1,,,,,,,,,infeasible
2021-02-08 05:30:00,3,5,0.0,0.0,0.0,0.4692,11.907,6.0,-1,,,,,,,,,infeasible
2021-02-08 06:00:00,3,5,0.0,0.0,0.0,0.6925666666666668,11.025,6.0,-1,,,,,,,,,infeasible
2021-02-08 06:30:00,3,5,0.0,0.0,0.0,1.5360333333333334,11.2875,6.0,-1,,,,,,,,,infeasible
2021-02-08 07:00:00,3,5,0.0,0.0,0.0,0.38539999999999996,12.936,6.0,-1,,,,,,,,,infeasible
2021-02-08 07:30:00,3,5,0.0,0.0,0.0,1.5212,13.0095,6.0,-1,,,,,,,,,infeasible
2021-02-08 08:00:00,3,5,0.0,0.0,0.0,1.2570333333333332,13.671,6.0,-1,,,,,,,,,infeasible
2021-02-08 08:30:00,3,5,0.0,0.0,0.0,0.3366,13.188,6.0,-1,,,,,,,,,infeasible
2021-02-08 09:00:00,3,5,0.0,0.0,0.0,0.5115,13.8495,6.0,-1,,,,,,,,,infeasible
2021-02-08 09:30:00,3,5,0.0,0.0,0.0,0.47706666666666664,13.23,6.0,-1,,,,,,,,,infeasible
2021-02-08 10:00:00,3,5,0.0,0.0,0.0,0.6809333333333333,13.3665,6.0,-1,,,,,,,,,infeasible
2021-02-08 10:30:00,3,5,0.0,0.0,0.0,0.3041666666666667,13.0515,6.0,-1,,,,,,,,,infeasible
2021-02-08 11:00:00,3,5,0.0,0.0,0.0,2.7015333333333333,13.5345,6.0,-1,,,,,,,,,infeasible
2021-02-08 11:30:00,3,5,0.0,0.0,0.0,2.6358,14.154,6.0,-1,,,,,,,,,infeasible
2021-02-08 12:00:00,3,5,0.0,0.0,0.0,0.9136,14.112,6.0,-1,,,,,,,,,infeasible
2021-02-08 12:30:00,3,5,0.0,0.0,0.0,1.1994333333333334,14.2485,6.0,-1,,,,,,,,,infeasible
2021-02-08 13:00:00,3,5,0.0,0.0,0.0,0.6492333333333333,12.789,6.0,-1,,,,,,,,,infeasible
2021-02-08 13:30:00,3,5,0.0,0.0,0.0,0.2089,13.0095,6.0,-1,,,,,,,,,infeasible
2021-02-08 14:00:00,3,5,0.0,0.0,0.0,0.13340000000000002,12.1275,6.0,-1,,,,,,,,,infeasible
2021-02-08 14:30:00,3,5,0.0,0.0,0.0,0.074,12.348,6.0,-1,,,,,,,,,infeasible
2021-02-08 15:00:00,3,5,0.0,0.0,0.0,0.19469999999999998,12.348,6.0,-1,,,,,,,,,infeasible
2021-02-08 15:30:00,3,5,0.0,0.0,0.0,0.26946666666666663,25.389,6.0,-1,,,,,,,,,infeasible
2021-02-08 16:00:00,3,5,0.0,0.0,0.0,0.2844,29.1375,6.0,-1,,,,,,,,,infeasible
2021-02-08 16:30:00,3,5,0.0,0.0,0.0,0.4071,30.597,6.0,-1,,,,,,,,,infeasible
2021-02-08 17:00:00,3,5,0.0,0.0,0.0,0.3788666666666667,33.684,6.0,-1,,,,,,,,,infeasible
2021-02-08 17:30:00,3,5,0.0,0.0,0.0,0.37660000000000005,32.445,6.0,-1,,,,,,,,,infeasible
2021-02-08 18:00:00,3,5,0.0,0.0,0.0,0.6127999999999999,28.917,6.0,-1,,,,,,,,,infeasible
2021-02-08 18:30:00,3,5,0.0,0.0,0.0,0.3497333333333333,15.876,6.0,-1,,,,,,,,,infeasible
2021-02-08 19:00:00,3,5,0.0,0.0,0.0,0.3757,12.348,6.0,-1,,,,,,,,,infeasible
2021-02-08 19:30:00,3,5,0.0,0.0,0.0,0.4846333333333333,12.1275,6.0,-1,,,,,,,,,infeasible
2021-02-08 20:00:00,3,5,0.0,0.0,0.0,0.315,12.348,6.0,-1,,,,,,,,,infeasible
2021-02-08 20:30:00,3,5,0.0,0.0,0.0,0.34546666666666664,12.1275,6.0,-1,,,,,,,,,infeasible
2021-02-08 21:00:00,3,5,0.0,0.0,0.0,0.35003333333333336,12.1275,6.0,-1,,,,,,,,,infeasible
2021-02-08 21:30:00,3,5,0.0,0.0,0.0,0.3627666666666666,11.2665,6.0,-1,,,,,,,,,infeasible
2021-02-08 22:00:00,3,5,0.0,0.0,0.0,0.325,10.143,6.0,-1,,,,,,,,,infeasible
2021-02-08 22:30:00,3,5,0.0,0.0,0.0,0.4304333333333333,11.2455,6.0,-1,,,,,,,,,infeasible
2021-02-08 23:00:00,3,5,0.0,0.0,0.0,0.6391666666666667,11.025,6.0,-1,,,,,,,,,infeasible
2021-02-08 23:30:00,3,5,0.0,0.0,0.0,0.4403,5.9745,6.0,-1,,,,,,,,,infeasible
2021-02-09 00:00:00,3,5,0.0,0.0,0.0,0.063,12.2955,6.0,4,,,,,,,,,infeasible
2021-02-09 00:30:00,3,5,0.0,0.0,0.0,0.15073333333333333,11.6865,6.0,4,,,,,,,,,infeasible
2021-02-09 01:00:00,3,5,0.0,0.0,0.0,0.063,11.466,6.0,4,,,,,,,,,infeasible
2021-02-09 01:30:00,3,5,0.0,0.0,0.0,0.15073333333333333,10.8045,6.0,4,,,,,,,,,infeasible
2021-02-09 02:00:00,3,5,0.0,0.0,0.0,0.063,10.584,6.0,4,,,,,,,,,infeasible
2021-02-09 02:30:00,3,5,0.0,0.0,0.0,0.063,11.2455,6.0,4,,,,,,,,,infeasible
2021-02-09 03:00:00,3,5,0.0,0.0,0.0,0.12566666666666668,12.1275,6.0,4,,,,,,,,,infeasible
2021-02-09 03:30:00,3,5,0.0,0.0,0.0,0.08806666666666667,11.823,6.0,4,,,,,,,,,infeasible
2021-02-09 04:00:00,3,5,0.0,0.0,0.0,0.063,11.7705,6.0,4,,,,,,,,,infeasible
2021-02-09 04:30:00,3,5,0.0,0.0,0.0,0.15073333333333333,11.13,6.0,4,,,,,,,,,infeasible
2021-02-09 05:00:00,3,5,0.0,0.0,0.0,0.063,11.6865,6.0,4,,,,,,,,,infeasible
2021-02-09 05:30:00,3,5,0.0,0.0,0.0,0.12306666666666666,10.7205,6.0,4,,,,,,,,,infeasible
2021-02-09 06:00:00,3,5,0.0,0.0,0.0,0.1,11.424,6.0,4,,,,,,,,,infeasible
2021-02-09 06:30:00,3,5,0.0,0.0,0.0,0.9984666666666668,10.689,6.0,4,,,,,,,,,infeasible
2021-02-09 07:00:00,3,5,0.0,0.0,0.0,0.06733333333333333,11.361,6.0,4,,,,,,,,,infeasible
2021-02-09 07:30:00,3,5,0.0,0.0,0.0,0.47603333333333336,11.571,6.0,4,,,,,,,,,infeasible
2021-02-09 08:00:00,3,5,0.0,0.0,0.0,0.16146666666666668,14.3745,6.0,4,,,,,,,,,infeasible
2021-02-09 08:30:00,3,5,0.0,0.0,0.0,0.9625333333333332,13.23,6.0,4,,,,,,,,,infeasible
2021-02-09 09:00:00,3,5,0.0,0.0,0.0,1.0373333333333332,13.9755,6.0,4,,,,,,,,,infeasible
2021-02-09 09:30:00,3,5,0.0,0.0,0.0,0.6125,14.994,6.0,4,,,,,,,,,infeasible
2021-02-09 10:00:00,3,5,0.0,0.0,0.0,1.4998666666666665,13.671,6.0,4,,,,,,,,,infeasible
2021-02-09 10:30:00,3,5,0.0,0.0,0.0,1.2277,15.981,6.0,4,,,,,,,,,infeasible
2021-02-09 11:00:00,3,5,0.0,0.0,0.0,1.8234333333333328,15.6345,6.0,4,,,,,,,,,infeasible
2021-02-09 11:30:00,3,5,0.0,0.0,0.0,0.4714,16.5375,6.0,4,,,,,,,,,infeasible
2021-02-09 12:00:00,3,5,0.0,0.0,0.0,0.7834333333333333,14.7735,6.0,4,,,,,,,,,infeasible
2021-02-09 12:30:00,3,5,0.0,0.0,0.0,0.26080000000000003,15.2145,6.0,4,,,,,,,,,infeasible
2021-02-09 13:00:00,3,5,0.0,0.0,0.0,0.14786666666666667,14.553,6.0,4,,,,,,,,,infeasible
2021-02-09 13:30:00,3,5,0.0,0.0,0.0,0.7265,14.3325,6.0,4,,,,,,,,,infeasible
2021-02-09 14:00:00,3,5,0.0,0.0,0.0,1.006133333333333,14.595,6.0,4,,,,,,,,,infeasible
2021-02-09 14:30:00,3,5,0.0,0.0,0.0,0.144,14.994,6.0,4,,,,,,,,,infeasible
2021-02-09 15:00:00,3,5,0.0,0.0,0.0,0.3630333333333334,14.3325,6.0,4,,,,,,,,,infeasible
2021-02-09 15:30:00,3,5,0.0,0.0,0.0,0.27693333333333336,13.8915,6.0,4,,,,,,,,,infeasible
2021-02-09 16:00:00,3,5,0.0,0.0,0.0,0.19663333333333333,13.8915,6.0,4,,,,,,,,,infeasible
2021-02-09 16:30:00,3,5,0.0,0.0,0.0,0.28826666666666667,13.4715,6.0,4,,,,,,,,,infeasible
2021-02-09 17:00:00,3,5,0.0,0.0,0.0,0.216,13.23,6.0,4,,,,,,,,,infeasible
2021-02-09 17:30:00,3,5,0.0,0.0,0.0,1.1496,13.8915,6.0,4,,,,,,,,,infeasible
2021-02-09 18:00:00,3,5,0.0,0.0,0.0,0.2844,26.9325,6.0,4,,,,,,,,,infeasible
2021-02-09 18:30:00,3,5,0.0,0.0,0.0,0.5203,30.303,6.0,4,,,,,,,,,infeasible
2021-02-09 19:00:00,3,5,0.0,0.0,0.0,0.49406666666666665,32.886,6.0,4,,,,,,,,,infeasible
2021-02-09 19:30:00,3,5,0.0,0.0,0.0,0.20426666666666668,34.9965,6.0,4,,,,,,,,,infeasible
2021-02-09 20:00:00,3,5,0.0,0.0,0.0,0.22219999999999998,33.327,6.0,4,,,,,,,,,infeasible
2021-02-09 20:30:00,3,5,0.0,0.0,0.0,0.4338666666666667,31.122,6.0,4,,,,,,,,,infeasible
2021-02-09 21:00:00,3,5,0.0,0.0,0.0,0.293,17.9025,6.0,4,,,,,,,,,infeasible
2021-02-09 21:30:00,3,5,0.0,0.0,0.0,0.19313333333333332,15.6555,6.0,4,,,,,,,,,infeasible
2021-02-09 22:00:00,3,5,0.0,0.0,0.0,0.5092,14.553,6.0,4,,,,,,,,,infeasible
2021-02-09 22:30:00,3,5,0.0,0.0,0.0,0.08186666666666666,14.3325,6.0,4,,,,,,,,,infeasible
2021-02-09 23:00:00,3,5,0.0,0.0,0.0,0.1607333333333333,13.335,6.0,4,,,,,,,,,infeasible
2021-02-09 23:30:00,3,5,0.0,0.0,0.0,0.07266666666666667,12.1275,6.0,4,,,,,,,,,infeasible
2021-02-10 00:00:00,3,5,0.0,0.0,0.0,0.058,11.844,6.0,-4,,,,,,,,,infeasible
2021-02-10 00:30:00,3,5,0.0,0.0,0.0,0.121,11.508,6.0,-4,,,,,,,,,infeasible
2021-02-10 01:00:00,3,5,0.0,0.0,0.0,0.21126666666666669,11.508,6.0,-4,,,,,,,,,infeasible
2021-02-10 01:30:00,3,5,0.0,0.0,0.0,0.121,10.4475,6.0,-4,,,,,,,,,infeasible
2021-02-10 02:00:00,3,5,0.0,0.0,0.0,0.0998,10.8675,6.0,-4,,,,,,,,,infeasible
2021-02-10 02:30:00,3,5,0.0,0.0,0.0,0.23246666666666665,10.542,6.0,-4,,,,,,,,,infeasible
2021-02-10 03:00:00,3,5,0.0,0.0,0.0,0.058,11.025,6.0,-4,,,,,,,,,infeasible
2021-02-10 03:30:00,3,5,0.0,0.0,0.0,0.121,11.025,6.0,-4,,,,,,,,,infeasible
2021-02-10 04:00:00,3,5,0.0,0.0,0.0,0.19733333333333328,14.553,6.0,-4,,,,,,,,,infeasible
2021-02-10 04:30:00,3,5,0.0,0.0,0.0,0.1176,13.0935,6.0,-4,,,,,,,,,infeasible
2021-02-10 05:00:00,3,5,0.0,0.0,0.0,0.16563333333333333,15.6345,6.0,-4,,,,,,,,,infeasible
2021-02-10 05:30:00,3,5,0.0,0.0,0.0,0.14096666666666666,18.102,6.0,-4,,,,,,,,,infeasible
2021-02-10 06:00:00,3,5,0.0,0.0,0.0,0.11966666666666669,17.199,6.0,-4,,,,,,,,,infeasible
2021-02-10 06:30:00,3,5,0.0,0.0,0.0,1.0958333333333332,18.2805,6.0,-4,,,,,,,,,infeasible
2021-02-10 07:00:00,3,5,0.0,0.0,0.0,0.42093333333333327,17.4615,6.0,-4,,,,,,,,,infeasible
2021-02-10 07:30:00,3,5,0.0,0.0,0.0,0.09156666666666666,18.3225,6.0,-4,,,,,,,,,infeasible
2021-02-10 08:00:00,3,5,0.0,0.0,0.0,0.27876666666666666,17.094,6.0,-4,,,,,,,,,infeasible
2021-02-10 08:30:00,3,5,0.0,0.0,0.0,0.07859999999999999,17.094,6.0,-4,,,,,,,,,infeasible
2021-02-10 09:00:00,3,5,0.0,0.0,0.0,0.11823333333333332,17.094,6.0,-4,,,,,,,,,infeasible
2021-02-10 09:30:00,3,5,0.0,0.0,0.0,0.30543333333333333,17.3565,6.0,-4,,,,,,,,,infeasible
2021-02-10 10:00:00,3,5,0.0,0.0,0.0,0.19030000000000002,17.115,6.0,-4,,,,,,,,,infeasible
2021-02-10 10:30:00,3,5,0.0,0.0,0.0,0.33826666666666666,17.241,6.0,-4,,,,,,,,,infeasible
2021-02-10 11:00:00,3,5,0.0,0.0,0.0,0.3552666666666667,17.094,6.0,-4,,,,,,,,,infeasible
2021-02-10 11:30:00,3,5,0.0,0.0,0.0,0.19713333333333333,16.5165,6.0,-4,,,,,,,,,infeasible
2021-02-10 12:00:00,3,5,0.0,0.0,0.0,0.14463333333333334,17.8185,6.0,-4,,,,,,,,,infeasible
2021-02-10 12:30:00,3,5,0.0,0.0,0.0,0.15886666666666668,17.094,6.0,-4,,,,,,,,,infeasible
2021-02-10 13:00:00,3,5,0.0,0.0,0.0,0.19340000000000002,16.8945,6.0,-4,,,,,,,,,infeasible
2021-02-10 13:30:00,3,5,0.0,0.0,0.0,0.068,18.123,6.0,-4,,,,,,,,,infeasible
2021-02-10 14:00:00,3,5,0.0,0.0,0.0,0.2073333333333333,31.647,6.0,-4,,,,,,,,,infeasible
2021-02-10 14:30:00,3,5,0.0,0.0,0.0,0.10993333333333334,34.9965,6.0,-4,,,,,,,,,infeasible
2021-02-10 15:00:00,3,5,0.0,0.0,0.0,0.22790000000000002,34.9965,6.0,-4,,,,,,,,,infeasible
2021-02-10 15:30:00,3,5,0.0,0.0,0.0,1.3427,34.9965,6.0,-4,,,,,,,,,infeasible
2021-02-10 16:00:00,3,5,0.0,0.0,0.0,0.20113333333333333,34.9965,6.0,-4,,,,,,,,,infeasible
2021-02-10 16:30:00,3,5,0.0,0.0,0.0,0.2611,34.9965,6.0,-4,,,,,,,,,infeasible
2021-02-10 17:00:00,3,5,0.0,0.0,0.0,0.151,27.741,6.0,-4,,,,,,,,,infeasible
2021-02-10 17:30:00,3,5,0.0,0.0,0.0,0.2522666666666667,19.026,6.0,-4,,,,,,,,,infeasible
2021-02-10 18:00:00,3,5,0.0,0.0,0.0,0.22833333333333328,18.7215,6.0,-4,,,,,,,,,infeasible
2021-02-10 18:30:00,3,5,0.0,0.0,0.0,0.2841,17.4195,6.0,-4,,,,,,,,,infeasible
2021-02-10 19:00:00,3,5,0.0,0.0,0.0,0.2578666666666667,16.758,6.0,-4,,,,,,,,,infeasible
2021-02-10 19:30:00,3,5,0.0,0.0,0.0,0.43906666666666666,14.217,6.0,-4,,,,,,,,,infeasible
2021-02-10 20:00:00,3,5,0.0,0.0,0.0,0.3902333333333333,13.3665,6.0,-4,,,,,,,,,infeasible
2021-02-10 20:30:00,3,5,0.0,0.0,0.0,0.5034,12.789,6.0,-4,,,,,,,,,infeasible
2021-02-10 21:00:00,3,5,0.0,0.0,0.0,0.3751666666666667,11.907,6.0,-4,,,,,,,,,infeasible
2021-02-10 21:30:00,3,5,0.0,0.0,0.0,0.5846666666666667,11.7075,6.0,-4,,,,,,,,,infeasible
2021-02-10 22:00:00,3,5,0.0,0.0,0.0,0.2763333333333333,10.8045,6.0,-4,,,,,,,,,infeasible
2021-02-10 22:30:00,3,5,0.0,0.0,0.0,0.068,11.508,6.0,-4,,,,,,,,,infeasible
2021-02-10 23:00:00,3,5,0.0,0.0,0.0,0.22126666666666667,11.508,6.0,-4,,,,,,,,,infeasible
2021-02-10 23:30:00,3,5,0.0,0.0,0.0,0.06766666666666667,11.508,6.0,-4,,,,,,,,,infeasible
2021-02-11 00:00:00,3,5,0.0,0.0,0.0,0.05,10.6365,6.0,3,,,,,,,,,infeasible
2021-02-11 00:30:00,3,5,0.0,0.0,0.0,0.1184,11.2455,6.0,3,,,,,,,,,infeasible
2021-02-11 01:00:00,3,5,0.0,0.0,0.0,0.05,11.2455,6.0,3,,,,,,,,,infeasible
2021-02-11 01:30:00,3,5,0.0,0.0,0.0,0.05,11.025,6.0,3,,,,,,,,,infeasible
2021-02-11 02:00:00,3,5,0.0,0.0,0.0,0.05,12.0855,6.0,3,,,,,,,,,infeasible
2021-02-11 02:30:00,3,5,0.0,0.0,0.0,0.1032,11.6865,6.0,3,,,,,,,,,infeasible
2021-02-11 03:00:00,3,5,0.0,0.0,0.0,0.06520000000000001,11.2245,6.0,3,,,,,,,,,infeasible
2021-02-11 03:30:00,3,5,0.0,0.0,0.0,0.107,11.025,6.0,3,,,,,,,,,infeasible
2021-02-11 04:00:00,3,5,0.0,0.0,0.0,0.061399999999999996,10.7835,6.0,3,,,,,,,,,infeasible
2021-02-11 04:30:00,3,5,0.0,0.0,0.0,0.05,11.025,6.0,3,,,,,,,,,infeasible
2021-02-11 05:00:00,3,5,0.0,0.0,0.0,0.1184,10.584,6.0,3,,,,,,,,,infeasible
2021-02-11 05:30:00,3,5,0.0,0.0,0.0,0.05,11.025,6.0,3,,,,,,,,,infeasible
2021-02-11 06:00:00,3,5,0.0,0.0,0.0,0.05,10.4265,6.0,3,,,,,,,,,infeasible
2021-02-11 06:30:00,3,5,0.0,0.0,0.0,0.23466666666666663,12.789,6.0,3,,,,,,,,,infeasible
2021-02-11 07:00:00,3,5,0.0,0.0,0.0,0.051333333333333335,12.684,6.0,3,,,,,,,,,infeasible
2021-02-11 07:30:00,3,5,0.0,0.0,0.0,0.058,16.254,6.0,3,,,,,,,,,infeasible
2021-02-11 08:00:00,3,5,0.0,0.0,0.0,0.05866666666666666,17.64,6.0,3,,,,,,,,,infeasible
2021-02-11 08:30:00,3,5,0.0,0.0,0.0,0.12840000000000001,19.1625,6.0,3,,,,,,,,,infeasible
2021-02-11 09:00:00,3,5,0.0,0.0,0.0,0.06,26.46,6.0,3,,,,,,,,,infeasible
2021-02-11 09:30:00,3,5,0.0,0.0,0.0,0.06,20.79,6.0,3,,,,,,,,,infeasible
2021-02-11 10:00:00,3,5,0.0,0.0,0.0,0.0828,29.106,6.0,3,,,,,,,,,infeasible
2021-02-11 10:30:00,3,5,0.0,0.0,0.0,0.1056,19.1835,6.0,3,,,,,,,,,infeasible
2021-02-11 11:00:00,3,5,0.0,0.0,0.0,0.09040000000000001,19.6665,6.0,3,,,,,,,,,infeasible
2021-02-11 11:30:00,3,5,0.0,0.0,0.0,0.098,19.404,6.0,3,,,,,,,,,infeasible
2021-02-11 12:00:00,3,5,0.0,0.0,0.0,0.06,19.047,6.0,3,,,,,,,,,infeasible
2021-02-11 12:30:00,3,5,0.0,0.0,0.0,0.06,18.858,6.0,3,,,,,,,,,infeasible
2021-02-11 13:00:00,3,5,0.0,0.0,0.0,0.117,19.2675,6.0,3,,,,,,,,,infeasible
2021-02-11 13:30:00,3,5,0.0,0.0,0.0,0.0714,18.963,6.0,3,,,,,,,,,infeasible
2021-02-11 14:00:00,3,5,0.0,0.0,0.0,0.06,18.438,6.0,3,,,,,,,,,infeasible
2021-02-11 14:30:00,3,5,0.0,0.0,0.0,0.12840000000000001,18.7425,6.0,3,,,,,,,,,infeasible
2021-02-11 15:00:00,3,5,0.0,0.0,0.0,0.06,15.2145,6.0,3,,,,,,,,,infeasible
2021-02-11 15:30:00,3,5,0.0,0.0,0.0,0.059333333333333335,17.7765,6.0,3,,,,,,,,,infeasible
2021-02-11 16:00:00,3,5,0.0,0.0,0.0,0.0665,16.758,6.0,3,,,,,,,,,infeasible
2021-02-11 16:30:00,3,5,0.0,0.0,0.0,0.09316666666666669,16.422,6.0,3,,,,,,,,,infeasible
2021-02-11 17:00:00,3,5,0.0,0.0,0.0,0.7657333333333334,16.758,6.0,3,,,,,,,,,infeasible
2021-02-11 17:30:00,3,5,0.0,0.0,0.0,0.8684,29.358,6.0,3,,,,,,,,,infeasible
2021-02-11 18:00:00,3,5,0.0,0.0,0.0,0.10526666666666668,34.9965,6.0,3,,,,,,,,,infeasible
2021-02-11 18:30:00,3,5,0.0,0.0,0.0,0.08466666666666667,34.65,6.0,3,,,,,,,,,infeasible
2021-02-11 19:00:00,3,5,0.0,0.0,0.0,1.639733333333333,34.9965,6.0,3,,,,,,,,,infeasible
2021-02-11 19:30:00,3,5,0.0,0.0,0.0,0.16686666666666666,34.9965,6.0,3,,,,,,,,,infeasible
2021-02-11 20:00:00,3,5,0.0,0.0,0.0,0.08106666666666666,30.4815,6.0,3,,,,,,,,,infeasible
2021-02-11 20:30:00,3,5,0.0,0.0,0.0,0.15506666666666666,21.4305,6.0,3,,,,,,,,,infeasible
2021-02-11 21:00:00,3,5,0.0,0.0,0.0,0.13,14.3325,6.0,3,,,,,,,,,infeasible
2021-02-11 21:30:00,3,5,0.0,0.0,0.0,0.30839999999999995,13.692,6.0,3,,,,,,,,,infeasible
2021-02-11 22:00:00,3,5,0.0,0.0,0.0,0.087,14.007,6.0,3,,,,,,,,,infeasible
2021-02-11 22:30:00,3,5,0.0,0.0,0.0,0.252,12.873,6.0,3,,,,,,,,,infeasible
2021-02-11 23:00:00,3,5,0.0,0.0,0.0,0.09473333333333332,12.684,6.0,3,,,,,,,,,infeasible
2021-02-11 23:30:00,3,5,0.0,0.0,0.0,0.098,12.306,6.0,3,,,,,,,,,infeasible
2021-02-12 00:00:00,3,5,0.0,0.0,0.0,0.058,11.025,6.0,-2,,,,,,,,,infeasible
2021-02-12 00:30:00,3,5,0.0,0.0,0.0,0.058,10.3635,6.0,-2,,,,,,,,,infeasible
2021-02-12 01:00:00,3,5,0.0,0.0,0.0,0.12366666666666669,10.8045,6.0,-2,,,,,,,,,infeasible
2021-02-12 01:30:00,3,5,0.0,0.0,0.0,0.08426666666666667,10.059,6.0,-2,,,,,,,,,infeasible
2021-02-12 02:00:00,3,5,0.0,0.0,0.0,0.15333333333333335,10.584,6.0,-2,,,,,,,,,infeasible
2021-02-12 02:30:00,3,5,0.0,0.0,0.0,0.14993333333333334,9.4185,6.0,-2,,,,,,,,,infeasible
2021-02-12 03:00:00,3,5,0.0,0.0,0.0,0.058,10.3635,6.0,-2,,,,,,,,,infeasible
2021-02-12 03:30:00,3,5,0.0,0.0,0.0,0.15333333333333335,9.8385,6.0,-2,,,,,,,,,infeasible
2021-02-12 04:00:00,3,5,0.0,0.0,0.0,0.14993333333333334,11.067,6.0,-2,,,,,,,,,infeasible
2021-02-12 04:30:00,3,5,0.0,0.0,0.0,0.058,10.8465,6.0,-2,,,,,,,,,infeasible
2021-02-12 05:00:00,3,5,0.0,0.0,0.0,0.2142,13.671,6.0,-2,,,,,,,,,infeasible
2021-02-12 05:30:00,3,5,0.0,0.0,0.0,0.0864,12.348,6.0,-2,,,,,,,,,infeasible
2021-02-12 06:00:00,3,5,0.0,0.0,0.0,0.056,14.3325,6.0,-2,,,,,,,,,infeasible
2021-02-12 06:30:00,3,5,0.0,0.0,0.0,0.21996666666666667,15.393,6.0,-2,,,,,,,,,infeasible
2021-02-12 07:00:00,3,5,0.0,0.0,0.0,0.10216666666666668,13.587,6.0,-2,,,,,,,,,infeasible
2021-02-12 07:30:00,3,5,0.0,0.0,0.0,0.08243333333333333,16.1385,6.0,-2,,,,,,,,,infeasible
2021-02-12 08:00:00,3,5,0.0,0.0,0.0,1.5479666666666667,14.595,6.0,-2,,,,,,,,,infeasible
2021-02-12 08:30:00,3,5,0.0,0.0,0.0,1.4516666666666667,14.637,6.0,-2,,,,,,,,,infeasible
2021-02-12 09:00:00,3,5,0.0,0.0,0.0,1.3419,13.9125,6.0,-2,,,,,,,,,infeasible
2021-02-12 09:30:00,3,5,0.0,0.0,0.0,1.0110333333333332,13.3665,6.0,-2,,,,,,,,,infeasible
2021-02-12 10:00:00,3,5,0.0,0.0,0.0,0.2006,13.0095,6.0,-2,,,,,,,,,infeasible
2021-02-12 10:30:00,3,5,0.0,0.0,0.0,0.44360000000000005,13.8915,6.0,-2,,,,,,,,,infeasible
2021-02-12 11:00:00,3,5,0.0,0.0,0.0,2.864233333333333,13.188,6.0,-2,,,,,,,,,infeasible
2021-02-12 11:30:00,3,5,0.0,0.0,0.0,2.4764,12.5685,6.0,-2,,,,,,,,,infeasible
2021-02-12 12:00:00,3,5,0.0,0.0,0.0,1.7147000000000001,12.285,6.0,-2,,,,,,,,,infeasible
2021-02-12 12:30:00,3,5,0.0,0.0,0.0,0.19256666666666664,11.487,6.0,-2,,,,,,,,,infeasible
2021-02-12 13:00:00,3,5,0.0,0.0,0.0,0.23533333333333328,11.802,6.0,-2,,,,,,,,,infeasible
2021-02-12 13:30:00,3,5,0.0,0.0,0.0,0.26143333333333335,11.2245,6.0,-2,,,,,,,,,infeasible
2021-02-12 14:00:00,3,5,0.0,0.0,0.0,0.2812,11.025,6.0,-2,,,,,,,,,infeasible
2021-02-12 14:30:00,3,5,0.0,0.0,0.0,0.194,11.907,6.0,-2,,,,,,,,,infeasible
2021-02-12 15:00:00,3,5,0.0,0.0,0.0,0.1719,25.83,6.0,-2,,,,,,,,,infeasible
2021-02-12 15:30:00,3,5,0.0,0.0,0.0,0.26580000000000004,28.035,6.0,-2,,,,,,,,,infeasible
2021-02-12 16:00:00,3,5,0.0,0.0,0.0,0.8413666666666667,28.119,6.0,-2,,,,,,,,,infeasible
2021-02-12 16:30:00,3,5,0.0,0.0,0.0,1.4935666666666667,30.156,6.0,-2,,,,,,,,,infeasible
2021-02-12 17:00:00,3,5,0.0,0.0,0.0,0.46013333333333334,29.1585,6.0,-2,,,,,,,,,infeasible
2021-02-12 17:30:00,3,5,0.0,0.0,0.0,0.34913333333333335,26.712,6.0,-2,,,,,,,,,infeasible
2021-02-12 18:00:00,3,5,0.0,0.0,0.0,0.39653333333333335,15.435,6.0,-2,,,,,,,,,infeasible
2021-02-12 18:30:00,3,5,0.0,0.0,0.0,2.8209333333333335,13.566,6.0,-2,,,,,,,,,infeasible
2021-02-12 19:00:00,3,5,0.0,0.0,0.0,3.012033333333333,12.789,6.0,-2,,,,,,,,,infeasible
2021-02-12 19:30:00,3,5,0.0,0.0,0.0,0.5695,12.1275,6.0,-2,,,,,,,,,infeasible
2021-02-12 20:00:00,3,5,0.0,0.0,0.0,0.32456666666666667,13.671,6.0,-2,,,,,,,,,infeasible
2021-02-12 20:30:00,3,5,0.0,0.0,0.0,0.5606,10.668,6.0,-2,,,,,,,,,infeasible
2021-02-12 21:00:00,3,5,0.0,0.0,0.0,0.2926333333333333,11.7285,6.0,-2,,,,,,,,,infeasible
2021-02-12 21:30:00,3,5,0.0,0.0,0.0,0.47653333333333336,11.025,6.0,-2,,,,,,,,,infeasible
2021-02-12 22:00:00,3,5,0.0,0.0,0.0,0.4672,10.689,6.0,-2,,,,,,,,,infeasible
2021-02-12 22:30:00,3,5,0.0,0.0,0.0,0.5752,8.1585,6.0,-2,,,,,,,,,infeasible
2021-02-12 23:00:00,3,5,0.0,0.0,0.0,0.32556666666666667,10.3635,6.0,-2,,,,,,,,,infeasible
2021-02-12 23:30:00,3,5,0.0,0.0,0.0,0.9499333333333332,10.8045,6.0,-2,,,,,,,,,infeasible
2021-02-13 00:00:00,3,5,0.0,0.0,0.0,0.0595,9.5655,6.0,2,,,,,,,,,infeasible
2021-02-13 00:30:00,3,5,0.0,0.0,0.0,0.1268,7.056,6.0,2,,,,,,,,,infeasible
2021-02-13 01:00:00,3,5,0.0,0.0,0.0,0.37360000000000004,9.3975,6.0,2,,,,,,,,,infeasible
2021-02-13 01:30:00,3,5,0.0,0.0,0.0,0.229,10.059,6.0,2,,,,,,,,,infeasible
2021-02-13 02:00:00,3,5,0.0,0.0,0.0,0.2841666666666667,9.261,6.0,2,,,,,,,,,infeasible
2021-02-13 02:30:00,3,5,0.0,0.0,0.0,0.4119666666666666,8.1585,6.0,2,,,,,,,,,infeasible
2021-02-13 03:00:00,3,5,0.0,0.0,0.0,0.6768666666666667,9.4815,6.0,2,,,,,,,,,infeasible
2021-02-13 03:30:00,3,5,0.0,0.0,0.0,0.4921333333333333,8.379,6.0,2,,,,,,,,,infeasible
2021-02-13 04:00:00,3,5,0.0,0.0,0.0,0.3314,9.5235,6.0,2,,,,,,,,,infeasible
2021-02-13 04:30:00,3,5,0.0,0.0,0.0,0.337,8.1375,6.0,2,,,,,,,,,infeasible
2021-02-13 05:00:00,3,5,0.0,0.0,0.0,0.4051,10.0905,6.0,2,,,,,,,,,infeasible
2021-02-13 05:30:00,3,5,0.0,0.0,0.0,0.21630000000000002,7.539,6.0,2,,,,,,,,,infeasible
2021-02-13 06:00:00,3,5,0.0,0.0,0.0,1.4627999999999999,7.938,6.0,2,,,,,,,,,infeasible
2021-02-13 06:30:00,3,5,0.0,0.0,0.0,0.1648,8.274,6.0,2,,,,,,,,,infeasible
2021-02-13 07:00:00,3,5,0.0,0.0,0.0,0.09846666666666669,9.261,6.0,2,,,,,,,,,infeasible
2021-02-13 07:30:00,3,5,0.0,0.0,0.0,0.2114,9.9225,6.0,2,,,,,,,,,infeasible
2021-02-13 08:00:00,3,5,0.0,0.0,0.0,0.45176666666666665,9.702,6.0,2,,,,,,,,,infeasible
2021-02-13 08:30:00,3,5,0.0,0.0,0.0,0.062,10.584,6.0,2,,,,,,,,,infeasible
2021-02-13 09:00:00,3,5,0.0,0.0,0.0,0.062,10.143,6.0,2,,,,,,,,,infeasible
2021-02-13 09:30:00,3,5,0.0,0.0,0.0,1.8752,13.0095,6.0,2,,,,,,,,,infeasible
2021-02-13 10:00:00,3,5,0.0,0.0,0.0,0.2953,11.025,6.0,2,,,,,,,,,infeasible
2021-02-13 10:30:00,3,5,0.0,0.0,0.0,1.4704666666666666,12.789,6.0,2,,,,,,,,,infeasible
2021-02-13 11:00:00,3,5,0.0,0.0,0.0,1.7071333333333334,12.1275,6.0,2,,,,,,,,,infeasible
2021-02-13 11:30:00,3,5,0.0,0.0,0.0,0.28236666666666665,12.1695,6.0,2,,,,,,,,,infeasible
2021-02-13 12:00:00,3,5,0.0,0.0,0.0,0.4475,12.306,6.0,2,,,,,,,,,infeasible
2021-02-13 12:30:00,3,5,0.0,0.0,0.0,0.34386666666666665,13.23,6.0,2,,,,,,,,,infeasible
2021-02-13 13:00:00,3,5,0.0,0.0,0.0,0.23786666666666667,13.671,6.0,2,,,,,,,,,infeasible
2021-02-13 13:30:00,3,5,0.0,0.0,0.0,0.2779,13.9335,6.0,2,,,,,,,,,infeasible
2021-02-13 14:00:00,3,5,0.0,0.0,0.0,1.4646333333333335,13.293,6.0,2,,,,,,,,,infeasible
2021-02-13 14:30:00,3,5,0.0,0.0,0.0,0.3753,12.1065,6.0,2,,,,,,,,,infeasible
2021-02-13 15:00:00,3,5,0.0,0.0,0.0,0.3189666666666666,11.571,6.0,2,,,,,,,,,infeasible
2021-02-13 15:30:00,3,5,0.0,0.0,0.0,0.449,11.025,6.0,2,,,,,,,,,infeasible
2021-02-13 16:00:00,3,5,0.0,0.0,0.0,1.5989666666666666,10.8465,6.0,2,,,,,,,,,infeasible
2021-02-13 16:30:00,3,5,0.0,0.0,0.0,0.45103333333333334,11.2455,6.0,2,,,,,,,,,infeasible
2021-02-13 17:00:00,3,5,0.0,0.0,0.0,0.5425,23.8665,6.0,2,,,,,,,,,infeasible
2021-02-13 17:30:00,3,5,0.0,0.0,0.0,0.3316,27.4575,6.0,2,,,,,,,,,infeasible
2021-02-13 18:00:00,3,5,0.0,0.0,0.0,0.5241666666666667,27.3735,6.0,2,,,,,,,,,infeasible
2021-02-13 18:30:00,3,5,0.0,0.0,0.0,0.3149666666666666,30.4605,6.0,2,,,,,,,,,infeasible
2021-02-13 19:00:00,3,5,0.0,0.0,0.0,0.2429333333333333,30.0195,6.0,2,,,,,,,,,infeasible
2021-02-13 19:30:00,3,5,0.0,0.0,0.0,0.214,26.9325,6.0,2,,,,,,,,,infeasible
2021-02-13 20:00:00,3,5,0.0,0.0,0.0,0.3552666666666667,14.595,6.0,2,,,,,,,,,infeasible
2021-02-13 20:30:00,3,5,0.0,0.0,0.0,0.09613333333333333,12.4845,6.0,2,,,,,,,,,infeasible
2021-02-13 21:00:00,3,5,0.0,0.0,0.0,0.19,12.1275,6.0,2,,,,,,,,,infeasible
2021-02-13 21:30:00,3,5,0.0,0.0,0.0,0.1282333333333333,12.1275,6.0,2,,,,,,,,,infeasible
2021-02-13 22:00:00,3,5,0.0,0.0,0.0,1.5132333333333332,12.789,6.0,2,,,,,,,,,infeasible
2021-02-13 22:30:00,3,5,0.0,0.0,0.0,0.31543333333333334,11.907,6.0,2,,,,,,,,,infeasible
2021-02-13 23:00:00,3,5,0.0,0.0,0.0,0.062,11.025,6.0,2,,,,,,,,,infeasible
2021-02-13 23:30:00,3,5,0.0,0.0,0.0,0.18886666666666668,8.2005,6.0,2,,,,,,,,,infeasible
2021-02-07 00:00:00,4,5,0.0,0.0,0.0,0.062,6.615,6.0,-4,21.0,,,0.0,0.0,0.0,0.0,47.952,optimal
2021-02-07 00:30:00,4,5,0.0,0.0,0.0,0.163,6.174,6.0,-4,20.884818595526358,,,0.0,0.0,0.0,0.0,47.904047999999996,optimal
2021-02-07 01:00:00,4,5,1.1428571428571428,0.0,0.0,0.10913333333333335,3.906,6.0,-4,20.777314530535516,,,4000.0,0.0,0.0,0.0,47.856143952,optimal
2021-02-07 01:30:00,4,5,1.1428571428571428,0.0,0.0,0.062,2.3415,6.0,-4,20.965384960201956,,,4000.0,0.0,0.0,0.0,47.80828780804799,optimal
2021-02-07 02:00:00,4,5,1.1428571428571428,0.0,0.0,0.18993333333333332,2.205,6.0,-4,21.148143531038535,,,4000.0,0.0,0.0,0.0,47.76047952023995,optimal
2021-02-07 02:30:00,4,5,1.1428571428571428,0.0,1.3150084239632513,0.08220000000000001,0.882,6.0,-4,21.33874041157508,,,4000.0,0.0,0.0,0.0,48.33734804210225,optimal
2021-02-07 03:00:00,4,5,1.1428571428571428,0.0,0.0,0.09566666666666669,1.5435,6.0,-4,21.51909401648631,,,4000.0,0.0,0.0,0.0,48.289010694060146,optimal
2021-02-07 03:30:00,4,5,1.1428571428571428,0.0,0.0,0.17646666666666666,1.5435,6.0,-4,21.698357458760622,,,4000.0,0.0,0.0,0.0,48.240721683366075,optimal
2021-02-07 04:00:00,4,5,1.1428571428571428,0.0,0.0,0.062,5.0715,6.0,-4,21.881955649865485,,,4000.0,0.0,0.0,0.0,48.192480961682705,optimal
2021-02-07 04:30:00,4,5,0.12824923792290358,0.0,0.0,0.21013333333333334,5.376,6.0,-4,22.055232996591855,,,448.8723327301625,0.0,0.0,0.0,48.144288480721016,optimal
2021-02-07 05:00:00,4,5,1.1428571428571428,0.0,0.0,0.06433333333333333,5.0715,6.0,-4,21.972369545327332,,,4000.0,0.0,0.0,0.0,48.096144192240295,optimal
2021-02-07 05:30:00,4,5,0.0,0.0,0.0,0.09726666666666668,5.5125,6.0,-4,22.144970076766132,,,0.0,0.0,0.0,0.0,48.048048048048045,optimal
2021-02-07 06:00:00,4,5,0.0,6.6570370370370355,0.0,0.41163333333333335,9.261,6.0,-4,22.018743258209543,,,0.0,0.0,0.0,5991.333333333332,48.0,optimal
2021-02-07 06:30:00,4,5,0.0,0.0,0.0,0.07,11.7075,6.0,-4,21.931649266012894,,,0.0,0.0,0.0,0.0,47.79802851976206,optimal
2021-02-07 07:00:00,4,5,0.0,0.6192592592592592,0.0,0.41133333333333333,12.348,6.0,-4,21.822588695999695,,,0.0,0.0,0.0,557.3333333333333,47.59625901100436,optimal
2021-02-07 07:30:00,4,5,0.0,0.0,0.0,0.09,12.348,6.0,-4,21.760817720503677,,,0.0,0.0,0.0,0.0,47.39469127175543,optimal
2021-02-07 08:00:00,4,5,0.0,0.387037037037037,0.0,0.3011666666666667,12.1275,6.0,-4,21.64506098458861,,,0.0,0.0,0.0,348.3333333333333,47.19332510024574,optimal
2021-02-07 08:30:00,4,5,0.0,0.1548148148148148,0.0,0.19666666666666663,12.5265,6.0,-4,21.567178422864398,,,0.0,0.0,0.0,139.33333333333331,46.992160294907556,optimal
2021-02-07 09:00:00,4,5,0.0,0.0,0.0,0.105,11.7495,6.0,-4,21.497542569365386,,,0.0,0.0,0.0,0.0,46.791196654374716,optimal
2021-02-07 09:30:00,4,5,0.0,0.0,0.0,0.0945,13.23,6.0,-4,21.425519994026672,,,0.0,0.0,0.0,0.0,46.590433977482405,optimal
2021-02-07 10:00:00,4,5,0.0,0.0,0.0,0.5656,14.3325,6.0,-4,21.35165247110988,,,0.0,0.0,0.0,0.0,46.389872063266985,optimal
2021-02-07 10:30:00,4,5,0.0,0.0,0.0,0.07673333333333333,14.994,6.0,-4,21.30778873410018,,,0.0,0.0,0.0,0.0,46.189510710965784,optimal
2021-02-07 11:00:00,4,5,0.0,0.0,0.0,0.10693333333333334,14.8155,6.0,-4,21.217146561931063,,,0.0,0.0,0.0,0.0,45.98934972001688,optimal
2021-02-07 11:30:00,4,5,0.0,0.1548148148148148,0.0,0.19963333333333333,14.112,6.0,-4,21.126698947801444,,,0.0,0.0,0.0,139.33333333333331,45.78938889005893,optimal
2021-02-07 12:00:00,4,5,0.0,0.0,0.0,0.11176666666666668,14.007,6.0,-4,21.044329839250523,,,0.0,0.0,0.0,0.0,45.58962802093094,optimal
2021-02-07 12:30:00,4,5,0.0,0.23222222222222222,0.0,0.2911333333333333,13.23,6.0,-4,20.933158796047355,,,0.0,0.0,0.0,209.0,45.39006691267207,optimal
2021-02-07 13:00:00,4,5,0.0,0.1548148148148148,0.0,0.213,11.382,6.0,-4,20.82081295047221,,,0.0,0.0,0.0,139.33333333333331,45.19070536552146,optimal
2021-02-07 13:30:00,4,5,0.0,0.0,0.0,0.2008,11.7495,6.0,-4,20.7097973634985,,,0.0,0.0,0.0,0.0,44.991543179918004,optimal
2021-02-07 14:00:00,4,5,0.0,0.23222222222222222,0.0,0.37873333333333337,24.3285,6.0,-4,20.602975132123255,,,0.0,0.0,0.0,209.0,44.79258015650015,optimal
2021-02-07 14:30:00,4,5,0.0,0.0,0.0,0.3027333333333333,28.917,6.0,-4,20.50248162851194,,,0.0,0.0,0.0,0.0,44.59381609610571,optimal
2021-02-07 15:00:00,4,5,0.0,0.0,0.0,1.0514666666666668,31.3635,6.0,-4,20.42408334120334,,,0.0,0.0,0.0,0.0,44.395250799771674,optimal
2021-02-07 15:30:00,4,5,0.0,0.0,0.0,1.1807333333333332,33.306,6.0,-4,20.369890971548866,,,0.0,0.0,0.0,0.0,44.196884068733965,optimal
2021-02-07 16:00:00,4,5,0.0,0.0,0.0,0.07233333333333333,31.3425,6.0,-4,20.325638482529726,,,0.0,0.0,0.0,0.0,43.9987157044273,optimal
2021-02-07 16:30:00,4,5,0.0,0.0,0.0,0.2531333333333333,28.2555,6.0,-4,20.263787009532006,,,0.0,0.0,0.0,0.0,43.80074550848494,optimal
2021-02-07 17:00:00,4,5,0.0,0.0,0.0,0.29419999999999996,15.6975,6.0,-4,20.208199717065764,,,0.0,0.0,0.0,0.0,43.60297328273852,optimal
2021-02-07 17:30:00,4,5,0.0,0.0,0.0,0.3177333333333333,12.5475,6.0,-4,20.147466690217907,,,0.0,0.0,0.0,0.0,43.405398829217845,optimal
2021-02-07 18:00:00,4,5,0.0,0.46444444444444444,0.0,0.36169999999999997,12.0855,6.0,-4,20.121851181676913,,,0.0,0.0,0.0,418.0,43.208021950150695,optimal
2021-02-07 18:30:00,4,5,0.0,0.23222222222222222,0.0,0.3629666666666666,11.907,6.0,-4,20.08172159542012,,,0.0,0.0,0.0,209.0,43.164813928200545,optimal
2021-02-07 19:00:00,4,5,0.0,0.0,0.0,0.26353333333333334,12.5685,6.0,-4,20.03881685228859,,,0.0,0.0,0.0,0.0,43.121649114272344,optimal
2021-02-07 19:30:00,4,5,0.0,0.0,0.0,1.2164666666666668,13.146,6.0,-4,20.0,,,0.0,0.0,0.0,0.0,43.078527465158075,optimal
2021-02-07 20:00:00,4,5,0.0,0.0,0.0,0.4809,10.584,6.0,-4,20.037125652083496,,,0.0,0.0,0.0,0.0,43.03544893769292,optimal
2021-02-07 20:30:00,4,5,0.0,0.0,0.0,0.6567333333333334,6.678,6.0,-4,20.017997052733946,,,0.0,0.0,0.0,0.0,42.992413488755226,optimal
2021-02-07 21:00:00,4,5,0.0,1.9351851851851851,0.0,0.31476666666666664,7.938,6.0,-4,20.00752922167097,,,0.0,0.0,0.0,1741.6666666666667,42.94942107526647,optimal
2021-02-07 21:30:00,4,5,0.0,0.0774074074074074,0.0,0.41043333333333326,5.292,6.0,-4,19.983879874969865,,,0.0,0.0,0.0,69.66666666666666,42.90647165419121,optimal
2021-02-07 22:00:00,4,5,0.0,0.0,0.0,0.4471666666666667,9.261,6.0,-4,19.94251680058665,,,0.0,0.0,0.0,0.0,42.863565182537016,optimal
2021-02-07 22:30:00,4,5,0.0,0.1548148148148148,0.0,0.7567333333333334,10.3635,6.0,-4,19.91287630192053,,,0.0,0.0,0.0,139.33333333333331,42.82070161735448,optimal
2021-02-07 23:00:00,4,5,0.0,0.5418518518518518,0.0,0.4196666666666667,8.274,6.0,-4,19.911355987906195,,,0.0,0.0,0.0,487.6666666666667,42.77788091573713,optimal
2021-02-07 23:30:00,4,5,0.0,0.0,0.0,0.26593333333333335,7.7175,6.0,-4,19.88810205444256,,,0.0,0.0,0.0,0.0,42.73510303482139,optimal
2021-02-08 00:00:00,4,5,0.0,0.0,0.0,0.057,11.2455,6.0,2,19.88810205444256,,,0.0,0.0,0.0,0.0,42.69236793178657,optimal
2021-02-08 00:30:00,4,5,0.0,0.0,0.0,0.057,11.025,6.0,2,19.76973084261414,,,0.0,0.0,0.0,0.0,42.649675563854785,optimal
2021-02-08 01:00:00,4,5,1.1428571428571428,0.0,0.5952278496422991,0.09866666666666668,5.9745,6.0,2,19.65224572739028,,,4000.0,0.0,0.0,0.0,42.88975911687101,optimal
2021-02-08 01:30:00,4,5,1.1428571428571428,0.0,0.0,0.09033333333333332,7.938,6.0,2,19.838312704066215,,,4000.0,0.0,0.0,0.0,42.84686935775414,optimal
2021-02-08 02:00:00,4,5,1.1428571428571428,0.0,0.0,0.09033333333333332,8.6835,6.0,2,20.02198847648128,,,4000.0,0.0,0.0,0.0,42.804022488396384,optimal
2021-02-08 02:30:00,4,5,1.1428571428571428,0.0,0.0,0.09866666666666668,7.665,6.0,2,20.203915011853777,,,4000.0,0.0,0.0,0.0,42.76121846590798,optimal
2021-02-08 03:00:00,4,5,1.1428571428571428,0.0,0.0,0.061166666666666654,6.7725,6.0,2,20.385478046213038,,,4000.0,0.0,0.0,0.0,42.71845724744207,optimal
2021-02-08 03:30:00,4,5,1.1428571428571428,0.0,3.0,0.12783333333333333,5.5755,6.0,2,20.563247930622,,,4000.0,0.0,0.0,0.0,44.10073879019462,optimal
2021-02-08 04:00:00,4,5,1.1428571428571428,0.0,3.0,0.07783333333333332,5.0925,6.0,2,20.7443053261551,,,4000.0,0.0,0.0,0.0,45.481638051404424,optimal
2021-02-08 04:30:00,4,5,1.1428571428571428,0.0,3.0,0.11116666666666669,4.1895,6.0,2,20.919888681494854,,,4000.0,0.0,0.0,0.0,46.86115641335301,optimal
2021-02-08 05:00:00,4,5,1.1428571428571428,0.0,0.0,0.0695,7.056,6.0,2,21.0959053594491,,,4000.0,0.0,0.0,0.0,46.81429525693965,optimal
2021-02-08 05:30:00,4,5,1.1428571428571428,0.0,3.0,0.1195,5.271,6.0,2,21.266735510800387,,,4000.0,0.0,0.0,0.0,48.192480961682705,optimal
2021-02-08 06:00:00,4,5,1.1428571428571428,0.0,0.0,0.057,7.938,6.0,2,21.439656987791786,,,4000.0,0.0,0.0,0.0,48.144288480721016,optimal
2021-02-08 06:30:00,4,5,1.1428571428571428,0.0,0.0,0.057,7.938,6.0,2,21.606229227081794,,,4000.0,0.0,0.0,0.0,48.096144192240295,optimal
2021-02-08 07:00:00,4,5,0.0,0.46444444444444444,0.0,1.4063333333333332,11.907,6.0,2,21.771180262001995,,,0.0,0.0,0.0,418.0,48.048048048048045,optimal
2021-02-08 07:30:00,4,5,0.0,0.46444444444444444,0.0,0.9151666666666667,11.025,6.0,2,21.662276124893143,,,0.0,0.0,0.0,418.0,48.0,optimal
2021-02-08 08:00:00,4,5,0.0,6.192592592592591,0.0,0.2678333333333333,11.2875,6.0,2,21.564719667814135,,,0.0,0.0,0.0,5573.333333333332,47.84936895226403,optimal
2021-02-08 08:30:00,4,5,0.0,0.0,0.0,2.2664333333333335,12.936,6.0,2,21.468521747729074,,,0.0,0.0,0.0,0.0,47.6988885355758,optimal
2021-02-08 09:00:00,4,5,0.0,0.9288888888888889,0.0,0.2527,13.0095,6.0,2,21.389252522243606,,,0.0,0.0,0.0,836.0,47.54855859930425,optimal
2021-02-08 09:30:00,4,5,0.0,0.23222222222222222,0.0,0.21966666666666662,13.671,6.0,2,21.28517995413477,,,0.0,0.0,0.0,209.0,47.39837899296898,optimal
2021-02-08 10:00:00,4,5,0.0,0.0774074074074074,0.0,0.38380000000000003,13.188,6.0,2,21.183486095660335,,,0.0,0.0,0.0,69.66666666666666,47.248349566240044,optimal
2021-02-08 10:30:00,4,5,0.0,0.1548148148148148,0.0,0.9588,13.8495,6.0,2,21.091275002067963,,,0.0,0.0,0.0,139.33333333333331,47.09847016893784,optimal
2021-02-08 11:00:00,4,5,0.0,0.0,0.0,2.129,13.23,6.0,2,20.996569896485582,,,0.0,0.0,0.0,0.0,46.94874065103293,optimal
2021-02-08 11:30:00,4,5,0.0,0.387037037037037,0.0,2.939366666666667,13.3665,6.0,2,20.9674337570524,,,0.0,0.0,0.0,348.3333333333333,46.79916086264593,optimal
2021-02-08 12:00:00,4,5,0.0,0.0,0.0,3.639033333333333,13.0515,6.0,2,20.955907423061664,,,0.0,0.0,0.0,0.0,46.64973065404731,optimal
2021-02-08 12:30:00,4,5,0.0,0.3096296296296296,0.0,1.7960666666666667,13.5345,6.0,2,20.91272401098255,,,0.0,0.0,0.0,278.66666666666663,46.500449875657296,optimal
2021-02-08 13:00:00,4,5,0.0,0.23222222222222222,0.0,2.3423000000000003,14.154,6.0,2,20.820131075470044,,,0.0,0.0,0.0,209.0,46.35131837804567,optimal
2021-02-08 13:30:00,4,5,0.0,0.0,0.0,0.21766666666666662,14.112,6.0,2,20.742688544973113,,,0.0,0.0,0.0,0.0,46.202336011931656,optimal
2021-02-08 14:00:00,4,5,0.0,0.0,0.0,0.204,14.2485,6.0,2,20.642682512300834,,,0.0,0.0,0.0,0.0,46.05350262818376,optimal
2021-02-08 14:30:00,4,5,0.0,0.0,0.0,0.2036,12.789,6.0,2,20.5429629832506,,,0.0,0.0,0.0,0.0,45.904818077819606,optimal
2021-02-08 15:00:00,4,5,0.0,0.0,0.0,2.095833333333333,13.0095,6.0,2,20.436958398499964,,,0.0,0.0,0.0,0.0,45.756282212005814,optimal
2021-02-08 15:30:00,4,5,1.1428571428571428,0.0,0.0,0.2558333333333333,12.1275,6.0,2,20.342953543694705,,,4000.0,0.0,0.0,0.0,45.60789488205784,optimal
2021-02-08 16:00:00,4,5,0.0,0.6192592592592592,0.0,0.19126666666666667,12.348,6.0,2,20.544166054482442,,,0.0,0.0,0.0,557.3333333333333,45.45965593943981,optimal
2021-02-08 16:30:00,4,5,0.4960672565025642,0.1548148148148148,0.0,2.5365333333333333,12.348,6.0,2,20.449598000495104,,,1736.2353977589748,0.0,0.0,139.33333333333331,45.311565235764405,optimal
2021-02-08 17:00:00,4,5,0.0,0.0,0.0,0.4026,25.389,6.0,2,20.537036506533745,,,0.0,0.0,0.0,0.0,45.16362262279267,optimal
2021-02-08 17:30:00,4,5,0.0,0.0774074074074074,0.0,0.4649,29.1375,6.0,2,20.46581292618042,,,0.0,0.0,0.0,69.66666666666666,45.01582795243391,optimal
2021-02-08 18:00:00,4,5,0.0,0.23222222222222222,0.0,0.28703333333333336,30.597,6.0,2,20.405749737518363,,,0.0,0.0,0.0,209.0,44.86818107674551,optimal
2021-02-08 18:30:00,4,5,0.0,0.23222222222222222,0.0,0.09086666666666667,33.684,6.0,2,20.33571734998067,,,0.0,0.0,0.0,209.0,44.720681847932795,optimal
2021-02-08 19:00:00,4,5,0.0,0.0774074074074074,0.0,0.068,32.445,6.0,2,20.245307792643658,,,0.0,0.0,0.0,69.66666666666666,44.67596116608486,optimal
2021-02-08 19:30:00,4,5,0.0,0.1548148148148148,0.0,0.1715,28.917,6.0,2,20.15872016402793,,,0.0,0.0,0.0,139.33333333333331,44.631285204918775,optimal
2021-02-08 20:00:00,4,5,0.0,0.3096296296296296,0.0,0.2278,15.876,6.0,2,20.077082239379628,,,0.0,0.0,0.0,278.66666666666663,44.586653919713854,optimal
2021-02-08 20:30:00,4,5,0.0,0.0774074074074074,0.0,0.2653333333333333,12.348,6.0,2,20.0,,,0.0,0.0,0.0,69.66666666666666,44.54206726579414,optimal
2021-02-08 21:00:00,4,5,0.0,0.0774074074074074,0.0,0.39926666666666666,12.1275,6.0,2,19.93191000799473,,,0.0,0.0,0.0,69.66666666666666,44.49752519852834,optimal
2021-02-08 21:30:00,4,5,0.0,0.0,0.0,0.222,12.348,6.0,2,19.862459322500722,,,0.0,0.0,0.0,0.0,44.453027673329814,optimal
2021-02-08 22:00:00,4,5,0.0,0.23222222222222222,0.0,0.8039333333333333,12.1275,6.0,2,19.782425661143638,,,0.0,0.0,0.0,209.0,44.408574645656486,optimal
2021-02-08 22:30:00,4,5,0.0,0.0,0.0,1.6901,12.1275,6.0,2,19.70778598476389,,,0.0,0.0,0.0,0.0,44.36416607101083,optimal
2021-02-08 23:00:00,4,5,0.0,0.0,0.0,0.9612666666666667,11.2665,6.0,2,19.642646830978652,,,0.0,0.0,0.0,0.0,44.319801904939816,optimal
2021-02-08 23:30:00,4,5,0.0,0.0,0.0,0.06566666666666666,10.143,6.0,2,19.54613256734251,,,0.0,0.0,0.0,0.0,44.275482103034875,optimal
2021-02-09 00:00:00,4,5,1.1428571428571428,0.0,0.0,1.5217333333333332,11.823,6.0,-3,19.54613256734251,,,4000.0,0.0,0.0,0.0,44.23120662093184,optimal
2021-02-09 00:30:00,4,5,1.1428571428571428,0.0,0.0,0.062,11.7705,6.0,-3,19.732643414755973,,,4000.0,0.0,0.0,0.0,44.18697541431091,optimal
2021-02-09 01:00:00,4,5,1.1428571428571428,0.0,3.0,0.062,11.13,6.0,-3,19.896276292788244,,,4000.0,0.0,0.0,0.0,45.56778843889659,optimal
2021-02-09 01:30:00,4,5,1.1428571428571428,0.0,0.0,0.062,11.6865,6.0,-3,20.059058544170377,,,4000.0,0.0,0.0,0.0,45.5222206504577,optimal
2021-02-09 02:00:00,4,5,1.1428571428571428,0.0,3.0,0.062,10.7205,6.0,-3,20.219873674855755,,,4000.0,0.0,0.0,0.0,46.90169842980724,optimal
2021-02-09 02:30:00,4,5,1.1428571428571428,0.0,0.0,0.062,11.424,6.0,-3,20.378736410206596,,,4000.0,0.0,0.0,0.0,46.854796731377434,optimal
2021-02-09 03:00:00,4,5,1.1428571428571428,0.0,3.0,0.062,10.689,6.0,-3,20.53678422697489,,,4000.0,0.0,0.0,0.0,48.23294193464606,optimal
2021-02-09 03:30:00,4,5,1.1428571428571428,0.0,0.11792145400982847,0.062,11.361,6.0,-3,20.69402322543264,,,4000.0,0.0,0.0,0.0,48.240721683366075,optimal
2021-02-09 04:00:00,4,5,1.1428571428571428,0.0,0.0,0.062,11.571,6.0,-3,20.850833747393462,,,4000.0,0.0,0.0,0.0,48.192480961682705,optimal
2021-02-09 04:30:00,4,5,0.0,0.0,0.0,0.062,14.3745,6.0,-3,21.007219000322777,,,0.0,0.0,0.0,0.0,48.144288480721016,optimal
2021-02-09 05:00:00,4,5,1.1428571428571428,0.3096296296296296,0.0,0.5885,13.23,6.0,-3,20.862132726836414,,,4000.0,0.0,0.0,278.66666666666663,48.096144192240295,optimal
2021-02-09 05:30:00,4,5,0.0,0.46444444444444444,0.0,0.10826666666666668,13.9755,6.0,-3,21.03159059742205,,,0.0,0.0,0.0,418.0,48.048048048048045,optimal
2021-02-09 06:00:00,4,5,0.0,0.0,0.0,0.07959999999999999,14.994,6.0,-3,20.89757287554649,,,0.0,0.0,0.0,0.0,48.0,optimal
2021-02-09 06:30:00,4,5,0.9373781742946301,0.0,0.0,0.072,13.671,6.0,-3,20.75432616900496,,,3280.823610031205,0.0,0.0,0.0,47.71393180102999,optimal
2021-02-09 07:00:00,4,5,0.0,0.0,0.0,0.072,15.981,6.0,-3,20.849414084813226,,,0.0,0.0,0.0,0.0,47.42814967025896,optimal
2021-02-09 07:30:00,4,5,0.0,0.6966666666666667,0.0,0.33213333333333334,15.6345,6.0,-3,20.697721351588395,,,0.0,0.0,0.0,627.0,47.142653321618695,optimal
2021-02-09 08:00:00,4,5,0.0,2.012592592592592,0.0,2.9354,16.5375,6.0,-3,20.589760793592287,,,0.0,0.0,0.0,1811.333333333333,46.85744246932707,optimal
2021-02-09 08:30:00,4,5,0.0,0.23222222222222222,0.0,1.2326,14.7735,6.0,-3,20.511508014473332,,,0.0,0.0,0.0,209.0,46.57251682788774,optimal
2021-02-09 09:00:00,4,5,0.0,0.0,0.0,0.072,15.2145,6.0,-3,20.4110895595833,,,0.0,0.0,0.0,0.0,46.28787611208985,optimal
2021-02-09 09:30:00,4,5,0.0,0.0,0.0,0.072,14.553,6.0,-3,20.26342658998476,,,0.0,0.0,0.0,0.0,46.00352003700775,optimal
2021-02-09 10:00:00,4,5,1.1428571428571428,0.0,0.0,0.072,14.3325,6.0,-3,20.119114710834825,,,4000.0,0.0,0.0,0.0,45.719448318000744,optimal
2021-02-09 10:30:00,4,5,0.0,0.0,0.0,0.072,14.595,6.0,-3,20.27768113540609,,,0.0,0.0,0.0,0.0,45.435660670712736,optimal
2021-02-09 11:00:00,4,5,0.0,0.0,0.0,0.072,14.994,6.0,-3,20.13737971631569,,,0.0,0.0,0.0,0.0,45.15215681107202,optimal
2021-02-09 11:30:00,4,5,0.5187819797525747,0.0,0.0,0.072,14.3325,6.0,-3,20.0,,,1815.7369291340115,0.0,0.0,0.0,44.86893645529094,optimal
2021-02-09 12:00:00,4,5,1.1428571428571428,0.0,0.0,0.072,13.8915,6.0,-3,20.0,,,4000.0,0.0,0.0,0.0,44.58599931986565,optimal
2021-02-09 12:30:00,4,5,1.1428571428571428,0.0,0.0,0.08516666666666667,13.8915,6.0,-3,20.16394954385971,,,4000.0,0.0,0.0,0.0,44.30334512157578,optimal
2021-02-09 13:00:00,4,5,1.1428571428571428,0.0,0.0,0.11946666666666668,13.4715,6.0,-3,20.347061482551215,,,4000.0,0.0,0.0,0.0,44.0209735774842,optimal
2021-02-09 13:30:00,4,5,1.1428571428571428,0.0,0.0,0.072,13.23,6.0,-3,20.534094936820914,,,4000.0,0.0,0.0,0.0,43.73888440493671,optimal
2021-02-09 14:00:00,4,5,1.1428571428571428,0.0,0.0,0.072,13.8915,6.0,-3,20.692923522068885,,,4000.0,0.0,0.0,0.0,43.45707732156177,optimal
2021-02-09 14:30:00,4,5,0.0,0.0,0.0,0.072,26.9325,6.0,-3,20.85018886868664,,,0.0,0.0,0.0,0.0,43.1755520452702,optimal
2021-02-09 15:00:00,4,5,0.0,0.0,0.0,0.072,30.303,6.0,-3,20.706350387939242,,,0.0,0.0,0.0,0.0,42.89430829425493,optimal
2021-02-09 15:30:00,4,5,0.0,0.3096296296296296,0.0,0.07233333333333333,32.886,6.0,-3,20.563214353030624,,,0.0,0.0,0.0,278.66666666666663,42.613345786990664,optimal
2021-02-09 16:00:00,4,5,0.0,0.387037037037037,0.0,0.2864,34.9965,6.0,-3,20.438648644247394,,,0.0,0.0,0.0,348.3333333333333,42.33266424223367,optimal
2021-02-09 16:30:00,4,5,0.0,0.1548148148148148,0.0,1.2918666666666665,33.327,6.0,-3,20.339651075346502,,,0.0,0.0,0.0,139.33333333333331,42.05226337902143,optimal
2021-02-09 17:00:00,4,5,0.0,0.46444444444444444,0.0,1.0083666666666669,31.122,6.0,-3,20.24569895041532,,,0.0,0.0,0.0,418.0,41.77214291667241,optimal
2021-02-09 17:30:00,4,5,0.0,0.0,0.0,0.18730000000000002,17.9025,6.0,-3,20.172551383705247,,,0.0,0.0,0.0,0.0,41.49230257478573,optimal
2021-02-09 18:00:00,4,5,0.07806626589130727,1.8577777777777778,0.0,0.08493333333333333,15.6555,6.0,-3,20.078388914793525,,,273.23193061957545,0.0,0.0,1672.0,41.21274207324094,optimal
2021-02-09 18:30:00,4,5,0.33013693681878703,0.23222222222222222,0.0,0.098,14.553,6.0,-3,20.0,,,1155.4792788657546,0.0,0.0,209.0,40.93346113219769,optimal
2021-02-09 19:00:00,4,5,0.3487375211511118,0.0774074074074074,0.0,0.12213333333333334,14.3325,6.0,-3,20.0,,,1220.5813240288912,0.0,0.0,69.66666666666666,40.892527671065494,optimal
2021-02-09 19:30:00,4,5,0.2981565687701612,0.3096296296296296,0.0,0.16366666666666665,13.335,6.0,-3,20.0,,,1043.5479906955643,0.0,0.0,278.66666666666663,40.851635143394425,optimal
2021-02-09 20:00:00,4,5,0.3458765687701645,0.0774074074074074,0.0,0.42419999999999997,12.1275,6.0,-3,20.0,,,1210.5679906955759,0.0,0.0,69.66666666666666,40.81078350825103,optimal
2021-02-09 20:30:00,4,5,0.0,5.263703703703704,0.0,1.0375999999999999,12.2955,6.0,-3,20.0,,,0.0,0.0,0.0,4737.333333333333,40.76997272474278,optimal
2021-02-09 21:00:00,4,5,0.0,0.23222222222222222,0.0,0.5796,11.6865,6.0,-3,19.94777426355793,,,0.0,0.0,0.0,209.0,40.72920275201803,optimal
2021-02-09 21:30:00,4,5,0.0,0.1548148148148148,0.0,0.3482333333333333,11.466,6.0,-3,19.903598834785655,,,0.0,0.0,0.0,139.33333333333331,40.688473549266014,optimal
2021-02-09 22:00:00,4,5,0.0,7.50851851851852,0.0,0.349,10.8045,6.0,-3,19.830286247876735,,,0.0,0.0,0.0,6757.666666666668,40.64778507571675,optimal
2021-02-09 22:30:00,4,5,0.0,0.5418518518518518,0.0,0.5719333333333333,10.584,6.0,-3,19.761297431747863,,,0.0,0.0,0.0,487.6666666666667,40.60713729064103,optimal
2021-02-09 23:00:00,4,5,0.0,0.23222222222222222,0.0,0.25743333333333335,11.2455,6.0,-3,19.71285745461464,,,0.0,0.0,0.0,209.0,40.566530153350385,optimal
2021-02-09 23:30:00,4,5,0.0,0.0,0.0,0.23486666666666667,12.1275,6.0,-3,19.644213172481994,,,0.0,0.0,0.0,0.0,40.525963623197036,optimal
2021-02-10 00:00:00,4,5,1.1428571428571428,0.0,0.0,0.12136666666666666,11.844,6.0,-4,19.644213172481994,,,4000.0,0.0,0.0,0.0,40.48543765957384,optimal
2021-02-10 00:30:00,4,5,1.1428571428571428,0.0,0.40165091937889263,0.1835,11.508,6.0,-4,19.817373034047716,,,4000.0,0.0,0.0,0.0,40.63573640861923,optimal
2021-02-10 01:00:00,4,5,1.1428571428571428,0.0,3.0,0.067,11.508,6.0,-4,19.993141136384725,,,4000.0,0.0,0.0,0.0,42.02010067221061,optimal
2021-02-10 01:30:00,4,5,1.1428571428571428,0.0,3.0,0.19126666666666667,10.4475,6.0,-4,20.158120448762507,,,4000.0,0.0,0.0,0.0,43.40308057153839,optimal
2021-02-10 02:00:00,4,5,1.1428571428571428,0.0,3.0,0.11359999999999999,10.8675,6.0,-4,20.33042228501226,,,4000.0,0.0,0.0,0.0,44.78467749096684,optimal
2021-02-10 02:30:00,4,5,1.1428571428571428,0.0,3.0,0.067,10.542,6.0,-4,20.49486943238544,,,4000.0,0.0,0.0,0.0,46.16489281347587,optimal
2021-02-10 03:00:00,4,5,1.1428571428571428,0.0,3.0,0.2068,11.025,6.0,-4,20.6545957862879,,,4000.0,0.0,0.0,0.0,47.543727920662384,optimal
2021-02-10 03:30:00,4,5,1.1428571428571428,0.0,3.0,0.09806666666666666,11.025,6.0,-4,20.82359582217946,,,4000.0,0.0,0.0,0.0,48.92118419274172,optimal
2021-02-10 04:00:00,4,5,1.1428571428571428,0.0,0.0,0.067,14.553,6.0,-4,20.983187937239187,,,4000.0,0.0,0.0,0.0,48.87226300854897,optimal
2021-02-10 04:30:00,4,5,1.1428571428571428,0.0,0.0,0.23786666666666667,13.0935,6.0,-4,21.139258863758503,,,4000.0,0.0,0.0,0.0,48.823390745540415,optimal
2021-02-10 05:00:00,4,5,0.0,0.0,0.0,0.067,15.6345,6.0,-4,21.306208784248927,,,0.0,0.0,0.0,0.0,48.774567354794875,optimal
2021-02-10 05:30:00,4,5,0.0,0.0,0.0,0.10583333333333332,18.102,6.0,-4,21.158812218518317,,,0.0,0.0,0.0,0.0,48.72579278744007,optimal
2021-02-10 06:00:00,4,5,0.0,2.8640740740740736,0.0,0.20003333333333334,17.199,6.0,-4,21.01467860485321,,,0.0,0.0,0.0,2577.666666666666,48.67706699465263,optimal
2021-02-10 06:30:00,4,5,0.0,0.387037037037037,0.0,0.118,18.2805,6.0,-4,20.883908385099346,,,0.0,0.0,0.0,348.3333333333333,48.62838992765797,optimal
2021-02-10 07:00:00,4,5,0.0,0.387037037037037,0.0,0.27326666666666666,17.4615,6.0,-4,20.75382190536377,,,0.0,0.0,0.0,348.3333333333333,48.579761537730306,optimal
2021-02-10 07:30:00,4,5,0.0,0.6192592592592592,0.0,0.146,18.3225,6.0,-4,20.647160051383803,,,0.0,0.0,0.0,557.3333333333333,48.53118177619257,optimal
2021-02-10 08:00:00,4,5,0.0,0.8514814814814814,0.0,1.6873666666666665,17.094,6.0,-4,20.54214302913483,,,0.0,0.0,0.0,766.3333333333333,48.48265059441637,optimal
2021-02-10 08:30:00,4,5,0.0,2.7092592592592597,0.0,1.3782333333333332,17.094,6.0,-4,20.50288693027812,,,0.0,0.0,0.0,2438.3333333333335,48.434167943821954,optimal
2021-02-10 09:00:00,4,5,0.0,1.3360518518518516,0.0,0.2159,17.094,6.0,-4,20.486419957776164,,,0.0,0.0,0.0,1202.4466666666665,48.38573377587813,optimal
2021-02-10 09:30:00,4,5,0.0,2.2246888888888883,0.0,1.3448666666666667,17.3565,6.0,-4,20.397722532795676,,,0.0,0.0,0.0,2002.2199999999998,48.33734804210225,optimal
2021-02-10 10:00:00,4,5,0.0,0.5418518518518518,0.0,0.6187999999999999,17.115,6.0,-4,20.331730267937633,,,0.0,0.0,0.0,487.6666666666667,48.289010694060146,optimal
2021-02-10 10:30:00,4,5,0.0,0.3096296296296296,0.0,0.5619,17.241,6.0,-4,20.26915477943915,,,0.0,0.0,0.0,278.66666666666663,48.240721683366075,optimal
2021-02-10 11:00:00,4,5,0.0,0.23222222222222222,0.0,1.8583666666666663,17.094,6.0,-4,20.19763881732334,,,0.0,0.0,0.0,209.0,48.192480961682705,optimal
2021-02-10 11:30:00,4,5,1.1428571428571428,0.23222222222222222,0.0,0.28633333333333333,16.5165,6.0,-4,20.136017761412404,,,4000.0,0.0,0.0,209.0,48.144288480721016,optimal
2021-02-10 12:00:00,4,5,0.0,0.23222222222222222,0.0,2.0736999999999997,17.8185,6.0,-4,20.33415363738544,,,0.0,0.0,0.0,209.0,48.096144192240295,optimal
2021-02-10 12:30:00,4,5,0.5664022893926806,0.6192592592592592,0.0,0.5599666666666667,17.094,6.0,-4,20.340170440971175,,,1982.4080128743822,0.0,0.0,557.3333333333333,48.048048048048045,optimal
2021-02-10 13:00:00,4,5,1.1428571428571428,0.23222222222222222,0.0,0.34803333333333336,16.8945,6.0,-4,20.409604954451627,,,4000.0,0.0,0.0,209.0,48.0,optimal
2021-02-10 13:30:00,4,5,0.0,0.0,0.0,0.437,18.123,6.0,-4,20.61254977684331,,,0.0,0.0,0.0,0.0,47.323117816310045,optimal
2021-02-10 14:00:00,4,5,0.0,0.1548148148148148,0.0,0.41303333333333336,31.647,6.0,-4,20.523211865076888,,,0.0,0.0,0.0,139.33333333333331,46.64691251480378,optimal
2021-02-10 14:30:00,4,5,0.0,0.0,0.0,0.2592333333333333,34.9965,6.0,-4,20.425323378815566,,,0.0,0.0,0.0,0.0,45.971383418599025,optimal
2021-02-10 15:00:00,4,5,0.0,0.0,0.0,0.4993666666666667,34.9965,6.0,-4,20.323122700864726,,,0.0,0.0,0.0,0.0,45.296529851490476,optimal
2021-02-10 15:30:00,4,5,0.0,0.0,0.0,0.7301666666666666,34.9965,6.0,-4,20.25150500094635,,,0.0,0.0,0.0,0.0,44.62235113794903,optimal
2021-02-10 16:00:00,4,5,0.0,0.387037037037037,0.0,0.8538333333333333,34.9965,6.0,-4,20.182835171762104,,,0.0,0.0,0.0,348.3333333333333,43.94884660312113,optimal
2021-02-10 16:30:00,4,5,0.0,0.3096296296296296,0.0,0.6438666666666667,34.9965,6.0,-4,20.104506198897155,,,0.0,0.0,0.0,278.66666666666663,43.27601557282806,optimal
2021-02-10 17:00:00,4,5,0.0,0.46444444444444444,0.0,1.3405666666666667,27.741,6.0,-4,20.045268782526804,,,0.0,0.0,0.0,418.0,42.603857373565276,optimal
2021-02-10 17:30:00,4,5,0.0,0.387037037037037,0.0,1.3889333333333334,19.026,6.0,-4,20.04679175957496,,,0.0,0.0,0.0,348.3333333333333,41.93237133250176,optimal
2021-02-10 18:00:00,4,5,0.0,0.3096296296296296,0.0,1.0743666666666665,18.7215,6.0,-4,20.006162166407957,,,0.0,0.0,0.0,278.66666666666663,41.261556777479306,optimal
2021-02-10 18:30:00,4,5,0.21686267383196578,0.387037037037037,0.0,0.30160000000000003,17.4195,6.0,-4,20.0,,,759.0193584118803,0.0,0.0,348.3333333333333,41.22029522070183,optimal
2021-02-10 19:00:00,4,5,0.14437228488769913,0.23222222222222222,0.0,0.3801666666666667,16.758,6.0,-4,20.0,,,505.3029971069469,0.0,0.0,209.0,41.179074925481125,optimal
2021-02-10 19:30:00,4,5,0.22045507751181087,0.0774074074074074,0.0,0.1438,14.217,6.0,-4,20.0,,,771.5927712913381,0.0,0.0,69.66666666666666,41.137895850555644,optimal
2021-02-10 20:00:00,4,5,0.18002358442163494,0.1548148148148148,0.0,0.37960000000000005,13.3665,6.0,-4,20.0,,,630.0825454757222,0.0,0.0,139.33333333333331,41.09675795470509,optimal
2021-02-10 20:30:00,4,5,0.0,0.0,0.0,0.5952999999999999,12.789,6.0,-4,20.0,,,0.0,0.0,0.0,0.0,41.055661196750385,optimal
2021-02-10 21:00:00,4,5,0.0,0.0,0.0,0.42560000000000003,11.907,6.0,-4,19.963595871738086,,,0.0,0.0,0.0,0.0,41.014605535553635,optimal
2021-02-10 21:30:00,4,5,0.0,0.0,0.0,0.36260000000000003,11.7075,6.0,-4,19.911593129685617,,,0.0,0.0,0.0,0.0,40.973590930018084,optimal
2021-02-10 22:00:00,4,5,0.0,0.46444444444444444,0.0,1.3681666666666668,10.8045,6.0,-4,19.849399927461388,,,0.0,0.0,0.0,418.0,40.93261733908807,optimal
2021-02-10 22:30:00,4,5,0.0,0.1548148148148148,0.0,1.4670999999999998,11.508,6.0,-4,19.793078405933016,,,0.0,0.0,0.0,139.33333333333331,40.89168472174898,optimal
2021-02-10 23:00:00,4,5,0.0,0.0,0.0,0.077,11.508,6.0,-4,19.724136252647607,,,0.0,0.0,0.0,0.0,40.85079303702723,optimal
2021-02-10 23:30:00,4,5,0.0,0.0,0.0,0.077,11.508,6.0,-4,19.567176021926848,,,0.0,0.0,0.0,0.0,40.8099422439902,optimal
2021-02-11 00:00:00,4,5,1.0674894731027538,0.5418518518518518,0.0,0.188,12.306,6.0,4,19.567176021926848,,,3736.2131558596375,0.0,0.0,487.6666666666667,40.76913230174621,optimal
2021-02-11 00:30:00,4,5,1.1428571428571428,0.0,3.0,0.2906,10.6365,6.0,4,19.71081111766638,,,4000.0,0.0,0.0,0.0,42.15336316944446,optimal
2021-02-11 01:00:00,4,5,1.1428571428571428,0.0,0.0,0.3116666666666667,11.2455,6.0,4,19.884253547603446,,,4000.0,0.0,0.0,0.0,42.11120980627501,optimal
2021-02-11 01:30:00,4,5,1.1428571428571428,0.0,0.0,0.061,11.2455,6.0,4,20.04701634629321,,,4000.0,0.0,0.0,0.0,42.06909859646874,optimal
2021-02-11 02:00:00,4,5,1.1428571428571428,0.0,0.0,0.2848333333333333,11.025,6.0,4,20.189788800684692,,,4000.0,0.0,0.0,0.0,42.02702949787227,optimal
2021-02-11 02:30:00,4,5,1.1428571428571428,0.0,0.0,0.1454,12.0855,6.0,4,20.348254944020447,,,4000.0,0.0,0.0,0.0,41.9850024683744,optimal
2021-02-11 03:00:00,4,5,1.1428571428571428,0.0,0.0,0.21653333333333333,11.6865,6.0,4,20.494344382294194,,,4000.0,0.0,0.0,0.0,41.943017465906024,optimal
2021-02-11 03:30:00,4,5,1.1428571428571428,0.0,0.0,0.08466666666666667,11.2245,6.0,4,20.64391869625862,,,4000.0,0.0,0.0,0.0,41.90107444844012,optimal
2021-02-11 04:00:00,4,5,1.1428571428571428,0.0,0.0,0.21016666666666664,11.025,6.0,4,20.784369530653148,,,4000.0,0.0,0.0,0.0,41.85917337399168,optimal
2021-02-11 04:30:00,4,5,1.1428571428571428,0.0,3.0,0.16040000000000001,10.7835,6.0,4,20.93503887523337,,,4000.0,0.0,0.0,0.0,43.242314200617685,optimal
2021-02-11 05:00:00,4,5,1.1428571428571428,0.0,1.5959695274611811,0.16413333333333333,11.025,6.0,4,21.080853417884796,,,4000.0,0.0,0.0,0.0,43.95715741196112,optimal
2021-02-11 05:30:00,4,5,1.1428571428571428,0.0,3.0,0.14793333333333333,10.584,6.0,4,21.22585601231816,,,4000.0,0.0,0.0,0.0,45.33820025454915,optimal
2021-02-11 06:00:00,4,5,1.1428571428571428,0.0,3.0,0.24226666666666669,11.025,6.0,4,21.37043140368166,,,4000.0,0.0,0.0,0.0,46.71786205429459,optimal
2021-02-11 06:30:00,4,5,1.1428571428571428,0.0,3.0,0.0849,10.4265,6.0,4,21.522610791334106,,,4000.0,0.0,0.0,0.0,48.096144192240295,optimal
2021-02-11 07:00:00,4,5,1.1428571428571428,0.0,0.0,0.26166666666666666,12.789,6.0,4,21.663562813802997,,,4000.0,0.0,0.0,0.0,48.048048048048045,optimal
2021-02-11 07:30:00,4,5,1.1428571428571428,2.4770370370370367,0.0,0.4540666666666667,12.684,6.0,4,21.818993222314866,,,4000.0,0.0,0.0,2229.333333333333,48.0,optimal
2021-02-11 08:00:00,4,5,0.23076954897510482,0.46444444444444444,0.0,0.4088,16.254,6.0,4,22.0,,,807.6934214128669,0.0,0.0,418.0,47.624744706783204,optimal
2021-02-11 08:30:00,4,5,0.0,0.0774074074074074,0.0,0.4474333333333333,17.64,6.0,4,21.94228842174789,,,0.0,0.0,0.0,69.66666666666666,47.24986466885963,optimal
2021-02-11 09:00:00,4,5,0.0,0.0,0.0,0.25066666666666665,19.1625,6.0,4,21.81216368485756,,,0.0,0.0,0.0,0.0,46.87535951097398,optimal
2021-02-11 09:30:00,4,5,0.0,0.0,0.0,0.15203333333333333,26.46,6.0,4,21.644987825744156,,,0.0,0.0,0.0,0.0,46.50122885824621,optimal
2021-02-11 10:00:00,4,5,0.0,0.0,0.0,0.228,20.79,6.0,4,21.48402841989101,,,0.0,0.0,0.0,0.0,46.12747233617117,optimal
2021-02-11 10:30:00,4,5,0.0,0.0,0.0,0.10859999999999999,29.106,6.0,4,21.342314398304463,,,0.0,0.0,0.0,0.0,45.7540895706182,optimal
2021-02-11 11:00:00,4,5,0.0,0.0,0.0,0.2665,19.1835,6.0,4,21.188228129226818,,,0.0,0.0,0.0,0.0,45.38108018783078,optimal
2021-02-11 11:30:00,4,5,0.0,0.0,0.0,0.1704,19.6665,6.0,4,21.042628697296845,,,0.0,0.0,0.0,0.0,45.00844381442616,optimal
2021-02-11 12:00:00,4,5,0.0,0.0,0.0,0.23646666666666666,19.404,6.0,4,20.896536749745092,,,0.0,0.0,0.0,0.0,44.63618007739494,optimal
2021-02-11 12:30:00,4,5,0.0,0.0,0.0,0.071,19.047,6.0,4,20.76210032760749,,,0.0,0.0,0.0,0.0,44.26428860410075,optimal
2021-02-11 13:00:00,4,5,0.0,0.0,0.0,0.19466666666666663,18.858,6.0,4,20.621144516002335,,,0.0,0.0,0.0,0.0,43.89276902227985,optimal
2021-02-11 13:30:00,4,5,0.0,0.0,0.0,0.2122,19.2675,6.0,4,20.495370752739365,,,0.0,0.0,0.0,0.0,43.52162096004078,optimal
2021-02-11 14:00:00,4,5,0.0,0.0,0.0,0.12533333333333332,18.963,6.0,4,20.37260011164697,,,0.0,0.0,0.0,0.0,43.15084404586394,optimal
2021-02-11 14:30:00,4,5,0.0,0.0,0.0,0.3846666666666667,18.438,6.0,4,20.24499179789861,,,0.0,0.0,0.0,0.0,42.780437908601286,optimal
2021-02-11 15:00:00,4,5,0.0,0.0,0.0,0.071,18.7425,6.0,4,20.135139690488295,,,0.0,0.0,0.0,0.0,42.41040217747589,optimal
2021-02-11 15:30:00,4,5,1.1428571428571428,0.387037037037037,0.0,0.2842,15.2145,6.0,4,20.0,,,4000.0,0.0,0.0,348.3333333333333,42.04073648208162,optimal
2021-02-11 16:00:00,4,5,0.0,1.7803703703703702,0.0,0.7016,17.7765,6.0,4,20.207055528824405,,,0.0,0.0,0.0,1602.3333333333333,41.67144045238275,optimal
2021-02-11 16:30:00,4,5,0.20768654639446066,0.46444444444444444,0.0,0.34876666666666667,16.758,6.0,4,20.147890188843306,,,726.9029123806123,0.0,0.0,418.0,41.30251371871357,optimal
2021-02-11 17:00:00,4,5,1.1428571428571428,0.23222222222222222,0.0,0.5400333333333333,16.422,6.0,4,20.10812239541931,,,4000.0,0.0,0.0,209.0,40.933955911778064,optimal
2021-02-11 17:30:00,4,5,1.1428571428571428,0.3096296296296296,0.0,0.7301666666666666,16.758,6.0,4,20.32277751483997,,,4000.0,0.0,0.0,278.66666666666663,40.565766662649494,optimal
2021-02-11 18:00:00,4,5,0.0,0.0,0.0,0.34576666666666667,29.358,6.0,4,20.54382520558129,,,0.0,0.0,0.0,0.0,40.19794560277005,optimal
2021-02-11 18:30:00,4,5,0.0,0.387037037037037,0.0,0.36006666666666665,34.9965,6.0,4,20.423672049837908,,,0.0,0.0,0.0,348.3333333333333,39.83049236395048,optimal
2021-02-11 19:00:00,4,5,0.0,0.0,0.0,0.6433666666666666,34.65,6.0,4,20.298302578002456,,,0.0,0.0,0.0,0.0,39.46340657836974,optimal
2021-02-11 19:30:00,4,5,0.0,0.0774074074074074,0.0,0.47203333333333336,34.9965,6.0,4,20.2052747626571,,,0.0,0.0,0.0,69.66666666666666,39.42394317179137,optimal
2021-02-11 20:00:00,4,5,0.0,0.0,0.0,0.5557000000000001,34.9965,6.0,4,20.108577309342763,,,0.0,0.0,0.0,0.0,39.38451922861958,optimal
2021-02-11 20:30:00,4,5,0.0,0.0,0.0,0.5772333333333334,30.4815,6.0,4,20.0,,,0.0,0.0,0.0,0.0,39.34513470939096,optimal
2021-02-11 21:00:00,4,5,0.0,0.0,0.0,0.24930000000000002,21.4305,6.0,4,19.88878032986252,,,0.0,0.0,0.0,0.0,39.30578957468157,optimal
2021-02-11 21:30:00,4,5,0.0,0.0774074074074074,0.0,0.5177999999999999,14.3325,6.0,4,19.760025367363117,,,0.0,0.0,0.0,69.66666666666666,39.266483785106885,optimal
2021-02-11 22:00:00,4,5,0.0,0.0,0.0,0.4309333333333333,13.692,6.0,4,19.65331415201105,,,0.0,0.0,0.0,0.0,39.22721730132178,optimal
2021-02-11 22:30:00,4,5,0.0,0.0774074074074074,0.0,0.4934333333333333,14.007,6.0,4,19.529063084595673,,,0.0,0.0,0.0,69.66666666666666,39.187990084020456,optimal
2021-02-11 23:00:00,4,5,0.0,6.115185185185184,0.0,0.48769999999999997,12.873,6.0,4,19.398667043880426,,,0.0,0.0,0.0,5503.666666666666,39.14880209393643,optimal
2021-02-11 23:30:00,4,5,0.0,0.0,0.0,0.24806666666666663,12.684,6.0,4,19.265923922020598,,,0.0,0.0,0.0,0.0,39.1096532918425,optimal
2021-02-12 00:00:00,4,5,0.0,0.0,0.0,0.06626666666666667,11.025,6.0,3,19.265923922020598,,,0.0,0.0,0.0,0.0,39.07054363855065,optimal
2021-02-12 00:30:00,4,5,1.1428571428571428,0.0,0.0,0.1008,10.689,6.0,3,19.101561644363617,,,4000.0,0.0,0.0,0.0,39.0314730949121,optimal
2021-02-12 01:00:00,4,5,1.1428571428571428,0.0,3.0,0.1144,8.1585,6.0,3,19.246224713243535,,,4000.0,0.0,0.0,0.0,40.41744162181719,optimal
2021-02-12 01:30:00,4,5,1.1428571428571428,0.23222222222222222,2.2749050650795324,0.0917,10.3635,6.0,3,19.405855881717883,,,4000.0,0.0,0.0,209.0,41.45760408610814,optimal
2021-02-12 02:00:00,4,5,1.1428571428571428,0.0,0.0,0.2352,10.8045,6.0,3,19.557803982401424,,,4000.0,0.0,0.0,0.0,41.41614648202203,optimal
2021-02-12 02:30:00,4,5,1.1428571428571428,0.6966666666666667,0.0,0.3729333333333333,11.025,6.0,3,19.713756646511197,,,4000.0,0.0,0.0,627.0,41.37473033554001,optimal
2021-02-12 03:00:00,4,5,1.1428571428571428,0.0,3.0,0.3494,10.3635,6.0,3,19.889317417650677,,,4000.0,0.0,0.0,0.0,42.75835560520446,optimal
2021-02-12 03:30:00,4,5,1.1428571428571428,0.0,0.0,0.2469,10.8045,6.0,3,20.069019911080353,,,4000.0,0.0,0.0,0.0,42.71559724959925,optimal
2021-02-12 04:00:00,4,5,1.1428571428571428,0.0,3.0,0.3083666666666667,10.059,6.0,3,20.24562516876828,,,4000.0,0.0,0.0,0.0,44.09788165234964,optimal
2021-02-12 04:30:00,4,5,1.1428571428571428,0.6966666666666667,0.0,0.39763333333333334,10.584,6.0,3,20.440050148196626,,,4000.0,0.0,0.0,627.0,44.053783770697294,optimal
2021-02-12 05:00:00,4,5,1.1428571428571428,5.495925925925925,3.0,0.21346666666666667,9.4185,6.0,3,20.632068985501157,,,4000.0,0.0,0.0,4946.333333333333,45.43472998692659,optimal
2021-02-12 05:30:00,4,5,1.1428571428571428,0.387037037037037,3.0,2.3267333333333333,10.3635,6.0,3,20.818721643409738,,,4000.0,0.0,0.0,348.3333333333333,46.81429525693965,optimal
2021-02-12 06:00:00,4,5,1.1428571428571428,0.23222222222222222,3.0,0.2663333333333333,9.8385,6.0,3,21.10451235400666,,,4000.0,0.0,0.0,209.0,48.192480961682705,optimal
2021-02-12 06:30:00,4,5,1.1428571428571428,0.5418518518518518,0.0,0.2723,11.067,6.0,3,21.29567398852233,,,4000.0,0.0,0.0,487.6666666666667,48.144288480721016,optimal
2021-02-12 07:00:00,4,5,1.1428571428571428,0.5418518518518518,0.0,0.34196666666666664,10.8465,6.0,3,21.483387344204285,,,4000.0,0.0,0.0,487.6666666666667,48.096144192240295,optimal
2021-02-12 07:30:00,4,5,0.0,1.6255555555555554,0.0,0.1675,13.671,6.0,3,21.664732636447447,,,0.0,0.0,0.0,1463.0,48.048048048048045,optimal
2021-02-12 08:00:00,4,5,0.0,0.3096296296296296,0.0,0.11040000000000001,12.348,6.0,3,21.546661161723048,,,0.0,0.0,0.0,278.66666666666663,48.0,optimal
2021-02-12 08:30:00,4,5,0.0,0.387037037037037,0.0,0.3514,14.3325,6.0,3,21.414925544337965,,,0.0,0.0,0.0,348.3333333333333,47.74263112442454,optimal
2021-02-12 09:00:00,4,5,0.0,0.0774074074074074,0.0,0.15423333333333333,15.393,6.0,3,21.29408936330775,,,0.0,0.0,0.0,69.66666666666666,47.48551961772466,optimal
2021-02-12 09:30:00,4,5,0.0,0.0,0.0,0.0988,13.587,6.0,3,21.14691406800318,,,0.0,0.0,0.0,0.0,47.22866522253148,optimal
2021-02-12 10:00:00,4,5,0.0,0.0,0.0,0.25146666666666667,16.1385,6.0,3,20.980029843655508,,,0.0,0.0,0.0,0.0,46.97206768173349,optimal
2021-02-12 10:30:00,4,5,0.0,0.0,0.0,0.09540000000000001,14.595,6.0,3,20.842296429123493,,,0.0,0.0,0.0,0.0,46.7157267384763,optimal
2021-02-12 11:00:00,4,5,0.0,0.0,0.0,0.12409999999999999,14.637,6.0,3,20.696900817418175,,,0.0,0.0,0.0,0.0,46.459642136162365,optimal
2021-02-12 11:30:00,4,5,0.0,0.0,0.0,0.22276666666666667,13.9125,6.0,3,20.557737191849995,,,0.0,0.0,0.0,0.0,46.203813618450745,optimal
2021-02-12 12:00:00,4,5,0.0,0.0,0.0,0.075,13.3665,6.0,3,20.427378553318558,,,0.0,0.0,0.0,0.0,45.94824092925684,optimal
2021-02-12 12:30:00,4,5,0.0,0.0,0.0,0.2718666666666667,13.0095,6.0,3,20.28730407488338,,,0.0,0.0,0.0,0.0,45.69292381275213,optimal
2021-02-12 13:00:00,4,5,0.0,0.0,0.0,0.075,13.8915,6.0,3,20.163395410665355,,,0.0,0.0,0.0,0.0,45.43786201336392,optimal
2021-02-12 13:30:00,4,5,0.40311627595230276,0.0,0.0,0.14663333333333334,13.188,6.0,3,20.02604561675531,,,1410.9069658330598,0.0,0.0,0.0,45.1830552757751,optimal
2021-02-12 14:00:00,4,5,0.4892838079945364,0.0,0.0,0.2002333333333333,12.5685,6.0,3,20.0,,,1712.4933279808774,0.0,0.0,0.0,44.92850334492386,optimal
2021-02-12 14:30:00,4,5,0.5279207345679842,0.0,0.0,0.075,12.285,6.0,3,20.0,,,1847.7225709879447,0.0,0.0,0.0,44.67420596600348,optimal
2021-02-12 15:00:00,4,5,0.9820705622439543,0.0,0.0,0.07840000000000001,11.487,6.0,3,20.0,,,3437.24696785384,0.0,0.0,0.0,44.420162884462016,optimal
2021-02-12 15:30:00,4,5,0.0,0.23222222222222222,0.0,0.20683333333333329,11.802,6.0,3,20.118542461186667,,,0.0,0.0,0.0,209.0,44.166373846002095,optimal
2021-02-12 16:00:00,4,5,0.7721814609687925,0.0,0.0,0.34213333333333334,11.2245,6.0,3,20.0,,,2702.6351133907738,0.0,0.0,0.0,43.912838596580634,optimal
2021-02-12 16:30:00,4,5,1.1428571428571428,0.387037037037037,0.0,0.3425666666666667,11.025,6.0,3,20.121585437071978,,,4000.0,0.0,0.0,348.3333333333333,43.659556882408594,optimal
2021-02-12 17:00:00,4,5,0.0,0.0,0.0,0.4674666666666666,11.907,6.0,3,20.342693897021036,,,0.0,0.0,0.0,0.0,43.40652844995073,optimal
2021-02-12 17:30:00,4,5,0.0,0.8514814814814814,0.0,0.5691666666666666,25.83,6.0,3,20.292219041220818,,,0.0,0.0,0.0,766.3333333333333,43.15375304592532,optimal
2021-02-12 18:00:00,4,5,0.0,4.876666666666668,0.0,1.1059333333333334,28.035,6.0,3,20.250774402293924,,,0.0,0.0,0.0,4389.000000000001,42.901230417303935,optimal
2021-02-12 18:30:00,4,5,0.0,0.23222222222222222,0.0,0.4629666666666666,28.119,6.0,3,20.197993218283315,,,0.0,0.0,0.0,209.0,42.64896031131117,optimal
2021-02-12 19:00:00,4,5,0.0,0.23222222222222222,0.0,0.24386666666666668,30.156,6.0,3,20.160211965866683,,,0.0,0.0,0.0,209.0,42.3969424754244,optimal
2021-02-12 19:30:00,4,5,0.0,0.0774074074074074,0.0,0.3479333333333333,29.1585,6.0,3,20.116788043807198,,,0.0,0.0,0.0,69.66666666666666,42.14517665737352,optimal
2021-02-12 20:00:00,4,5,0.0,0.0,0.0,0.352,26.712,6.0,3,20.063694426957365,,,0.0,0.0,0.0,0.0,41.89366260514069,optimal
2021-02-12 20:30:00,4,5,0.0,0.0,0.0,0.5140333333333333,15.435,6.0,3,20.0,,,0.0,0.0,0.0,0.0,41.64240006696009,optimal
2021-02-12 21:00:00,4,5,0.0,0.1548148148148148,0.0,0.5105333333333334,13.566,6.0,3,19.942684012853206,,,0.0,0.0,0.0,139.33333333333331,41.391388791317674,optimal
2021-02-12 21:30:00,4,5,0.0,0.1548148148148148,0.0,0.7711,12.789,6.0,3,19.884167474273582,,,0.0,0.0,0.0,139.33333333333331,41.1406285269509,optimal
2021-02-12 22:00:00,4,5,0.0,0.0,0.0,0.5795666666666667,12.1275,6.0,3,19.84269150815583,,,0.0,0.0,0.0,0.0,40.89011902284849,optimal
2021-02-12 22:30:00,4,5,0.0,0.0,0.0,0.4506,13.671,6.0,3,19.78399456945978,,,0.0,0.0,0.0,0.0,40.63986002825018,optimal
2021-02-12 23:00:00,4,5,0.0,0.0,0.0,0.49389999999999995,10.668,6.0,3,19.717322097891792,,,0.0,0.0,0.0,0.0,40.59922016822193,optimal
2021-02-12 23:30:00,4,5,0.0,0.3096296296296296,0.0,0.3516,11.7285,6.0,3,19.663879691797263,,,0.0,0.0,0.0,278.66666666666663,40.55862094805371,optimal
2021-02-13 00:00:00,4,5,0.0,0.0774074074074074,0.0,0.23666666666666664,9.261,6.0,-2,19.663879691797263,,,0.0,0.0,0.0,69.66666666666666,40.51806232710565,optimal
2021-02-13 00:30:00,4,5,1.1428571428571428,0.0,3.0,0.7163333333333334,8.1585,6.0,-2,19.555549973851537,,,4000.0,0.0,0.0,0.0,41.90254426477855,optimal
2021-02-13 01:00:00,4,5,0.0,0.0,0.0,0.3407,9.4815,6.0,-2,19.78637534512631,,,0.0,0.0,0.0,0.0,41.86064172051377,optimal
2021-02-13 01:30:00,4,5,1.1428571428571428,0.0,2.1824957257371125,0.18946666666666667,8.379,6.0,-2,19.69048588570027,,,4000.0,0.0,0.0,0.0,42.85546654851838,optimal
2021-02-13 02:00:00,4,5,1.0398118170055626,0.0,0.0,0.0756,9.5235,6.0,-2,19.89295173068708,,,3639.341359519469,0.0,0.0,0.0,42.81261108196986,optimal
2021-02-13 02:30:00,4,5,1.1428571428571428,0.0,3.0,0.3058333333333333,8.1375,6.0,-2,20.064389026499228,,,4000.0,0.0,0.0,0.0,44.19479847088789,optimal
2021-02-13 03:00:00,4,5,0.0,0.0,0.0,0.17006666666666667,10.0905,6.0,-2,20.269530093221395,,,0.0,0.0,0.0,0.0,44.15060367241699,optimal
2021-02-13 03:30:00,4,5,1.1428571428571428,0.0,3.0,0.14413333333333334,7.539,6.0,-2,20.16176839274338,,,4000.0,0.0,0.0,0.0,45.531453068744575,optimal
2021-02-13 04:00:00,4,5,1.1428571428571428,1.8624222222222222,3.0,0.31939999999999996,7.938,6.0,-2,20.345553984030083,,,4000.0,0.0,0.0,1676.18,46.910921615675825,optimal
2021-02-13 04:30:00,4,5,1.1428571428571428,3.401281481481481,3.0,0.3138333333333333,8.274,6.0,-2,20.540789787199596,,,4000.0,0.0,0.0,3061.153333333333,48.289010694060146,optimal
2021-02-13 05:00:00,4,5,1.1428571428571428,0.6192592592592592,0.0,1.6205666666666667,9.261,6.0,-2,20.746204514231266,,,4000.0,0.0,0.0,557.3333333333333,48.240721683366075,optimal
2021-02-13 05:30:00,4,5,1.1428571428571428,0.46444444444444444,0.0,1.7724666666666666,9.9225,6.0,-2,21.051627596214864,,,4000.0,0.0,0.0,418.0,48.192480961682705,optimal
2021-02-13 06:00:00,4,5,1.1428571428571428,0.3096296296296296,0.0,0.5047333333333334,9.702,6.0,-2,21.321373571480187,,,4000.0,0.0,0.0,278.66666666666663,48.144288480721016,optimal
2021-02-13 06:30:00,4,5,0.0,1.8004962962962965,0.0,0.4791,10.584,6.0,-2,21.526891580720303,,,0.0,0.0,0.0,1620.446666666667,48.096144192240295,optimal
2021-02-13 07:00:00,4,5,1.1428571428571428,1.140985185185185,0.0,0.8566,10.143,6.0,-2,21.43564802574752,,,4000.0,0.0,0.0,1026.8866666666668,48.048048048048045,optimal
2021-02-13 07:30:00,4,5,0.0,0.0774074074074074,0.0,0.5909,13.0095,6.0,-2,21.688986162415375,,,0.0,0.0,0.0,69.66666666666666,48.0,optimal
2021-02-13 08:00:00,4,5,0.0,0.0,0.0,0.3764333333333333,11.025,6.0,-2,21.61700641062335,,,0.0,0.0,0.0,0.0,47.80284156120865,optimal
2021-02-13 08:30:00,4,5,0.0,0.0,0.0,0.16933333333333334,12.789,6.0,-2,21.50902774340084,,,0.0,0.0,0.0,0.0,47.6058802808561,optimal
2021-02-13 09:00:00,4,5,0.0,0.0,0.0,0.205,12.1275,6.0,-2,21.350441569039887,,,0.0,0.0,0.0,0.0,47.4091159617839,optimal
2021-02-13 09:30:00,4,5,0.0,0.0,0.0,0.20333333333333328,12.1695,6.0,-2,21.196087829391523,,,0.0,0.0,0.0,0.0,47.212548407030766,optimal
2021-02-13 10:00:00,4,5,0.0,0.3096296296296296,0.0,0.5360333333333333,12.306,6.0,-2,21.044636164922707,,,0.0,0.0,0.0,278.66666666666663,47.01617741983239,optimal
2021-02-13 10:30:00,4,5,0.0,0.0,0.0,0.5595,13.23,6.0,-2,20.937592791080935,,,0.0,0.0,0.0,0.0,46.82000280362121,optimal
2021-02-13 11:00:00,4,5,0.0,0.0,0.0,0.349,13.671,6.0,-2,20.83334508239962,,,0.0,0.0,0.0,0.0,46.62402436202624,optimal
2021-02-13 11:30:00,4,5,0.0,0.1548148148148148,0.0,0.20336666666666667,13.9335,6.0,-2,20.71948063952049,,,0.0,0.0,0.0,139.33333333333331,46.42824189887287,optimal
2021-02-13 12:00:00,4,5,0.0,0.0,0.0,0.24863333333333332,13.293,6.0,-2,20.58150820883642,,,0.0,0.0,0.0,0.0,46.23265521818265,optimal
2021-02-13 12:30:00,4,5,0.0,0.0,0.0,0.07,12.1065,6.0,-2,20.441418162998723,,,0.0,0.0,0.0,0.0,46.03726412417312,optimal
2021-02-13 13:00:00,4,5,0.0,0.0,0.0,0.2186,11.571,6.0,-2,20.289747863705774,,,0.0,0.0,0.0,0.0,45.8420684212576,optimal
2021-02-13 13:30:00,4,5,1.1428571428571428,0.0,0.0,0.15496666666666667,11.025,6.0,-2,20.151089873025597,,,4000.0,0.0,0.0,0.0,45.647067914044996,optimal
2021-02-13 14:00:00,4,5,1.1428571428571428,0.0,0.0,0.10476666666666667,10.8465,6.0,-2,20.309005329299605,,,4000.0,0.0,0.0,0.0,45.4522624073396,optimal
2021-02-13 14:30:00,4,5,1.1428571428571428,0.0,0.0,0.1775,11.2455,6.0,-2,20.462727857955255,,,4000.0,0.0,0.0,0.0,45.25765170614092,optimal
2021-02-13 15:00:00,4,5,0.0,0.46444444444444444,0.0,0.6303,23.8665,6.0,-2,20.621495092683592,,,0.0,0.0,0.0,418.0,45.06323561564343,optimal
2021-02-13 15:30:00,4,5,0.0,0.0,0.0,0.10859999999999999,27.4575,6.0,-2,20.531453615452385,,,0.0,0.0,0.0,0.0,44.86901394123644,optimal
2021-02-13 16:00:00,4,5,0.0,0.1548148148148148,0.0,0.23633333333333328,27.3735,6.0,-2,20.411005425432407,,,0.0,0.0,0.0,139.33333333333331,44.674986488503855,optimal
2021-02-13 16:30:00,4,5,0.0,0.0,0.0,0.1986,30.4605,6.0,-2,20.30585516426919,,,0.0,0.0,0.0,0.0,44.481153063224006,optimal
2021-02-13 17:00:00,4,5,0.0,0.3096296296296296,0.0,0.7411666666666666,30.0195,6.0,-2,20.19588291438871,,,0.0,0.0,0.0,278.66666666666663,44.28751347136944,optimal
2021-02-13 17:30:00,4,5,0.0,0.0,0.0,1.8598666666666663,26.9325,6.0,-2,20.127016178008148,,,0.0,0.0,0.0,0.0,44.09406751910672,optimal
2021-02-13 18:00:00,4,5,0.0,0.0,0.0,0.3412,14.595,6.0,-2,20.141543897104686,,,0.0,0.0,0.0,0.0,43.90081501279627,optimal
2021-02-13 18:30:00,4,5,0.0,0.5418518518518518,0.0,0.5481333333333334,12.4845,6.0,-2,20.062477891833876,,,0.0,0.0,0.0,487.6666666666667,43.70775575899213,optimal
2021-02-13 19:00:00,4,5,0.21942942774484236,0.6966666666666667,0.0,0.5145,12.1275,6.0,-2,20.0,,,768.0029971069483,0.0,0.0,627.0,43.664048003233134,optimal
2021-02-13 19:30:00,4,5,0.4959146778419716,0.46444444444444444,0.0,0.48669999999999997,12.1275,6.0,-2,20.0,,,1735.7013724469005,0.0,0.0,418.0,43.6203839552299,optimal
2021-02-13 20:00:00,4,5,0.0,0.0,0.0,1.1335333333333333,12.789,6.0,-2,20.067604144418024,,,0.0,0.0,0.0,0.0,43.57676357127467,optimal
2021-02-13 20:30:00,4,5,0.0,0.1548148148148148,0.0,0.4035666666666667,11.907,6.0,-2,20.0,,,0.0,0.0,0.0,139.33333333333331,43.533186807703395,optimal
2021-02-13 21:00:00,4,5,0.0,0.387037037037037,0.0,0.8874333333333333,11.025,6.0,-2,19.93637548136227,,,0.0,0.0,0.0,348.3333333333333,43.489653620895695,optimal
2021-02-13 21:30:00,4,5,0.0,0.3096296296296296,0.0,0.5210666666666667,8.2005,6.0,-2,19.91499231790555,,,0.0,0.0,0.0,278.66666666666663,43.4461639672748,optimal
2021-02-13 22:00:00,4,5,0.0,0.0,0.0,0.49476666666666663,9.5655,6.0,-2,19.865883554380297,,,0.0,0.0,0.0,0.0,43.402717803307524,optimal
2021-02-13 22:30:00,4,5,0.0,4.567037037037037,0.0,0.6820333333333333,7.056,6.0,-2,19.8160791490152,,,0.0,0.0,0.0,4110.333333333333,43.359315085504214,optimal
2021-02-13 23:00:00,4,5,0.0,0.0,0.0,1.0473666666666666,9.3975,6.0,-2,19.785219655631856,,,0.0,0.0,0.0,0.0,43.31595577041871,optimal
2021-02-13 23:30:00,4,5,0.0,0.0,0.0,0.12463333333333335,10.059,6.0,-2,19.704831635254816,,,0.0,0.0,0.0,0.0,43.272639814648294,optimal
2021-02-07 00:00:00,5,5,0.0,0.0,0.0,0.058,6.678,6.0,3,21.0,,,0.0,0.0,0.0,0.0,47.952,optimal
2021-02-07 00:30:00,5,5,0.0,0.0,0.0,0.058,7.938,6.0,3,20.884496576812445,,,0.0,0.0,0.0,0.0,47.904047999999996,optimal
2021-02-07 01:00:00,5,5,0.41450592227840677,0.0,0.0,0.06433333333333333,5.292,6.0,3,20.76910920828407,,,1450.7707279744238,0.0,0.0,0.0,47.856143952,optimal
2021-02-07 01:30:00,5,5,0.0,0.0,0.0,0.06066666666666666,9.261,6.0,3,20.762482449846758,,,0.0,0.0,0.0,0.0,47.80828780804799,optimal
2021-02-07 02:00:00,5,5,0.0,0.0,0.0,0.058,10.3635,6.0,3,20.646885586233488,,,0.0,0.0,0.0,0.0,47.76047952023995,optimal
2021-02-07 02:30:00,5,5,0.0,0.0,0.0,0.058,8.274,6.0,3,20.531779763957203,,,0.0,0.0,0.0,0.0,47.712719040719705,optimal
2021-02-07 03:00:00,5,5,0.0,0.0,0.0,0.058,7.7175,6.0,3,20.416787020001415,,,0.0,0.0,0.0,0.0,47.66500632167899,optimal
2021-02-07 03:30:00,5,5,0.0,0.0,0.0,0.058,6.615,6.0,3,20.30190650789074,,,0.0,0.0,0.0,0.0,47.61734131535731,optimal
2021-02-07 04:00:00,5,5,0.0,0.0,0.0,0.058,6.174,6.0,3,20.187511674692995,,,0.0,0.0,0.0,0.0,47.56972397404195,optimal
2021-02-07 04:30:00,5,5,1.1428571428571428,0.0,0.0,0.058,3.906,6.0,3,20.07359888474011,,,4000.0,0.0,0.0,0.0,47.522154250067906,optimal
2021-02-07 05:00:00,5,5,1.1428571428571428,0.0,0.0,0.058,2.3415,6.0,3,20.26009110879895,,,4000.0,0.0,0.0,0.0,47.47463209581784,optimal
2021-02-07 05:30:00,5,5,1.1428571428571428,0.0,0.0,0.058,2.205,6.0,3,20.445187299785538,,,4000.0,0.0,0.0,0.0,47.42715746372202,optimal
2021-02-07 06:00:00,5,5,1.1428571428571428,0.0,1.5082397599621051,0.06433333333333333,0.882,6.0,3,20.628897908046255,,,4000.0,0.0,0.0,0.0,48.096144192240295,optimal
2021-02-07 06:30:00,5,5,1.1428571428571428,0.0,0.0,0.06533333333333333,1.5435,6.0,3,20.811233305698867,,,4000.0,0.0,0.0,0.0,48.048048048048045,optimal
2021-02-07 07:00:00,5,5,1.1428571428571428,0.6192592592592592,0.0,0.5875,1.5435,6.0,3,20.99182950001142,,,4000.0,0.0,0.0,557.3333333333333,48.0,optimal
2021-02-07 07:30:00,5,5,1.1428571428571428,1.1611111111111108,0.0,1.0913,5.0715,6.0,3,21.197945288935117,,,4000.0,0.0,0.0,1044.9999999999998,47.83537858725275,optimal
2021-02-07 08:00:00,5,5,1.1428571428571428,3.3285185185185178,0.0,0.16069999999999998,5.376,6.0,3,21.42675837874563,,,4000.0,0.0,0.0,2995.666666666666,47.67092179591825,optimal
2021-02-07 08:30:00,5,5,1.1428571428571428,0.0,0.0,0.10946666666666668,5.0715,6.0,3,21.625017198603718,,,4000.0,0.0,0.0,0.0,47.50662946137508,optimal
2021-02-07 09:00:00,5,5,1.1428571428571428,0.23222222222222222,0.0,0.12333333333333331,5.5125,6.0,3,21.809068573219164,,,4000.0,0.0,0.0,209.0,47.34250141916645,optimal
2021-02-07 09:30:00,5,5,0.4469514754136443,2.3222222222222215,0.0,0.102,9.261,6.0,3,22.0,,,1564.330163947755,0.0,0.0,2089.9999999999995,47.17853750500004,optimal
2021-02-07 10:00:00,5,5,0.0,0.23222222222222222,0.0,0.5737333333333333,11.7075,6.0,3,22.0,,,0.0,0.0,0.0,209.0,47.01473755474779,optimal
2021-02-07 10:30:00,5,5,0.0,0.1548148148148148,0.0,0.4561,12.348,6.0,3,21.921028117785973,,,0.0,0.0,0.0,139.33333333333331,46.85110140444579,optimal
2021-02-07 11:00:00,5,5,0.0,0.3096296296296296,0.0,0.2384,12.348,6.0,3,21.828446430282117,,,0.0,0.0,0.0,278.66666666666663,46.6876288902941,optimal
2021-02-07 11:30:00,5,5,0.0,0.0,0.0,1.5559333333333334,12.1275,6.0,3,21.71014507239051,,,0.0,0.0,0.0,0.0,46.52431984865655,optimal
2021-02-07 12:00:00,5,5,0.0,0.0,0.0,0.07186666666666666,12.5265,6.0,3,21.65464674695376,,,0.0,0.0,0.0,0.0,46.361174116060646,optimal
2021-02-07 12:30:00,5,5,0.0,0.0,0.0,0.068,11.7495,6.0,3,21.51401672834184,,,0.0,0.0,0.0,0.0,46.19819152919734,optimal
2021-02-07 13:00:00,5,5,0.0,0.0,0.0,0.068,13.23,6.0,3,21.36681083169686,,,0.0,0.0,0.0,0.0,46.03537192492089,optimal
2021-02-07 13:30:00,5,5,0.0,0.0,0.0,0.068,14.3325,6.0,3,21.220706878332496,,,0.0,0.0,0.0,0.0,45.872715140248715,optimal
2021-02-07 14:00:00,5,5,0.0,0.0,0.0,0.068,14.994,6.0,3,21.076070908986647,,,0.0,0.0,0.0,0.0,45.71022101236122,optimal
2021-02-07 14:30:00,5,5,0.0,0.0,0.0,0.068,14.8155,6.0,3,20.932891935680203,,,0.0,0.0,0.0,0.0,45.5478893786016,optimal
2021-02-07 15:00:00,5,5,0.0,0.0,0.0,0.068,14.112,6.0,3,20.791159050739964,,,0.0,0.0,0.0,0.0,45.38572007647575,optimal
2021-02-07 15:30:00,5,5,0.0,0.0,0.0,0.068,14.007,6.0,3,20.650861431440187,,,0.0,0.0,0.0,0.0,45.223712943652025,optimal
2021-02-07 16:00:00,5,5,0.0,0.0,0.0,0.068,13.23,6.0,3,20.510491182600997,,,0.0,0.0,0.0,0.0,45.06186781796112,optimal
2021-02-07 16:30:00,5,5,1.1428571428571428,0.0,0.0,0.068,11.382,6.0,3,20.37004884259096,,,4000.0,0.0,0.0,0.0,44.90018453739591,optimal
2021-02-07 17:00:00,5,5,0.6745656839603759,0.0,0.0,0.068,11.7495,6.0,3,20.530584397223052,,,2360.9798938613153,0.0,0.0,0.0,44.73866294011126,optimal
2021-02-07 17:30:00,5,5,0.0,0.0,0.0,0.07166666666666667,24.3285,6.0,3,20.567549447696596,,,0.0,0.0,0.0,0.0,44.5773028644239,optimal
2021-02-07 18:00:00,5,5,0.0,0.3096296296296296,0.0,0.0835,28.917,6.0,3,20.432121232201514,,,0.0,0.0,0.0,278.66666666666663,44.416104148812224,optimal
2021-02-07 18:30:00,5,5,0.0,0.0774074074074074,0.0,0.3372333333333333,31.3635,6.0,3,20.318912296091643,,,0.0,0.0,0.0,69.66666666666666,44.25506663191616,optimal
2021-02-07 19:00:00,5,5,0.0,0.1548148148148148,0.0,0.1915,33.306,6.0,3,20.24770415233715,,,0.0,0.0,0.0,139.33333333333331,44.09419015253699,optimal
2021-02-07 19:30:00,5,5,0.0,0.23222222222222222,0.0,0.24630000000000002,31.3425,6.0,3,20.159018319811466,,,0.0,0.0,0.0,209.0,43.933474549637204,optimal
2021-02-07 20:00:00,5,5,0.0,0.0,0.0,0.376,28.2555,6.0,3,20.07584661759787,,,0.0,0.0,0.0,0.0,43.772919662340314,optimal
2021-02-07 20:30:00,5,5,0.0,0.0,0.0,0.3664,15.6975,6.0,3,20.0,,,0.0,0.0,0.0,0.0,43.612525329930726,optimal
2021-02-07 21:00:00,5,5,0.0,0.0,0.0,0.8017000000000001,12.5475,6.0,3,19.932242715890148,,,0.0,0.0,0.0,0.0,43.56891280460079,optimal
2021-02-07 21:30:00,5,5,0.0,0.0,0.0,0.363,12.0855,6.0,3,19.912442034843785,,,0.0,0.0,0.0,0.0,43.52534389179619,optimal
2021-02-07 22:00:00,5,5,0.0,0.0,0.0,0.363,11.907,6.0,3,19.850190744436123,,,0.0,0.0,0.0,0.0,43.481818547904396,optimal
2021-02-07 22:30:00,5,5,0.0,0.1548148148148148,0.0,0.2342,12.5685,6.0,3,19.77354016876933,,,0.0,0.0,0.0,139.33333333333331,43.43833672935649,optimal
2021-02-07 23:00:00,5,5,0.0,0.0,0.0,0.44589999999999996,13.146,6.0,3,19.68876887442402,,,0.0,0.0,0.0,0.0,43.394898392627134,optimal
2021-02-07 23:30:00,5,5,0.0,2.39962962962963,0.0,0.1899,10.584,6.0,3,19.618798483441168,,,0.0,0.0,0.0,2159.6666666666665,43.35150349423451,optimal
2021-02-08 00:00:00,5,5,1.1428571428571428,0.0,0.0,0.14113333333333333,7.665,6.0,-3,19.618798483441168,,,4000.0,0.0,0.0,0.0,43.30815199074027,optimal
2021-02-08 00:30:00,5,5,1.1428571428571428,0.1548148148148148,0.0,0.5671666666666666,6.7725,6.0,-3,19.8245043597278,,,4000.0,0.0,0.0,139.33333333333331,43.26484383874953,optimal
2021-02-08 01:00:00,5,5,1.1428571428571428,0.0,2.2593422255495232,0.7767999999999999,5.5755,6.0,-3,20.05847832378208,,,4000.0,0.0,0.0,0.0,44.2947665520468,optimal
2021-02-08 01:30:00,5,5,1.1428571428571428,0.0774074074074074,3.0,0.5559333333333333,5.0925,6.0,-3,20.312690453110292,,,4000.0,0.0,0.0,69.66666666666666,45.67547178549474,optimal
2021-02-08 02:00:00,5,5,1.1428571428571428,0.0,3.0,0.7077333333333333,4.1895,6.0,-3,20.55574859535598,,,4000.0,0.0,0.0,0.0,47.05479631370924,optimal
2021-02-08 02:30:00,5,5,1.1428571428571428,0.0,0.0,0.5602,7.056,6.0,-3,20.809653489111433,,,4000.0,0.0,0.0,0.0,47.00774151739553,optimal
2021-02-08 03:00:00,5,5,1.1428571428571428,0.0,3.0,0.3905,5.271,6.0,-3,21.04389411172324,,,4000.0,0.0,0.0,0.0,48.38573377587813,optimal
2021-02-08 03:30:00,5,5,1.1428571428571428,0.0,0.0,0.15886666666666668,7.938,6.0,-3,21.260652124210342,,,4000.0,0.0,0.0,0.0,48.33734804210225,optimal
2021-02-08 04:00:00,5,5,1.1428571428571428,0.0,0.0,0.22146666666666667,7.938,6.0,-3,21.431631190723586,,,4000.0,0.0,0.0,0.0,48.289010694060146,optimal
2021-02-08 04:30:00,5,5,0.0,0.0,0.0,0.2919333333333333,11.907,6.0,-3,21.60564405785598,,,0.0,0.0,0.0,0.0,48.240721683366075,optimal
2021-02-08 05:00:00,5,5,1.1428571428571428,0.0,0.0,0.10466666666666669,11.025,6.0,-3,21.483330555640702,,,4000.0,0.0,0.0,0.0,48.192480961682705,optimal
2021-02-08 05:30:00,5,5,1.1428571428571428,0.0,0.0,0.19119999999999998,11.2875,6.0,-3,21.646712338801915,,,4000.0,0.0,0.0,0.0,48.144288480721016,optimal
2021-02-08 06:00:00,5,5,0.0,6.270000000000002,0.0,0.28783333333333333,12.936,6.0,-3,21.81497711511544,,,0.0,0.0,0.0,5643.000000000002,48.096144192240295,optimal
2021-02-08 06:30:00,5,5,0.0,2.7092592592592597,0.0,0.7163999999999999,13.0095,6.0,-3,21.6942350220869,,,0.0,0.0,0.0,2438.3333333333335,48.048048048048045,optimal
2021-02-08 07:00:00,5,5,0.0,0.1548148148148148,0.0,0.3,13.671,6.0,-3,21.610126026261078,,,0.0,0.0,0.0,139.33333333333331,48.0,optimal
2021-02-08 07:30:00,5,5,0.0,1.0837037037037038,0.0,0.7304666666666667,13.188,6.0,-3,21.50812947783111,,,0.0,0.0,0.0,975.3333333333335,47.718248557677235,optimal
2021-02-08 08:00:00,5,5,0.0,0.0,0.0,0.3828666666666667,13.8495,6.0,-3,21.4410176454779,,,0.0,0.0,0.0,0.0,47.43677886679679,optimal
2021-02-08 08:30:00,5,5,0.0,0.0,0.0,0.3111333333333333,13.23,6.0,-3,21.34981214944495,,,0.0,0.0,0.0,0.0,47.155590645607234,optimal
2021-02-08 09:00:00,5,5,0.0,0.0,0.0,0.20226666666666668,13.3665,6.0,-3,21.21677324542257,,,0.0,0.0,0.0,0.0,46.87468361263886,optimal
2021-02-08 09:30:00,5,5,0.0,0.0,0.0,0.17416666666666666,13.0515,6.0,-3,21.075828851046,,,0.0,0.0,0.0,0.0,46.59405748670346,optimal
2021-02-08 10:00:00,5,5,0.0,0.0,0.0,0.253,13.5345,6.0,-3,20.93495803711151,,,0.0,0.0,0.0,0.0,46.313711986894,optimal
2021-02-08 10:30:00,5,5,0.0,0.0,0.0,0.15223333333333333,14.154,6.0,-3,20.802168290004627,,,0.0,0.0,0.0,0.0,46.03364683258434,optimal
2021-02-08 11:00:00,5,5,0.0,0.0,0.0,0.35453333333333337,14.112,6.0,-3,20.661703489858493,,,0.0,0.0,0.0,0.0,45.75386174342899,optimal
2021-02-08 11:30:00,5,5,0.0,0.0,0.0,0.066,14.2485,6.0,-3,20.53631717577981,,,0.0,0.0,0.0,0.0,45.4743564393628,optimal
2021-02-08 12:00:00,5,5,0.2914060027423807,0.0,0.0,0.2317,12.789,6.0,-3,20.39101034064908,,,1019.9210095983326,0.0,0.0,0.0,45.195130640600674,optimal
2021-02-08 12:30:00,5,5,0.0,0.0,0.0,0.2555666666666666,13.0095,6.0,-3,20.33632868461324,,,0.0,0.0,0.0,0.0,44.91618406763731,optimal
2021-02-08 13:00:00,5,5,1.1428571428571428,0.0,0.0,0.17256666666666667,12.1275,6.0,-3,20.2089609199415,,,4000.0,0.0,0.0,0.0,44.63751644124691,optimal
2021-02-08 13:30:00,5,5,1.1428571428571428,0.0,0.0,0.2997666666666666,12.348,6.0,-3,20.3773803277981,,,4000.0,0.0,0.0,0.0,44.3591274824829,optimal
2021-02-08 14:00:00,5,5,1.1428571428571428,0.0,0.0,0.1108,12.348,6.0,-3,20.554813328359696,,,4000.0,0.0,0.0,0.0,44.081016912677654,optimal
2021-02-08 14:30:00,5,5,0.0,0.0,0.0,0.2904,25.389,6.0,-3,20.71751533591287,,,0.0,0.0,0.0,0.0,43.80318445344221,optimal
2021-02-08 15:00:00,5,5,0.0,0.0,0.0,0.3323333333333333,29.1375,6.0,-3,20.591774142146175,,,0.0,0.0,0.0,0.0,43.525629826666005,optimal
2021-02-08 15:30:00,5,5,0.0,0.0,0.0,0.16846666666666668,30.597,6.0,-3,20.48054938090602,,,0.0,0.0,0.0,0.0,43.248352754516574,optimal
2021-02-08 16:00:00,5,5,0.0,0.0,0.0,0.26853333333333335,33.684,6.0,-3,20.364250893920676,,,0.0,0.0,0.0,0.0,42.971352959439294,optimal
2021-02-08 16:30:00,5,5,0.0,0.0,0.0,0.229,32.445,6.0,-3,20.26792428003057,,,0.0,0.0,0.0,0.0,42.69463016415709,optimal
2021-02-08 17:00:00,5,5,0.0,0.0,0.0,0.17176666666666668,28.917,6.0,-3,20.166862357747465,,,0.0,0.0,0.0,0.0,42.41818409167017,optimal
2021-02-08 17:30:00,5,5,0.0,1.7029629629629628,0.0,1.6141666666666667,15.876,6.0,-3,20.061971766302676,,,0.0,0.0,0.0,1532.6666666666665,42.142014465255734,optimal
2021-02-08 18:00:00,5,5,0.36147687230004477,0.1548148148148148,0.0,0.24053333333333332,12.348,6.0,-3,20.0,,,1265.1690530501567,0.0,0.0,139.33333333333331,41.866121008467715,optimal
2021-02-08 18:30:00,5,5,0.5087558805136094,0.0,0.0,0.40636666666666665,12.1275,6.0,-3,20.0,,,1780.645581797633,0.0,0.0,0.0,41.82425488745925,optimal
2021-02-08 19:00:00,5,5,0.0,1.006296296296296,0.0,0.27303333333333335,12.348,6.0,-3,20.06637388449658,,,0.0,0.0,0.0,905.6666666666665,41.78243063257179,optimal
2021-02-08 19:30:00,5,5,0.26122866892010493,0.0774074074074074,0.0,0.3664,12.1275,6.0,-3,20.0,,,914.3003412203674,0.0,0.0,69.66666666666666,41.740648201939216,optimal
2021-02-08 20:00:00,5,5,0.24898882068506106,0.46444444444444444,0.0,0.4829,12.1275,6.0,-3,20.0,,,871.4608723977137,0.0,0.0,418.0,41.69890755373728,optimal
2021-02-08 20:30:00,5,5,0.0,0.23222222222222222,0.0,0.23553333333333334,11.2665,6.0,-3,20.0,,,0.0,0.0,0.0,209.0,41.65720864618354,optimal
2021-02-08 21:00:00,5,5,0.0,0.0774074074074074,0.0,0.3909333333333333,10.143,6.0,-3,19.925249962035654,,,0.0,0.0,0.0,69.66666666666666,41.615551437537356,optimal
2021-02-08 21:30:00,5,5,0.0,0.0,0.0,0.42136666666666667,11.2455,6.0,-3,19.862372881607826,,,0.0,0.0,0.0,0.0,41.57393588609982,optimal
2021-02-08 22:00:00,5,5,0.0,0.23222222222222222,0.0,0.6313333333333334,11.025,6.0,-3,19.80459161008348,,,0.0,0.0,0.0,209.0,41.53236195021372,optimal
2021-02-08 22:30:00,5,5,0.0,0.23222222222222222,0.0,0.2296,5.9745,6.0,-3,19.768620463471816,,,0.0,0.0,0.0,209.0,41.49082958826351,optimal
2021-02-08 23:00:00,5,5,0.0,0.0774074074074074,0.0,0.44156666666666666,7.938,6.0,-3,19.702521671986236,,,0.0,0.0,0.0,69.66666666666666,41.449338758675246,optimal
2021-02-08 23:30:00,5,5,0.0,0.0,0.0,0.15836666666666668,8.6835,6.0,-3,19.65175565583062,,,0.0,0.0,0.0,0.0,41.40788941991657,optimal
2021-02-09 00:00:00,5,5,1.1428571428571428,0.0,0.0,0.06933333333333333,11.7705,6.0,-4,19.65175565583062,,,4000.0,0.0,0.0,0.0,41.36648153049666,optimal
2021-02-09 00:30:00,5,5,1.1428571428571428,0.0,3.0,0.072,11.13,6.0,-4,19.8281934591803,,,4000.0,0.0,0.0,0.0,42.75011504896616,optimal
2021-02-09 01:00:00,5,5,1.1428571428571428,0.0,0.0,0.1368,11.6865,6.0,-4,20.003684781485262,,,4000.0,0.0,0.0,0.0,42.70736493391719,optimal
2021-02-09 01:30:00,5,5,1.1428571428571428,0.0,3.0,0.22186666666666668,10.7205,6.0,-4,20.18308945499104,,,4000.0,0.0,0.0,0.0,44.08965756898327,optimal
2021-02-09 02:00:00,5,5,1.1428571428571428,0.0,3.0,0.21306666666666663,11.424,6.0,-4,20.36677305534463,,,4000.0,0.0,0.0,0.0,45.470567911414285,optimal
2021-02-09 02:30:00,5,5,1.1428571428571428,0.0,3.0,0.08373333333333334,10.689,6.0,-4,20.547674057808585,,,4000.0,0.0,0.0,0.0,46.85009734350287,optimal
2021-02-09 03:00:00,5,5,1.1428571428571428,0.0,3.0,0.2864,11.361,6.0,-4,20.71790964475283,,,4000.0,0.0,0.0,0.0,48.22824724615936,optimal
2021-02-09 03:30:00,5,5,1.1428571428571428,0.0,1.663442838264443,0.1368,11.571,6.0,-4,20.902422494986066,,,4000.0,0.0,0.0,0.0,48.97015434708881,optimal
2021-02-09 04:00:00,5,5,0.0,0.0,0.0,0.16906666666666667,14.3745,6.0,-4,21.075099447925165,,,0.0,0.0,0.0,0.0,48.92118419274172,optimal
2021-02-09 04:30:00,5,5,1.1428571428571428,0.0,0.0,0.1368,13.23,6.0,-4,20.950096456266476,,,4000.0,0.0,0.0,0.0,48.87226300854897,optimal
2021-02-09 05:00:00,5,5,0.0,0.0,0.0,0.2288,13.9755,6.0,-4,21.122416534129584,,,0.0,0.0,0.0,0.0,48.823390745540415,optimal
2021-02-09 05:30:00,5,5,0.0,0.0,0.0,0.17373333333333332,14.994,6.0,-4,21.000035504271036,,,0.0,0.0,0.0,0.0,48.774567354794875,optimal
2021-02-09 06:00:00,5,5,0.023815464172109557,0.0,0.0,0.15133333333333335,13.671,6.0,-4,20.87444675093547,,,83.35412460238345,0.0,0.0,0.0,48.72579278744007,optimal
2021-02-09 06:30:00,5,5,0.0,0.0,0.0,0.2512,15.981,6.0,-4,20.75436285980652,,,0.0,0.0,0.0,0.0,48.67706699465263,optimal
2021-02-09 07:00:00,5,5,0.0,0.0,0.0,0.072,15.6345,6.0,-4,20.636040191210043,,,0.0,0.0,0.0,0.0,48.62838992765797,optimal
2021-02-09 07:30:00,5,5,0.0,0.0,0.0,0.24919999999999998,16.5375,6.0,-4,20.504809025947054,,,0.0,0.0,0.0,0.0,48.579761537730306,optimal
2021-02-09 08:00:00,5,5,0.0,0.0,0.0,0.18573333333333328,14.7735,6.0,-4,20.387081815732387,,,0.0,0.0,0.0,0.0,48.53118177619257,optimal
2021-02-09 08:30:00,5,5,0.0,0.0,0.0,0.15413333333333332,15.2145,6.0,-4,20.264734410585884,,,0.0,0.0,0.0,0.0,48.48265059441637,optimal
2021-02-09 09:00:00,5,5,0.0,0.0,0.0,0.11893333333333334,14.553,6.0,-4,20.142059265322917,,,0.0,0.0,0.0,0.0,48.434167943821954,optimal
2021-02-09 09:30:00,5,5,1.1428571428571428,0.0,0.0,0.16906666666666667,14.3325,6.0,-4,20.0187892401539,,,4000.0,0.0,0.0,0.0,48.38573377587813,optimal
2021-02-09 10:00:00,5,5,0.0,0.5418518518518518,0.0,0.14166666666666666,14.595,6.0,-4,20.201994386831934,,,0.0,0.0,0.0,487.6666666666667,48.33734804210225,optimal
2021-02-09 10:30:00,5,5,0.0,0.1548148148148148,0.0,0.2912666666666667,14.994,6.0,-4,20.09390550854933,,,0.0,0.0,0.0,139.33333333333331,48.289010694060146,optimal
2021-02-09 11:00:00,5,5,0.403152823991683,0.0,0.0,0.0998,14.3325,6.0,-4,20.0,,,1411.0348839708906,0.0,0.0,0.0,48.240721683366075,optimal
2021-02-09 11:30:00,5,5,0.3267895988001947,0.3096296296296296,0.0,1.0523333333333333,13.8915,6.0,-4,20.0,,,1143.7635958006815,0.0,0.0,278.66666666666663,48.192480961682705,optimal
2021-02-09 12:00:00,5,5,0.24653683322609124,0.0,0.0,0.42260000000000003,13.8915,6.0,-4,20.0,,,862.8789162913193,0.0,0.0,0.0,48.144288480721016,optimal
2021-02-09 12:30:00,5,5,1.1428571428571428,0.774074074074074,0.0,2.0793000000000004,13.4715,6.0,-4,20.0,,,4000.0,0.0,0.0,696.6666666666666,48.096144192240295,optimal
2021-02-09 13:00:00,5,5,1.1428571428571428,0.387037037037037,0.0,0.6283,13.23,6.0,-4,20.30944723778674,,,4000.0,0.0,0.0,348.3333333333333,48.048048048048045,optimal
2021-02-09 13:30:00,5,5,0.9032766255959631,0.6966666666666667,0.0,1.3325666666666667,13.8915,6.0,-4,20.547580809754642,,,3161.4681895858707,0.0,0.0,627.0,48.0,optimal
2021-02-09 14:00:00,5,5,0.0,0.1548148148148148,0.0,1.0077,26.9325,6.0,-4,20.723979646216538,,,0.0,0.0,0.0,139.33333333333331,47.34954679163354,optimal
2021-02-09 14:30:00,5,5,0.0,0.0,0.0,1.1896666666666667,30.303,6.0,-4,20.640744616734775,,,0.0,0.0,0.0,0.0,46.69974403647545,optimal
2021-02-09 15:00:00,5,5,0.0,0.23222222222222222,0.0,0.6717333333333333,32.886,6.0,-4,20.62294295193721,,,0.0,0.0,0.0,209.0,46.05059108407252,optimal
2021-02-09 15:30:00,5,5,0.0,0.0,0.0,0.38826666666666665,34.9965,6.0,-4,20.553032774260803,,,0.0,0.0,0.0,0.0,45.40208728462199,optimal
2021-02-09 16:00:00,5,5,0.0,0.0,0.0,0.16906666666666667,33.327,6.0,-4,20.459509500357917,,,0.0,0.0,0.0,0.0,44.754231988970915,optimal
2021-02-09 16:30:00,5,5,0.0,0.0,0.0,0.16,31.122,6.0,-4,20.325482893097305,,,0.0,0.0,0.0,0.0,44.10702454861549,optimal
2021-02-09 17:00:00,5,5,0.0,0.0,0.0,0.19140000000000001,17.9025,6.0,-4,20.191032015117163,,,0.0,0.0,0.0,0.0,43.46046431570042,optimal
2021-02-09 17:30:00,5,5,0.0,0.1548148148148148,0.0,0.40943333333333326,15.6555,6.0,-4,20.06340920090095,,,0.0,0.0,0.0,139.33333333333331,42.814550643018265,optimal
2021-02-09 18:00:00,5,5,0.27171730486742296,0.1548148148148148,0.0,0.35846666666666666,14.553,6.0,-4,20.0,,,951.0105670359803,0.0,0.0,139.33333333333331,42.169282884008794,optimal
2021-02-09 18:30:00,5,5,0.2641178891997402,0.0774074074074074,0.0,0.4224666666666666,14.3325,6.0,-4,20.0,,,924.4126121990907,0.0,0.0,69.66666666666666,41.52466039275833,optimal
2021-02-09 19:00:00,5,5,0.20705180686540056,0.5418518518518518,0.0,0.6534666666666668,13.335,6.0,-4,20.0,,,724.6813240289019,0.0,0.0,487.6666666666667,40.88068252399911,optimal
2021-02-09 19:30:00,5,5,0.20165892019791884,0.0,0.0,0.8698333333333333,12.1275,6.0,-4,20.0,,,705.8062206927159,0.0,0.0,0.0,40.839801841475115,optimal
2021-02-09 20:00:00,5,5,0.0,0.46444444444444444,0.0,2.429,12.2955,6.0,-4,20.018109800515337,,,0.0,0.0,0.0,418.0,40.798962039633636,optimal
2021-02-09 20:30:00,5,5,0.0,0.0,0.0,3.177033333333333,11.6865,6.0,-4,20.0,,,0.0,0.0,0.0,0.0,40.758163077594006,optimal
2021-02-09 21:00:00,5,5,0.0,0.1548148148148148,0.0,1.6479333333333335,11.466,6.0,-4,19.988948225348874,,,0.0,0.0,0.0,139.33333333333331,40.717404914516415,optimal
2021-02-09 21:30:00,5,5,0.0,0.23222222222222222,0.0,0.2926,10.8045,6.0,-4,19.97364596461388,,,0.0,0.0,0.0,209.0,40.6766875096019,optimal
2021-02-09 22:00:00,5,5,0.0,0.3096296296296296,0.0,0.4718333333333333,10.584,6.0,-4,19.906404165776234,,,0.0,0.0,0.0,278.66666666666663,40.636010822092295,optimal
2021-02-09 22:30:00,5,5,0.0,0.6192592592592592,0.0,0.3514,11.2455,6.0,-4,19.85697047187501,,,0.0,0.0,0.0,557.3333333333333,40.595374811270204,optimal
2021-02-09 23:00:00,5,5,0.0,0.0,0.0,0.3506,12.1275,6.0,-4,19.785020877689835,,,0.0,0.0,0.0,0.0,40.55477943645894,optimal
2021-02-09 23:30:00,5,5,0.0,0.0,0.0,0.26480000000000004,11.823,6.0,-4,19.71341252134003,,,0.0,0.0,0.0,0.0,40.514224657022474,optimal
2021-02-10 00:00:00,5,5,0.3749198666559705,0.0,0.0,0.063,11.907,6.0,2,19.71341252134003,,,1312.2195332958968,0.0,0.0,0.0,40.47371043236545,optimal
2021-02-10 00:30:00,5,5,1.1428571428571428,0.0774074074074074,0.0,0.0935,11.7075,6.0,2,19.69529594500506,,,4000.0,0.0,0.0,69.66666666666666,40.433236721933085,optimal
2021-02-10 01:00:00,5,5,1.1428571428571428,0.0,3.0,0.16543333333333335,10.8045,6.0,2,19.88860802994014,,,4000.0,0.0,0.0,0.0,41.81780348521115,optimal
2021-02-10 01:30:00,5,5,1.1428571428571428,0.0,0.0,0.055,11.508,6.0,2,20.083249187625388,,,4000.0,0.0,0.0,0.0,41.77598568172594,optimal
2021-02-10 02:00:00,5,5,1.1428571428571428,0.0,0.0,0.09770000000000001,11.508,6.0,2,20.25222729625923,,,4000.0,0.0,0.0,0.0,41.73420969604422,optimal
2021-02-10 02:30:00,5,5,1.1428571428571428,0.0,0.0,0.1465,11.508,6.0,2,20.42238962431147,,,4000.0,0.0,0.0,0.0,41.69247548634817,optimal
2021-02-10 03:00:00,5,5,1.1428571428571428,0.0,0.0,0.055,11.844,6.0,2,20.59493269867725,,,4000.0,0.0,0.0,0.0,41.65078301086182,optimal
2021-02-10 03:30:00,5,5,1.1428571428571428,0.0,0.0,0.055,11.508,6.0,2,20.759331901056484,,,4000.0,0.0,0.0,0.0,41.609132227850964,optimal
2021-02-10 04:00:00,5,5,1.1428571428571428,0.0,0.0,0.13653333333333334,11.508,6.0,2,20.922500453070906,,,4000.0,0.0,0.0,0.0,41.567523095623116,optimal
2021-02-10 04:30:00,5,5,1.1428571428571428,0.0,3.0,0.126,10.4475,6.0,2,21.089929373998086,,,4000.0,0.0,0.0,0.0,42.95095557252749,optimal
2021-02-10 05:00:00,5,5,1.1428571428571428,0.0,3.0,0.065,10.8675,6.0,2,21.25444275595859,,,4000.0,0.0,0.0,0.0,44.33300461695496,optimal
2021-02-10 05:30:00,5,5,1.1428571428571428,0.3096296296296296,3.0,0.2329333333333333,10.542,6.0,2,21.412407885968573,,,4000.0,0.0,0.0,278.66666666666663,45.713671612338004,optimal
2021-02-10 06:00:00,5,5,1.1428571428571428,0.387037037037037,2.007713012412556,0.109,11.025,6.0,2,21.58875659295651,,,4000.0,0.0,0.0,348.3333333333333,46.62162162162162,optimal
2021-02-10 06:30:00,5,5,1.1428571428571428,1.2385185185185184,3.0,0.9875666666666668,11.025,6.0,2,21.762779508514914,,,4000.0,0.0,0.0,1114.6666666666665,48.0,optimal
2021-02-10 07:00:00,5,5,0.0,5.495925925925925,0.0,0.063,14.553,6.0,2,21.95416297560148,,,0.0,0.0,0.0,4946.333333333333,47.75637779776346,optimal
2021-02-10 07:30:00,5,5,1.1428571428571428,2.631851851851852,0.0,0.24226666666666669,13.0935,6.0,2,21.830689871867577,,,4000.0,0.0,0.0,2368.6666666666665,47.51299921772917,optimal
2021-02-10 08:00:00,5,5,0.008098024262232217,0.5418518518518518,0.0,0.2395,15.6345,6.0,2,22.0,,,28.34308491781276,0.0,0.0,487.6666666666667,47.2698640162749,optimal
2021-02-10 08:30:00,5,5,0.0,0.387037037037037,0.0,0.109,18.102,6.0,2,21.89294725578061,,,0.0,0.0,0.0,348.3333333333333,47.026971950022094,optimal
2021-02-10 09:00:00,5,5,0.0,0.0,0.0,0.097,17.199,6.0,2,21.783983589859883,,,0.0,0.0,0.0,0.0,46.784322775835534,optimal
2021-02-10 09:30:00,5,5,0.0,0.387037037037037,0.0,0.1972,18.2805,6.0,2,21.667914327918133,,,0.0,0.0,0.0,348.3333333333333,46.541916250823164,optimal
2021-02-10 10:00:00,5,5,0.0,0.0,0.0,0.06433333333333333,17.4615,6.0,2,21.554335893054844,,,0.0,0.0,0.0,0.0,46.299752132335804,optimal
2021-02-10 10:30:00,5,5,0.0,0.0,0.0,0.065,18.3225,6.0,2,21.409153077130487,,,0.0,0.0,0.0,0.0,46.057830177966935,optimal
2021-02-10 11:00:00,5,5,0.0,0.0,0.0,0.065,17.094,6.0,2,21.25539604172639,,,0.0,0.0,0.0,0.0,45.816150145552434,optimal
2021-02-10 11:30:00,5,5,0.0,0.0,0.0,0.1992,17.094,6.0,2,21.103912858636377,,,0.0,0.0,0.0,0.0,45.574711793170344,optimal
2021-02-10 12:00:00,5,5,0.0,0.0,0.0,0.065,17.094,6.0,2,20.964362193705963,,,0.0,0.0,0.0,0.0,45.33351487914064,optimal
2021-02-10 12:30:00,5,5,0.0,0.0,0.0,0.08940000000000001,17.3565,6.0,2,20.816554770654506,,,0.0,0.0,0.0,0.0,45.09255916202496,optimal
2021-02-10 13:00:00,5,5,0.0,0.0,0.0,0.1748,17.115,6.0,2,20.67168106513436,,,0.0,0.0,0.0,0.0,44.851844400626405,optimal
2021-02-10 13:30:00,5,5,0.0,0.0,0.0,0.065,17.241,6.0,2,20.5342872874914,,,0.0,0.0,0.0,0.0,44.611370353989244,optimal
2021-02-10 14:00:00,5,5,1.1428571428571428,0.0,0.0,0.1992,17.094,6.0,2,20.39119644292446,,,4000.0,0.0,0.0,0.0,44.37113678139872,optimal
2021-02-10 14:30:00,5,5,1.1428571428571428,0.0,0.0,0.065,16.5165,6.0,2,20.560276159220344,,,4000.0,0.0,0.0,0.0,44.13114344238078,optimal
2021-02-10 15:00:00,5,5,0.0,0.0,0.0,0.1443,17.8185,6.0,2,20.718040208624796,,,0.0,0.0,0.0,0.0,43.89139009670187,optimal
2021-02-10 15:30:00,5,5,1.1428571428571428,0.0,0.0,0.1199,17.094,6.0,2,20.58100960440474,,,4000.0,0.0,0.0,0.0,43.65187650436863,optimal
2021-02-10 16:00:00,5,5,1.1428571428571428,0.23222222222222222,0.0,0.06433333333333333,16.8945,6.0,2,20.741232650430906,,,4000.0,0.0,0.0,209.0,43.412602425627725,optimal
2021-02-10 16:30:00,5,5,0.0,0.0,0.0,0.24013333333333334,18.123,6.0,2,20.89879160366111,,,0.0,0.0,0.0,0.0,43.173567620965564,optimal
2021-02-10 17:00:00,5,5,0.0,0.0,0.0,0.1066,31.647,6.0,2,20.782843742307925,,,0.0,0.0,0.0,0.0,42.93477185110806,optimal
2021-02-10 17:30:00,5,5,0.0,0.3096296296296296,0.0,0.1179,34.9965,6.0,2,20.652612089058273,,,0.0,0.0,0.0,278.66666666666663,42.69621487702042,optimal
2021-02-10 18:00:00,5,5,0.0,0.0,0.0,0.7322333333333334,34.9965,6.0,2,20.52722687685891,,,0.0,0.0,0.0,0.0,42.45789645990686,optimal
2021-02-10 18:30:00,5,5,0.0,0.1548148148148148,0.0,0.41956666666666664,34.9965,6.0,2,20.41987905472826,,,0.0,0.0,0.0,139.33333333333331,42.21981636121042,optimal
2021-02-10 19:00:00,5,5,0.0,0.23222222222222222,0.0,0.21746666666666667,34.9965,6.0,2,20.304961302990055,,,0.0,0.0,0.0,209.0,41.98197434261267,optimal
2021-02-10 19:30:00,5,5,0.0,0.387037037037037,0.0,0.2057333333333333,34.9965,6.0,2,20.1956157308232,,,0.0,0.0,0.0,348.3333333333333,41.93999236827006,optimal
2021-02-10 20:00:00,5,5,0.0,0.3096296296296296,0.0,0.2057333333333333,27.741,6.0,2,20.100164914969728,,,0.0,0.0,0.0,278.66666666666663,41.89805237590179,optimal
2021-02-10 20:30:00,5,5,0.0,0.23222222222222222,0.0,0.29196666666666665,19.026,6.0,2,20.0,,,0.0,0.0,0.0,209.0,41.85615432352589,optimal
2021-02-10 21:00:00,5,5,0.0,0.0774074074074074,0.0,1.8346,18.7215,6.0,2,19.905819723416162,,,0.0,0.0,0.0,69.66666666666666,41.81429816920237,optimal
2021-02-10 21:30:00,5,5,0.0,0.0,0.0,0.7527,17.4195,6.0,2,19.826325463792564,,,0.0,0.0,0.0,0.0,41.77248387103317,optimal
2021-02-10 22:00:00,5,5,0.0,0.0,0.0,0.2897333333333333,16.758,6.0,2,19.730130326449764,,,0.0,0.0,0.0,0.0,41.73071138716213,optimal
2021-02-10 22:30:00,5,5,0.0,0.0,0.0,0.2051,14.217,6.0,2,19.614222268507078,,,0.0,0.0,0.0,0.0,41.68898067577497,optimal
2021-02-10 23:00:00,5,5,0.0,0.23222222222222222,0.0,0.3156666666666667,13.3665,6.0,2,19.488051770503457,,,0.0,0.0,0.0,209.0,41.6472916950992,optimal
2021-02-10 23:30:00,5,5,0.0,0.0,0.0,0.2788,12.789,6.0,2,19.367699235640153,,,0.0,0.0,0.0,0.0,41.6056444034041,optimal
2021-02-11 00:00:00,5,5,1.1428571428571428,0.0,0.0,0.064,11.2455,6.0,1,19.367699235640153,,,4000.0,0.0,0.0,0.0,41.564038759000695,optimal
2021-02-11 00:30:00,5,5,1.1428571428571428,0.0,0.0,0.064,11.025,6.0,1,19.514321843536454,,,4000.0,0.0,0.0,0.0,41.522474720241696,optimal
2021-02-11 01:00:00,5,5,1.1428571428571428,0.0,0.0,0.12340000000000001,12.0855,6.0,1,19.660595446519192,,,4000.0,0.0,0.0,0.0,41.48095224552146,optimal
2021-02-11 01:30:00,5,5,1.1428571428571428,0.0,0.0,0.064,11.6865,6.0,1,19.81097100868624,,,4000.0,0.0,0.0,0.0,41.439471293275936,optimal
2021-02-11 02:00:00,5,5,1.1428571428571428,0.0,0.0,0.12340000000000001,11.2245,6.0,1,19.955772546334543,,,4000.0,0.0,0.0,0.0,41.39803182198266,optimal
2021-02-11 02:30:00,5,5,1.1428571428571428,0.0,0.0,0.064,11.025,6.0,1,20.103938488258212,,,4000.0,0.0,0.0,0.0,41.35663379016068,optimal
2021-02-11 03:00:00,5,5,1.1428571428571428,0.0,3.0,0.0772,10.7835,6.0,1,20.245798371901525,,,4000.0,0.0,0.0,0.0,42.74027715637052,optimal
2021-02-11 03:30:00,5,5,1.1428571428571428,0.0,2.957121316334792,0.1102,11.025,6.0,1,20.386836276903292,,,4000.0,0.0,0.0,0.0,44.102169504473174,optimal
2021-02-11 04:00:00,5,5,1.1428571428571428,0.0,3.0,0.064,10.584,6.0,1,20.531161150677605,,,4000.0,0.0,0.0,0.0,45.483067334968695,optimal
2021-02-11 04:30:00,5,5,1.1428571428571428,0.0,3.0,0.0871,11.025,6.0,1,20.672817252435404,,,4000.0,0.0,0.0,0.0,46.86258426763372,optimal
2021-02-11 05:00:00,5,5,1.1428571428571428,0.0,3.0,0.1003,10.4265,6.0,1,20.815142867346825,,,4000.0,0.0,0.0,0.0,48.240721683366075,optimal
2021-02-11 05:30:00,5,5,1.1428571428571428,0.0,0.0,0.0838,12.789,6.0,1,20.957391591684974,,,4000.0,0.0,0.0,0.0,48.192480961682705,optimal
2021-02-11 06:00:00,5,5,1.1428571428571428,0.387037037037037,0.0,0.1522666666666667,12.684,6.0,1,21.099211261298265,,,4000.0,0.0,0.0,348.3333333333333,48.144288480721016,optimal
2021-02-11 06:30:00,5,5,1.1428571428571428,0.46444444444444444,0.0,0.08159999999999999,16.254,6.0,1,21.26137155062436,,,4000.0,0.0,0.0,418.0,48.096144192240295,optimal
2021-02-11 07:00:00,5,5,0.0,6.734444444444445,0.0,1.190233333333333,17.64,6.0,1,21.43370017082075,,,0.0,0.0,0.0,6061.0,48.048048048048045,optimal
2021-02-11 07:30:00,5,5,0.0,0.0,0.0,0.15193333333333334,19.1625,6.0,1,21.3262340166804,,,0.0,0.0,0.0,0.0,48.0,optimal
2021-02-11 08:00:00,5,5,0.0,0.0,0.0,0.20826666666666668,26.46,6.0,1,21.19044345901245,,,0.0,0.0,0.0,0.0,47.787210246445454,optimal
2021-02-11 08:30:00,5,5,0.0,0.1548148148148148,0.0,0.4816666666666667,20.79,6.0,1,21.065721717447474,,,0.0,0.0,0.0,139.33333333333331,47.57463328264446,optimal
2021-02-11 09:00:00,5,5,0.0,0.0,0.0,0.3529333333333333,29.106,6.0,1,20.956966602923586,,,0.0,0.0,0.0,0.0,47.362268895807276,optimal
2021-02-11 09:30:00,5,5,0.0,0.1548148148148148,0.0,0.197,19.1835,6.0,1,20.847585718582486,,,0.0,0.0,0.0,139.33333333333331,47.15011687335692,optimal
2021-02-11 10:00:00,5,5,0.0,0.0,0.0,0.25639999999999996,19.6665,6.0,1,20.736839334405577,,,0.0,0.0,0.0,0.0,46.938177002929024,optimal
2021-02-11 10:30:00,5,5,0.0,0.0,0.0,0.5552666666666667,19.404,6.0,1,20.644890060858902,,,0.0,0.0,0.0,0.0,46.72644907237155,optimal
2021-02-11 11:00:00,5,5,0.0,0.23222222222222222,0.0,0.3974,19.047,6.0,1,20.559916539541252,,,0.0,0.0,0.0,209.0,46.514932869744634,optimal
2021-02-11 11:30:00,5,5,0.0,0.46444444444444444,0.0,0.19153333333333333,18.858,6.0,1,20.466789092907582,,,0.0,0.0,0.0,418.0,46.30362818332034,optimal
2021-02-11 12:00:00,5,5,0.0,0.1548148148148148,0.0,0.1978,19.2675,6.0,1,20.364995468010978,,,0.0,0.0,0.0,139.33333333333331,46.09253480158248,optimal
2021-02-11 12:30:00,5,5,0.0,0.387037037037037,0.0,0.26313333333333333,18.963,6.0,1,20.269947605089985,,,0.0,0.0,0.0,348.3333333333333,45.881652513226356,optimal
2021-02-11 13:00:00,5,5,0.4469084971556346,0.0,0.0,1.284,18.438,6.0,1,20.16896917928678,,,1564.179740044721,0.0,0.0,0.0,45.67098110715859,optimal
2021-02-11 13:30:00,5,5,0.0,0.1548148148148148,0.0,0.8695333333333333,18.7425,6.0,1,20.216512286658702,,,0.0,0.0,0.0,139.33333333333331,45.46052037249689,optimal
2021-02-11 14:00:00,5,5,1.1428571428571428,0.0,0.0,0.13340000000000002,15.2145,6.0,1,20.13425517745849,,,4000.0,0.0,0.0,0.0,45.25027009856985,optimal
2021-02-11 14:30:00,5,5,1.1428571428571428,0.0,0.0,0.074,17.7765,6.0,1,20.30862488607434,,,4000.0,0.0,0.0,0.0,45.040230074916735,optimal
2021-02-11 15:00:00,5,5,1.1428571428571428,0.0,0.0,0.074,16.758,6.0,1,20.47462094568359,,,4000.0,0.0,0.0,0.0,44.830400091287274,optimal
2021-02-11 15:30:00,5,5,1.1428571428571428,0.0,0.0,0.2733,16.422,6.0,1,20.636754385648754,,,4000.0,0.0,0.0,0.0,44.620779937641444,optimal
2021-02-11 16:00:00,5,5,1.1428571428571428,0.1548148148148148,0.0,0.42556666666666665,16.758,6.0,1,20.811329754516745,,,4000.0,0.0,0.0,139.33333333333331,44.41136940414926,optimal
2021-02-11 16:30:00,5,5,0.0,1.315925925925926,0.0,0.5176666666666666,29.358,6.0,1,20.99977413648243,,,0.0,0.0,0.0,1184.3333333333333,44.202168281190566,optimal
2021-02-11 17:00:00,5,5,0.0,0.387037037037037,0.0,0.2998,34.9965,6.0,1,20.897650305122283,,,0.0,0.0,0.0,348.3333333333333,43.993176359354834,optimal
2021-02-11 17:30:00,5,5,0.0,0.1548148148148148,0.0,0.5179666666666667,34.65,6.0,1,20.78150080470757,,,0.0,0.0,0.0,139.33333333333331,43.78439342944093,optimal
2021-02-11 18:00:00,5,5,0.0,0.0,0.0,0.1235,34.9965,6.0,1,20.684082953570407,,,0.0,0.0,0.0,0.0,43.57581928245695,optimal
2021-02-11 18:30:00,5,5,0.0,0.0,0.0,0.0905,34.9965,6.0,1,20.51137434387033,,,0.0,0.0,0.0,0.0,43.367453709619944,optimal
2021-02-11 19:00:00,5,5,0.0,0.0,0.0,0.1169,30.4815,6.0,1,20.33112439770933,,,0.0,0.0,0.0,0.0,43.15929650235578,optimal
2021-02-11 19:30:00,5,5,0.0,0.0,0.0,0.2422333333333333,21.4305,6.0,1,20.14783791913897,,,0.0,0.0,0.0,0.0,42.95134745229888,optimal
2021-02-11 20:00:00,5,5,0.44547844273171827,0.0,0.0,0.5543666666666667,14.3325,6.0,1,20.0,,,1559.174549561014,0.0,0.0,0.0,42.74360635129204,optimal
2021-02-11 20:30:00,5,5,0.0,0.0,0.0,0.3176333333333333,13.692,6.0,1,20.0,,,0.0,0.0,0.0,0.0,42.5360729913862,optimal
2021-02-11 21:00:00,5,5,0.0,0.0,0.0,0.27313333333333334,14.007,6.0,1,19.86338578430715,,,0.0,0.0,0.0,0.0,42.49353691839481,optimal
2021-02-11 21:30:00,5,5,0.0,0.0,0.0,1.9182333333333328,12.873,6.0,1,19.75099674264685,,,0.0,0.0,0.0,0.0,42.45104338147642,optimal
2021-02-11 22:00:00,5,5,0.0,0.0,0.0,0.6119333333333333,12.684,6.0,1,19.690979426028687,,,0.0,0.0,0.0,0.0,42.40859233809494,optimal
2021-02-11 22:30:00,5,5,0.0,0.23222222222222222,0.0,1.3029333333333335,12.306,6.0,1,19.59874812816464,,,0.0,0.0,0.0,209.0,42.36618374575685,optimal
2021-02-11 23:00:00,5,5,0.0,0.0,0.0,0.4603,10.6365,6.0,1,19.496694553020884,,,0.0,0.0,0.0,0.0,42.323817562011094,optimal
2021-02-11 23:30:00,5,5,0.0,0.0,0.0,0.1235,11.2455,6.0,1,19.37930108412153,,,0.0,0.0,0.0,0.0,42.28149374444908,optimal
2021-02-12 00:00:00,5,5,1.1428571428571428,0.0,3.0,0.09673333333333332,8.1585,6.0,1,19.37930108412153,,,4000.0,0.0,0.0,0.0,43.66421225070463,optimal
2021-02-12 00:30:00,5,5,1.1428571428571428,0.0,0.0,0.08446666666666666,10.3635,6.0,1,19.504273888118316,,,4000.0,0.0,0.0,0.0,43.620548038453926,optimal
2021-02-12 01:00:00,5,5,1.1428571428571428,0.0,0.0,0.15990000000000001,10.8045,6.0,1,19.62739255065186,,,4000.0,0.0,0.0,0.0,43.57692749041547,optimal
2021-02-12 01:30:00,5,5,1.1428571428571428,0.0,0.0,0.12329999999999999,11.025,6.0,1,19.755238635353113,,,4000.0,0.0,0.0,0.0,43.53335056292506,optimal
2021-02-12 02:00:00,5,5,1.1428571428571428,0.0,0.0,0.063,10.3635,6.0,1,19.880135367917248,,,4000.0,0.0,0.0,0.0,43.489817212362134,optimal
2021-02-12 02:30:00,5,5,1.1428571428571428,0.0,0.0,0.1692,10.8045,6.0,1,20.00032997910955,,,4000.0,0.0,0.0,0.0,43.44632739514977,optimal
2021-02-12 03:00:00,5,5,1.1428571428571428,0.0,3.0,0.114,10.059,6.0,1,20.129823680789283,,,4000.0,0.0,0.0,0.0,44.82788106775462,optimal
2021-02-12 03:30:00,5,5,1.1428571428571428,0.0,0.0,0.1182,10.584,6.0,1,20.25645992736167,,,4000.0,0.0,0.0,0.0,44.783053186686864,optimal
2021-02-12 04:00:00,5,5,1.1428571428571428,0.0,3.0,0.063,9.4185,6.0,1,20.387702758194436,,,4000.0,0.0,0.0,0.0,46.16327013350018,optimal
2021-02-12 04:30:00,5,5,1.1428571428571428,0.0,1.671188952229781,0.1408,10.3635,6.0,1,20.519069338040087,,,4000.0,0.0,0.0,0.0,46.910921615675825,optimal
2021-02-12 05:00:00,5,5,1.1428571428571428,0.0,3.0,0.14973333333333333,9.8385,6.0,1,20.65996967505257,,,4000.0,0.0,0.0,0.0,48.289010694060146,optimal
2021-02-12 05:30:00,5,5,1.1428571428571428,0.0,0.0,0.10593333333333334,11.067,6.0,1,20.806273468408328,,,4000.0,0.0,0.0,0.0,48.240721683366075,optimal
2021-02-12 06:00:00,5,5,1.1428571428571428,0.0,0.0,0.07526666666666666,10.8465,6.0,1,20.954190566710736,,,4000.0,0.0,0.0,0.0,48.192480961682705,optimal
2021-02-12 06:30:00,5,5,0.0,0.0,0.0,0.165,13.671,6.0,1,21.10469242319719,,,0.0,0.0,0.0,0.0,48.144288480721016,optimal
2021-02-12 07:00:00,5,5,1.0978606884938449,0.0,0.0,0.061666666666666654,12.348,6.0,1,20.96198390011262,,,3842.5124097284574,0.0,0.0,0.0,48.096144192240295,optimal
2021-02-12 07:30:00,5,5,0.0,0.3096296296296296,0.0,0.22383333333333327,14.3325,6.0,1,21.1117337715968,,,0.0,0.0,0.0,278.66666666666663,48.048048048048045,optimal
2021-02-12 08:00:00,5,5,0.0,0.774074074074074,0.0,0.074,15.393,6.0,1,20.994699042389534,,,0.0,0.0,0.0,696.6666666666666,48.0,optimal
2021-02-12 08:30:00,5,5,0.0,0.3096296296296296,0.0,0.3680333333333334,13.587,6.0,1,20.865000902426353,,,0.0,0.0,0.0,278.66666666666663,47.41219510250745,optimal
2021-02-12 09:00:00,5,5,0.0,0.0,0.0,0.16656666666666667,16.1385,6.0,1,20.73490381045091,,,0.0,0.0,0.0,0.0,46.824978009912385,optimal
2021-02-12 09:30:00,5,5,0.0,0.0,0.0,0.1222,14.595,6.0,1,20.55998964959711,,,0.0,0.0,0.0,0.0,46.23834813440992,optimal
2021-02-12 10:00:00,5,5,0.0,0.0,0.0,0.063,14.637,6.0,1,20.399730655847005,,,0.0,0.0,0.0,0.0,45.65230488878296,optimal
2021-02-12 10:30:00,5,5,0.0,0.0,0.0,0.165,13.9125,6.0,1,20.253006143023217,,,0.0,0.0,0.0,0.0,45.06684768640162,optimal
2021-02-12 11:00:00,5,5,0.0,0.0,0.0,0.22426666666666667,13.3665,6.0,1,20.118012853460442,,,0.0,0.0,0.0,0.0,44.48197594122267,optimal
2021-02-12 11:30:00,5,5,0.8165084892762592,0.6192592592592592,0.0,0.19533333333333328,13.0095,6.0,1,20.0,,,2857.7797124669073,0.0,0.0,557.3333333333333,43.897689067788896,optimal
2021-02-12 12:00:00,5,5,0.0,0.5418518518518518,0.0,0.18136666666666668,13.8915,6.0,1,20.108247040084535,,,0.0,0.0,0.0,487.6666666666667,43.313986481228554,optimal
2021-02-12 12:30:00,5,5,0.4203236485145379,0.3096296296296296,0.0,0.1432,13.188,6.0,1,20.0,,,1471.1327698008827,0.0,0.0,278.66666666666663,42.73086759725477,optimal
2021-02-12 13:00:00,5,5,0.21441756675166462,0.0774074074074074,0.0,1.4062999999999999,12.5685,6.0,1,20.0,,,750.4614836308261,0.0,0.0,69.66666666666666,42.14833183216496,optimal
2021-02-12 13:30:00,5,5,0.5227861329030963,0.0,0.0,0.0985,12.285,6.0,1,20.0,,,1829.751465160837,0.0,0.0,0.0,41.566378602840246,optimal
2021-02-12 14:00:00,5,5,1.1428571428571428,0.0,0.0,0.10673333333333332,11.487,6.0,1,20.001941154158796,,,4000.0,0.0,0.0,0.0,40.98500732674486,optimal
2021-02-12 14:30:00,5,5,1.1428571428571428,0.0,0.0,0.19646666666666668,11.802,6.0,1,20.16626151022819,,,4000.0,0.0,0.0,0.0,40.40421742192556,optimal
2021-02-12 15:00:00,5,5,1.1428571428571428,0.0,0.0,0.073,11.2245,6.0,1,20.335323188160167,,,4000.0,0.0,0.0,0.0,39.824008307011084,optimal
2021-02-12 15:30:00,5,5,1.1428571428571428,0.0,0.0,0.073,11.025,6.0,1,20.49312455554722,,,4000.0,0.0,0.0,0.0,39.244379401211525,optimal
2021-02-12 16:00:00,5,5,1.1428571428571428,0.0,0.0,0.175,11.907,6.0,1,20.648621800653974,,,4000.0,0.0,0.0,0.0,38.66533012431776,optimal
2021-02-12 16:30:00,5,5,0.0,0.0,0.0,0.12819999999999998,25.83,6.0,1,20.809470747656828,,,0.0,0.0,0.0,0.0,38.086859896700894,optimal
2021-02-12 17:00:00,5,5,0.0,0.0,0.0,0.1087,28.035,6.0,1,20.66381284352897,,,0.0,0.0,0.0,0.0,37.50896813931164,optimal
2021-02-12 17:30:00,5,5,0.0,0.46444444444444444,0.0,0.3046333333333333,28.119,6.0,1,20.51553924979817,,,0.0,0.0,0.0,418.0,36.931654273679776,optimal
2021-02-12 18:00:00,5,5,0.0,0.774074074074074,0.0,0.26439999999999997,30.156,6.0,1,20.396354084642464,,,0.0,0.0,0.0,696.6666666666666,36.894722619406096,optimal
2021-02-12 18:30:00,5,5,0.0,1.6255555555555554,0.0,0.29419999999999996,29.1585,6.0,1,20.300672617967237,,,0.0,0.0,0.0,1463.0,36.85782789678669,optimal
2021-02-12 19:00:00,5,5,0.0,0.387037037037037,0.0,0.3496,26.712,6.0,1,20.220433042849734,,,0.0,0.0,0.0,348.3333333333333,36.8209700688899,optimal
2021-02-12 19:30:00,5,5,0.0,0.5418518518518518,0.0,0.4977,15.435,6.0,1,20.144080362462667,,,0.0,0.0,0.0,487.6666666666667,36.78414909882101,optimal
2021-02-12 20:00:00,5,5,0.0,0.3096296296296296,0.0,0.2814,13.566,6.0,1,20.08263561846346,,,0.0,0.0,0.0,278.66666666666663,36.74736494972219,optimal
2021-02-12 20:30:00,5,5,0.0,0.0,0.0,0.3140333333333334,12.789,6.0,1,20.0,,,0.0,0.0,0.0,0.0,36.710617584772464,optimal
2021-02-12 21:00:00,5,5,0.0,0.0,0.0,0.3718666666666667,12.1275,6.0,1,19.915359851283462,,,0.0,0.0,0.0,0.0,36.67390696718769,optimal
2021-02-12 21:30:00,5,5,0.0,0.387037037037037,0.0,0.4309666666666666,13.671,6.0,1,19.834062208512254,,,0.0,0.0,0.0,348.3333333333333,36.6372330602205,optimal
2021-02-12 22:00:00,5,5,0.0,0.23222222222222222,0.0,0.4711666666666667,10.668,6.0,1,19.761580718736333,,,0.0,0.0,0.0,209.0,36.600595827160284,optimal
2021-02-12 22:30:00,5,5,0.0,0.5418518518518518,0.0,0.194,11.7285,6.0,1,19.692951706515725,,,0.0,0.0,0.0,487.6666666666667,36.563995231333124,optimal
2021-02-12 23:00:00,5,5,0.0,0.0774074074074074,0.0,0.209,11.025,6.0,1,19.60601456450597,,,0.0,0.0,0.0,69.66666666666666,36.52743123610179,optimal
2021-02-12 23:30:00,5,5,0.0,0.23222222222222222,0.0,0.3726666666666667,10.689,6.0,1,19.51753149488893,,,0.0,0.0,0.0,209.0,36.49090380486569,optimal
2021-02-13 00:00:00,5,5,1.1428571428571428,0.0,3.0,0.059,7.056,6.0,1,19.51753149488893,,,4000.0,0.0,0.0,0.0,37.87941290106082,optimal
2021-02-13 00:30:00,5,5,1.1428571428571428,0.0,0.0,0.059,9.3975,6.0,1,19.68807214248296,,,4000.0,0.0,0.0,0.0,37.841533488159754,optimal
2021-02-13 01:00:00,5,5,0.0,0.0,0.0,0.059,10.059,6.0,1,19.857710453631373,,,0.0,0.0,0.0,0.0,37.80369195467159,optimal
2021-02-13 01:30:00,5,5,1.1428571428571428,0.0,1.6364890895061541,0.059,9.261,6.0,1,19.726900890981362,,,4000.0,0.0,0.0,0.0,38.54322058023234,optimal
2021-02-13 02:00:00,5,5,1.1428571428571428,0.0,3.0,0.059,8.1585,6.0,1,19.896997114466863,,,4000.0,0.0,0.0,0.0,39.929677359652096,optimal
2021-02-13 02:30:00,5,5,1.1428571428571428,0.0,0.0,0.059,9.4815,6.0,1,20.066194328351912,,,4000.0,0.0,0.0,0.0,39.889747682292445,optimal
2021-02-13 03:00:00,5,5,1.1428571428571428,0.0,3.0,0.059,8.379,6.0,1,20.23412497518566,,,4000.0,0.0,0.0,0.0,41.27485793461014,optimal
2021-02-13 03:30:00,5,5,1.1428571428571428,0.0,0.0,0.064,9.5235,6.0,1,20.400798536164988,,,4000.0,0.0,0.0,0.0,41.23358307667552,optimal
2021-02-13 04:00:00,5,5,1.1428571428571428,0.0,3.0,0.069,8.1375,6.0,1,20.565850134306263,,,4000.0,0.0,0.0,0.0,42.61734949359884,optimal
2021-02-13 04:30:00,5,5,0.0,0.0,0.0,0.069,10.0905,6.0,1,20.729291911208282,,,0.0,0.0,0.0,0.0,42.57473214410523,optimal
2021-02-13 05:00:00,5,5,1.1428571428571428,0.0,3.0,0.069,7.539,6.0,1,20.59120933836169,,,4000.0,0.0,0.0,0.0,43.95715741196112,optimal
2021-02-13 05:30:00,5,5,1.1428571428571428,0.0,3.0,0.069,7.938,6.0,1,20.752964133923953,,,4000.0,0.0,0.0,0.0,45.33820025454915,optimal
2021-02-13 06:00:00,5,5,1.1428571428571428,0.0,3.0,0.069,8.274,6.0,1,20.912759500060837,,,4000.0,0.0,0.0,0.0,46.71786205429459,optimal
2021-02-13 06:30:00,5,5,1.1428571428571428,0.0,3.0,0.069,9.261,6.0,1,21.070610104559666,,,4000.0,0.0,0.0,0.0,48.096144192240295,optimal
2021-02-13 07:00:00,5,5,1.1428571428571428,5.249770370370369,0.0,0.060700000000000004,9.9225,6.0,1,21.226904792615162,,,4000.0,0.0,0.0,4724.793333333332,48.048048048048045,optimal
2021-02-13 07:30:00,5,5,1.1428571428571428,4.658377777777778,0.0,0.078,9.702,6.0,1,21.394213941262333,,,4000.0,0.0,0.0,4192.54,48.0,optimal
2021-02-13 08:00:00,5,5,0.2979686614382367,0.46444444444444444,0.0,0.07763333333333335,10.584,6.0,1,21.57007865088412,,,1042.8903150338283,0.0,0.0,418.0,47.818378552417684,optimal
2021-02-13 08:30:00,5,5,1.1428571428571428,0.23222222222222222,0.0,1.8009000000000002,10.143,6.0,1,21.521025502009294,,,4000.0,0.0,0.0,209.0,47.63693872628295,optimal
2021-02-13 09:00:00,5,5,0.0,0.0,0.0,0.7359,13.0095,6.0,1,21.70712496740801,,,0.0,0.0,0.0,0.0,47.45568033997435,optimal
2021-02-13 09:30:00,5,5,0.0,0.0,0.0,0.141,11.025,6.0,1,21.54984506989301,,,0.0,0.0,0.0,0.0,47.274603212052064,optimal
2021-02-13 10:00:00,5,5,0.0,0.0,0.0,0.1646,12.789,6.0,1,21.38670378255574,,,0.0,0.0,0.0,0.0,47.0937071612577,optimal
2021-02-13 10:30:00,5,5,0.0,0.0,0.0,0.24230000000000002,12.1275,6.0,1,21.22700864378156,,,0.0,0.0,0.0,0.0,46.91299200651412,optimal
2021-02-13 11:00:00,5,5,0.0,0.0,0.0,0.069,12.1695,6.0,1,21.070046989816817,,,0.0,0.0,0.0,0.0,46.7324575669253,optimal
2021-02-13 11:30:00,5,5,0.0,0.0,0.0,0.069,12.306,6.0,1,20.9120389853176,,,0.0,0.0,0.0,0.0,46.55210366177606,optimal
2021-02-13 12:00:00,5,5,0.0,0.0,0.0,0.069,13.23,6.0,1,20.75558807551785,,,0.0,0.0,0.0,0.0,46.37193011053197,optimal
2021-02-13 12:30:00,5,5,0.0,0.0,0.0,0.069,13.671,6.0,1,20.600682607700456,,,0.0,0.0,0.0,0.0,46.191936732839125,optimal
2021-02-13 13:00:00,5,5,0.0,0.0,0.0,0.069,13.9335,6.0,1,20.447685296993455,,,0.0,0.0,0.0,0.0,46.01212334852397,optimal
2021-02-13 13:30:00,5,5,0.0,0.0,0.0,0.069,13.293,6.0,1,20.29658186091886,,,0.0,0.0,0.0,0.0,45.83248977759313,optimal
2021-02-13 14:00:00,5,5,0.0,0.0,0.0,0.069,12.1065,6.0,1,20.14735812091784,,,0.0,0.0,0.0,0.0,45.65303584023322,optimal
2021-02-13 14:30:00,5,5,1.0706400986021078,0.0,0.0,0.069,11.571,6.0,1,20.0,,,3747.240345107378,0.0,0.0,0.0,45.47376135681068,optimal
2021-02-13 15:00:00,5,5,1.1428571428571428,0.0,0.0,0.069,11.025,6.0,1,20.13511714720949,,,4000.0,0.0,0.0,0.0,45.29466614787155,optimal
2021-02-13 15:30:00,5,5,1.1428571428571428,0.3096296296296296,0.0,0.067,10.8465,6.0,1,20.288900094835206,,,4000.0,0.0,0.0,278.66666666666663,45.115750034141364,optimal
2021-02-13 16:00:00,5,5,1.1428571428571428,0.0,0.0,0.2839,11.2455,6.0,1,20.461527284471345,,,4000.0,0.0,0.0,0.0,44.93701283652491,optimal
2021-02-13 16:30:00,5,5,0.0,0.0,0.0,0.076,23.8665,6.0,1,20.659415346177727,,,0.0,0.0,0.0,0.0,44.758454376106066,optimal
2021-02-13 17:00:00,5,5,0.0,0.9288888888888889,0.0,0.29496666666666665,27.4575,6.0,1,20.540376031114107,,,0.0,0.0,0.0,836.0,44.580074474147644,optimal
2021-02-13 17:30:00,5,5,0.0,0.3096296296296296,0.0,1.8040666666666665,27.3735,6.0,1,20.436160984421164,,,0.0,0.0,0.0,278.66666666666663,44.40187295209118,optimal
2021-02-13 18:00:00,5,5,0.0,0.0,0.0,0.076,30.4605,6.0,1,20.418224586405533,,,0.0,0.0,0.0,0.0,44.223849631556774,optimal
2021-02-13 18:30:00,5,5,0.0,0.23222222222222222,0.0,0.0745,30.0195,6.0,1,20.288634837054815,,,0.0,0.0,0.0,209.0,44.0460043343429,optimal
2021-02-13 19:00:00,5,5,0.0,0.387037037037037,0.0,0.067,26.9325,6.0,1,20.162399253559023,,,0.0,0.0,0.0,348.3333333333333,43.86833688242625,optimal
2021-02-13 19:30:00,5,5,0.0,0.6966666666666667,0.0,1.0464333333333333,14.595,6.0,1,20.06063612676868,,,0.0,0.0,0.0,627.0,43.69084709796151,optimal
2021-02-13 20:00:00,5,5,0.3768461380346026,0.6192592592592592,0.0,0.14533333333333334,12.4845,6.0,1,20.0,,,1318.961483121109,0.0,0.0,557.3333333333333,43.647156250863546,optimal
2021-02-13 20:30:00,5,5,0.0,0.6966666666666667,0.0,0.5491666666666666,12.1275,6.0,1,20.0,,,0.0,0.0,0.0,627.0,43.60350909461268,optimal
2021-02-13 21:00:00,5,5,0.0,0.1548148148148148,0.0,0.9281333333333333,12.1275,6.0,1,19.91327176196007,,,0.0,0.0,0.0,139.33333333333331,43.559905585518074,optimal
2021-02-13 21:30:00,5,5,0.0,0.0,0.0,0.3421666666666667,12.789,6.0,1,19.845125197653704,,,0.0,0.0,0.0,0.0,43.516345679932556,optimal
2021-02-13 22:00:00,5,5,0.0,0.0,0.0,0.2584666666666666,11.907,6.0,1,19.76929516055548,,,0.0,0.0,0.0,0.0,43.47282933425262,optimal
2021-02-13 22:30:00,5,5,0.0,0.0,0.0,0.23326666666666668,11.025,6.0,1,19.680208582594574,,,0.0,0.0,0.0,0.0,43.42935650491837,optimal
2021-02-13 23:00:00,5,5,0.0,0.0,0.0,0.069,8.2005,6.0,1,19.583498621122267,,,0.0,0.0,0.0,0.0,43.38592714841345,optimal
2021-02-13 23:30:00,5,5,0.0,0.0,0.0,0.06866666666666667,9.5655,6.0,1,19.455490312502267,,,0.0,0.0,0.0,0.0,43.34254122126504,optimal
2021-02-07 00:00:00,6,5,0.0,0.0,0.0,0.056,8.274,6.0,-2,21.0,,,0.0,0.0,0.0,0.0,47.952,optimal
2021-02-07 00:30:00,6,5,0.0,0.0,0.0,0.056,7.7175,6.0,-2,20.884459132775945,,,0.0,0.0,0.0,0.0,47.904047999999996,optimal
2021-02-07 01:00:00,6,5,0.0,0.0,0.0,0.056,6.615,6.0,-2,20.769034600507545,,,0.0,0.0,0.0,0.0,47.856143952,optimal
2021-02-07 01:30:00,6,5,0.0,0.0,0.0,0.056,6.174,6.0,-2,20.65372553234109,,,0.0,0.0,0.0,0.0,47.80828780804799,optimal
2021-02-07 02:00:00,6,5,1.1428571428571428,0.0,0.0,0.056,3.906,6.0,-2,20.53890535114855,,,4000.0,0.0,0.0,0.0,47.76047952023995,optimal
2021-02-07 02:30:00,6,5,1.1428571428571428,0.0,0.0,0.056,2.3415,6.0,-2,20.724122689259687,,,4000.0,0.0,0.0,0.0,47.712719040719705,optimal
2021-02-07 03:00:00,6,5,1.1428571428571428,0.0,0.0,0.056,2.205,6.0,-2,20.907204963355195,,,4000.0,0.0,0.0,0.0,47.66500632167899,optimal
2021-02-07 03:30:00,6,5,1.1428571428571428,0.0,1.7196350072939925,0.056,0.882,6.0,-2,21.088168155978007,,,4000.0,0.0,0.0,0.0,48.434167943821954,optimal
2021-02-07 04:00:00,6,5,1.1428571428571428,0.0,0.0,0.056,1.5435,6.0,-2,21.267402417236518,,,4000.0,0.0,0.0,0.0,48.38573377587813,optimal
2021-02-07 04:30:00,6,5,1.1428571428571428,0.0,0.0,0.056,1.5435,6.0,-2,21.44492068946854,,,4000.0,0.0,0.0,0.0,48.33734804210225,optimal
2021-02-07 05:00:00,6,5,1.1428571428571428,0.0,0.0,0.06066666666666666,5.0715,6.0,-2,21.621110105335553,,,4000.0,0.0,0.0,0.0,48.289010694060146,optimal
2021-02-07 05:30:00,6,5,1.1428571428571428,0.0,0.0,0.06133333333333334,5.376,6.0,-2,21.795980612316303,,,4000.0,0.0,0.0,0.0,48.240721683366075,optimal
2021-02-07 06:00:00,6,5,1.1428571428571428,0.0,0.0,0.056,5.0715,6.0,-2,21.969542083425242,,,4000.0,0.0,0.0,0.0,48.192480961682705,optimal
2021-02-07 06:30:00,6,5,0.2674849737908575,0.0,0.0,0.056,5.5125,6.0,-2,22.141804317769974,,,936.1974082680014,0.0,0.0,0.0,48.144288480721016,optimal
2021-02-07 07:00:00,6,5,0.0,0.23222222222222222,0.0,0.054,9.261,6.0,-2,22.082960481740955,,,0.0,0.0,0.0,209.0,48.096144192240295,optimal
2021-02-07 07:30:00,6,5,0.0,7.044074074074074,0.0,2.9316999999999998,11.7075,6.0,-2,21.961037419339174,,,0.0,0.0,0.0,6339.666666666667,48.048048048048045,optimal
2021-02-07 08:00:00,6,5,0.0,2.0899999999999994,0.0,0.9175,12.348,6.0,-2,21.8899176858693,,,0.0,0.0,0.0,1880.9999999999998,48.0,optimal
2021-02-07 08:30:00,6,5,0.0,2.631851851851852,0.0,1.2968333333333333,12.348,6.0,-2,21.830577986059456,,,0.0,0.0,0.0,2368.6666666666665,47.3145208102817,optimal
2021-02-07 09:00:00,6,5,0.0,0.23222222222222222,0.0,0.1515,12.1275,6.0,-2,21.763682098751858,,,0.0,0.0,0.0,209.0,46.62972709975312,optimal
2021-02-07 09:30:00,6,5,0.0,0.0774074074074074,0.0,0.1994,12.5265,6.0,-2,21.67092278631958,,,0.0,0.0,0.0,69.66666666666666,45.945618182935064,optimal
2021-02-07 10:00:00,6,5,0.0,0.0,0.0,0.2800666666666667,11.7495,6.0,-2,21.554736244893558,,,0.0,0.0,0.0,0.0,45.26219337503383,optimal
2021-02-07 10:30:00,6,5,0.0,0.0,0.0,2.461733333333333,13.23,6.0,-2,21.449162234173862,,,0.0,0.0,0.0,0.0,44.5794519919405,optimal
2021-02-07 11:00:00,6,5,0.0,0.0,0.0,1.3108333333333333,14.3325,6.0,-2,21.364756872974038,,,0.0,0.0,0.0,0.0,43.89739335023026,optimal
2021-02-07 11:30:00,6,5,0.0,0.0,0.0,1.0069333333333332,14.994,6.0,-2,21.2795123578404,,,0.0,0.0,0.0,0.0,43.21601676716173,optimal
2021-02-07 12:00:00,6,5,0.0,0.387037037037037,0.0,0.21846666666666667,14.8155,6.0,-2,21.193314839411457,,,0.0,0.0,0.0,348.3333333333333,42.53532156067627,optimal
2021-02-07 12:30:00,6,5,0.0,0.3096296296296296,0.0,0.2223,14.112,6.0,-2,21.09588632630113,,,0.0,0.0,0.0,278.66666666666663,41.8553070493973,optimal
2021-02-07 13:00:00,6,5,0.0,0.6966666666666667,0.0,2.1913,14.007,6.0,-2,20.995005887368606,,,0.0,0.0,0.0,627.0,41.1759725526296,optimal
2021-02-07 13:30:00,6,5,0.0,0.0,0.0,0.3217,13.23,6.0,-2,20.906163747525856,,,0.0,0.0,0.0,0.0,40.497317390358674,optimal
2021-02-07 14:00:00,6,5,0.0,0.387037037037037,0.0,0.235,11.382,6.0,-2,20.808161188873935,,,0.0,0.0,0.0,348.3333333333333,39.819340883250014,optimal
2021-02-07 14:30:00,6,5,0.0,0.0,0.0,0.8843666666666666,11.7495,6.0,-2,20.713605544627665,,,0.0,0.0,0.0,0.0,39.14204235264847,optimal
2021-02-07 15:00:00,6,5,0.0,0.0,0.0,1.7566666666666668,24.3285,6.0,-2,20.64728642221827,,,0.0,0.0,0.0,0.0,38.46542112057752,optimal
2021-02-07 15:30:00,6,5,0.0,0.3096296296296296,0.0,2.2882,28.917,6.0,-2,20.57548003992089,,,0.0,0.0,0.0,278.66666666666663,37.78947650973864,optimal
2021-02-07 16:00:00,6,5,0.0,0.1548148148148148,0.0,1.1862000000000001,31.3635,6.0,-2,20.50710232092146,,,0.0,0.0,0.0,139.33333333333331,37.114207843510606,optimal
2021-02-07 16:30:00,6,5,0.0,0.0,0.0,3.4070666666666667,33.306,6.0,-2,20.435088614197753,,,0.0,0.0,0.0,0.0,36.4396144459488,optimal
2021-02-07 17:00:00,6,5,0.0,0.23222222222222222,0.0,1.5504,31.3425,6.0,-2,20.375223978082968,,,0.0,0.0,0.0,209.0,35.76569564178455,optimal
2021-02-07 17:30:00,6,5,0.0,0.0,0.0,2.6307666666666667,28.2555,6.0,-2,20.306523689458437,,,0.0,0.0,0.0,0.0,35.09245075642447,optimal
2021-02-07 18:00:00,6,5,0.0,0.0,0.0,0.2866666666666667,15.6975,6.0,-2,20.23140023547063,,,0.0,0.0,0.0,0.0,35.057358305668046,optimal
2021-02-07 18:30:00,6,5,0.0,0.0,0.0,0.8667999999999999,12.5475,6.0,-2,20.149871242535735,,,0.0,0.0,0.0,0.0,35.022300947362375,optimal
2021-02-07 19:00:00,6,5,0.0,0.0,0.0,1.4156333333333335,12.0855,6.0,-2,20.11659519516007,,,0.0,0.0,0.0,0.0,34.987278646415014,optimal
2021-02-07 19:30:00,6,5,0.0,0.0,0.0,1.9453666666666662,11.907,6.0,-2,20.103531753103695,,,0.0,0.0,0.0,0.0,34.9522913677686,optimal
2021-02-07 20:00:00,6,5,0.0,0.0,0.0,0.3333333333333333,12.5685,6.0,-2,20.050700683103393,,,0.0,0.0,0.0,0.0,34.917339076400836,optimal
2021-02-07 20:30:00,6,5,0.0,0.23222222222222222,0.0,2.3396666666666666,13.146,6.0,-2,20.0,,,0.0,0.0,0.0,209.0,34.882421737324435,optimal
2021-02-07 21:00:00,6,5,0.0,0.0,0.0,2.4235333333333333,10.584,6.0,-2,19.969394688907006,,,0.0,0.0,0.0,0.0,34.84753931558711,optimal
2021-02-07 21:30:00,6,5,0.0,0.23222222222222222,0.0,1.9335,6.678,6.0,-2,19.942227741586823,,,0.0,0.0,0.0,209.0,34.81269177627153,optimal
2021-02-07 22:00:00,6,5,0.0,0.1548148148148148,0.0,2.7971666666666666,7.938,6.0,-2,19.89977480931703,,,0.0,0.0,0.0,139.33333333333331,34.777879084495254,optimal
2021-02-07 22:30:00,6,5,0.0,0.0,0.0,2.2872,5.292,6.0,-2,19.84319001514998,,,0.0,0.0,0.0,0.0,34.74310120541076,optimal
2021-02-07 23:00:00,6,5,0.0,0.0,0.0,0.187,9.261,6.0,-2,19.779849530342027,,,0.0,0.0,0.0,0.0,34.70835810420535,optimal
2021-02-07 23:30:00,6,5,0.0,0.0,0.0,0.066,10.3635,6.0,-2,19.682776820717926,,,0.0,0.0,0.0,0.0,34.67364974610115,optimal
2021-02-08 00:00:00,6,5,0.0,0.0,0.0,0.065,11.025,6.0,1,19.682776820717926,,,0.0,0.0,0.0,0.0,34.638976096355044,optimal
2021-02-08 00:30:00,6,5,1.1428571428571428,0.0,3.0,0.10643333333333334,5.9745,6.0,1,19.560191217046746,,,4000.0,0.0,0.0,0.0,36.02933712025869,optimal
2021-02-08 01:00:00,6,5,1.1428571428571428,0.0,0.6740431791200016,0.09136666666666667,7.938,6.0,1,19.74117841234313,,,4000.0,0.0,0.0,0.0,36.31347829322043,optimal
2021-02-08 01:30:00,6,5,1.1428571428571428,0.0,0.0,0.065,8.6835,6.0,1,19.919682470170784,,,4000.0,0.0,0.0,0.0,36.2771648149272,optimal
2021-02-08 02:00:00,6,5,1.1428571428571428,0.0,3.0,0.065,7.665,6.0,1,20.094501456229818,,,4000.0,0.0,0.0,0.0,37.66588765011227,optimal
2021-02-08 02:30:00,6,5,1.1428571428571428,0.0,3.0,0.1328,6.7725,6.0,1,20.267637504882792,,,4000.0,0.0,0.0,0.0,39.05322176246215,optimal
2021-02-08 03:00:00,6,5,1.1428571428571428,0.0,3.0,0.065,5.5755,6.0,1,20.44492919993151,,,4000.0,0.0,0.0,0.0,40.43916854069968,optimal
2021-02-08 03:30:00,6,5,1.1428571428571428,0.0,3.0,0.1328,5.0925,6.0,1,20.616190610571124,,,4000.0,0.0,0.0,0.0,41.82372937215898,optimal
2021-02-08 04:00:00,6,5,1.1428571428571428,0.0,3.0,0.065,4.1895,6.0,1,20.790873126253615,,,4000.0,0.0,0.0,0.0,43.20690564278681,optimal
2021-02-08 04:30:00,6,5,1.1428571428571428,0.0,3.0,0.065,7.056,6.0,1,20.958796314762754,,,4000.0,0.0,0.0,0.0,44.588698737144014,optimal
2021-02-08 05:00:00,6,5,1.1428571428571428,0.0,3.0,0.11773333333333331,5.271,6.0,1,21.124713898835196,,,4000.0,0.0,0.0,0.0,45.96911003840686,optimal
2021-02-08 05:30:00,6,5,1.1428571428571428,0.0,3.0,0.08006666666666666,7.938,6.0,1,21.292589989628954,,,4000.0,0.0,0.0,0.0,47.34814092836845,optimal
2021-02-08 06:00:00,6,5,1.1428571428571428,0.0,3.0,0.08383333333333333,7.938,6.0,1,21.456014331671035,,,4000.0,0.0,0.0,0.0,48.72579278744007,optimal
2021-02-08 06:30:00,6,5,0.0,0.0,0.0,0.11396666666666669,11.907,6.0,1,21.618123112104975,,,0.0,0.0,0.0,0.0,48.67706699465263,optimal
2021-02-08 07:00:00,6,5,0.0,2.012592592592592,0.0,0.18056666666666663,11.025,6.0,1,21.48134843573398,,,0.0,0.0,0.0,1811.333333333333,48.62838992765797,optimal
2021-02-08 07:30:00,6,5,0.0,0.0,0.0,1.3019,11.2875,6.0,1,21.354459528057983,,,0.0,0.0,0.0,0.0,48.579761537730306,optimal
2021-02-08 08:00:00,6,5,0.0,1.470740740740741,0.0,1.3730666666666667,12.936,6.0,1,21.263572782665285,,,0.0,0.0,0.0,1323.6666666666667,48.53118177619257,optimal
2021-02-08 08:30:00,6,5,0.0,0.23222222222222222,0.0,0.36719999999999997,13.0095,6.0,1,21.210747715726068,,,0.0,0.0,0.0,209.0,48.48265059441637,optimal
2021-02-08 09:00:00,6,5,0.0,0.3096296296296296,0.0,0.27896666666666664,13.671,6.0,1,21.14807120538253,,,0.0,0.0,0.0,278.66666666666663,48.434167943821954,optimal
2021-02-08 09:30:00,6,5,0.0,0.0,0.0,0.7116666666666667,13.188,6.0,1,21.05892444929172,,,0.0,0.0,0.0,0.0,48.38573377587813,optimal
2021-02-08 10:00:00,6,5,0.0,0.23222222222222222,0.0,1.4247999999999998,13.8495,6.0,1,20.987207010539596,,,0.0,0.0,0.0,209.0,48.33734804210225,optimal
2021-02-08 10:30:00,6,5,0.0,0.0,0.0,1.0498666666666665,13.23,6.0,1,20.906240601753264,,,0.0,0.0,0.0,0.0,48.289010694060146,optimal
2021-02-08 11:00:00,6,5,0.0,0.8514814814814814,0.0,0.28856666666666664,13.3665,6.0,1,20.821956611236153,,,0.0,0.0,0.0,766.3333333333333,48.240721683366075,optimal
2021-02-08 11:30:00,6,5,0.0,0.0,0.0,0.46803333333333336,13.0515,6.0,1,20.73110227919309,,,0.0,0.0,0.0,0.0,48.192480961682705,optimal
2021-02-08 12:00:00,6,5,0.0,0.23222222222222222,0.0,0.3631666666666667,13.5345,6.0,1,20.655765576647525,,,0.0,0.0,0.0,209.0,48.144288480721016,optimal
2021-02-08 12:30:00,6,5,0.0,0.23222222222222222,0.0,0.47186666666666666,14.154,6.0,1,20.559409778596915,,,0.0,0.0,0.0,209.0,48.096144192240295,optimal
2021-02-08 13:00:00,6,5,0.0,0.5418518518518518,0.0,0.27603333333333335,14.112,6.0,1,20.48140081887886,,,0.0,0.0,0.0,487.6666666666667,48.048048048048045,optimal
2021-02-08 13:30:00,6,5,0.0,0.0,0.0,0.32796666666666663,14.2485,6.0,1,20.401491413136544,,,0.0,0.0,0.0,0.0,48.0,optimal
2021-02-08 14:00:00,6,5,0.0,0.387037037037037,0.0,1.4489333333333334,12.789,6.0,1,20.308754947222486,,,0.0,0.0,0.0,348.3333333333333,47.64673115697901,optimal
2021-02-08 14:30:00,6,5,0.0,0.23222222222222222,0.0,1.2459666666666667,13.0095,6.0,1,20.29289651251719,,,0.0,0.0,0.0,209.0,47.29381558280104,optimal
2021-02-08 15:00:00,6,5,1.0340989021276712,0.0,0.0,0.7427333333333334,12.1275,6.0,1,20.249381762448387,,,3619.346157446849,0.0,0.0,0.0,46.94125292419725,optimal
2021-02-08 15:30:00,6,5,0.0,2.2448148148148146,0.0,0.4003333333333333,12.348,6.0,1,20.459440667999974,,,0.0,0.0,0.0,2020.3333333333333,46.58904282825206,optimal
2021-02-08 16:00:00,6,5,0.0,0.2740222222222222,0.0,0.241,12.348,6.0,1,20.390962459874384,,,0.0,0.0,0.0,246.62,46.23718494240282,optimal
2021-02-08 16:30:00,6,5,0.0,0.42264444444444443,0.0,0.5291333333333333,25.389,6.0,1,20.34511514530646,,,0.0,0.0,0.0,380.38,45.885678914439424,optimal
2021-02-08 17:00:00,6,5,0.0,0.5418518518518518,0.0,0.3973,29.1375,6.0,1,20.322449857476443,,,0.0,0.0,0.0,487.6666666666667,45.534524392504,optimal
2021-02-08 17:30:00,6,5,0.0,0.0,0.0,0.3152,30.597,6.0,1,20.265289000682017,,,0.0,0.0,0.0,0.0,45.183721025090506,optimal
2021-02-08 18:00:00,6,5,0.0,0.23222222222222222,0.0,0.5652999999999999,33.684,6.0,1,20.177026273065902,,,0.0,0.0,0.0,209.0,44.833268461044426,optimal
2021-02-08 18:30:00,6,5,0.0,0.3096296296296296,0.0,1.5792,32.445,6.0,1,20.093616104150364,,,0.0,0.0,0.0,278.66666666666663,44.48316634956239,optimal
2021-02-08 19:00:00,6,5,0.0,0.1548148148148148,0.0,2.863566666666667,28.917,6.0,1,20.053045574518674,,,0.0,0.0,0.0,139.33333333333331,44.133414340191834,optimal
2021-02-08 19:30:00,6,5,0.0,0.0,0.0,1.6243333333333332,15.876,6.0,1,20.03683713466584,,,0.0,0.0,0.0,0.0,43.78401208283065,optimal
2021-02-08 20:00:00,6,5,0.18319834449457792,0.0774074074074074,0.0,1.2941333333333334,12.348,6.0,1,20.0,,,641.1942057310227,0.0,0.0,69.66666666666666,43.43495922772683,optimal
2021-02-08 20:30:00,6,5,0.0,0.0,0.0,0.44056666666666666,12.1275,6.0,1,20.0,,,0.0,0.0,0.0,0.0,43.086255425478114,optimal
2021-02-08 21:00:00,6,5,0.0,0.23222222222222222,0.0,0.4209666666666666,12.348,6.0,1,19.93647218940208,,,0.0,0.0,0.0,209.0,43.043169170052636,optimal
2021-02-08 21:30:00,6,5,0.0,1.6255555555555554,0.0,0.22663333333333333,12.1275,6.0,1,19.884383851943994,,,0.0,0.0,0.0,1463.0,43.00012600088258,optimal
2021-02-08 22:00:00,6,5,0.0,0.0774074074074074,0.0,0.2046,12.1275,6.0,1,19.820958501252846,,,0.0,0.0,0.0,69.66666666666666,42.9571258748817,optimal
2021-02-08 22:30:00,6,5,0.0,0.0,0.0,0.23006666666666664,11.2665,6.0,1,19.751579584100828,,,0.0,0.0,0.0,0.0,42.91416874900681,optimal
2021-02-08 23:00:00,6,5,0.0,0.0,0.0,0.2770666666666667,10.143,6.0,1,19.691766652147994,,,0.0,0.0,0.0,0.0,42.871254580257805,optimal
2021-02-08 23:30:00,6,5,0.0,0.0,0.0,0.2415,11.2455,6.0,1,19.616884808931726,,,0.0,0.0,0.0,0.0,42.82838332567755,optimal
2021-02-09 00:00:00,6,5,1.1428571428571428,0.0,3.0,0.054,10.8045,6.0,1,19.616884808931726,,,4000.0,0.0,0.0,0.0,44.21055494235187,optimal
2021-02-09 00:30:00,6,5,1.1428571428571428,0.0,3.0,0.054,10.584,6.0,1,19.7931043628518,,,4000.0,0.0,0.0,0.0,45.591344387409514,optimal
2021-02-09 01:00:00,6,5,1.1428571428571428,0.0,0.0,0.06443333333333334,11.2455,6.0,1,19.968379069486545,,,4000.0,0.0,0.0,0.0,45.5457530430221,optimal
2021-02-09 01:30:00,6,5,0.0,0.0,0.0,0.1095,12.1275,6.0,1,20.14764114065549,,,0.0,0.0,0.0,0.0,45.50020728997908,optimal
2021-02-09 02:00:00,6,5,1.1428571428571428,0.0,0.0,0.15769999999999998,11.823,6.0,1,20.02449158451799,,,4000.0,0.0,0.0,0.0,45.454707082689104,optimal
2021-02-09 02:30:00,6,5,1.1428571428571428,0.0,0.0,0.13056666666666666,11.7705,6.0,1,20.204677217165862,,,4000.0,0.0,0.0,0.0,45.409252375606414,optimal
2021-02-09 03:00:00,6,5,1.1428571428571428,0.0,0.3438359860847204,0.08453333333333334,11.13,6.0,1,20.381731536975344,,,4000.0,0.0,0.0,0.0,45.52716521662104,optimal
2021-02-09 03:30:00,6,5,1.1428571428571428,0.0,0.0,0.06620000000000001,11.6865,6.0,1,20.55388815920837,,,4000.0,0.0,0.0,0.0,45.481638051404424,optimal
2021-02-09 04:00:00,6,5,1.1428571428571428,0.0,3.0,0.176,10.7205,6.0,1,20.724755754699768,,,4000.0,0.0,0.0,0.0,46.86115641335301,optimal
2021-02-09 04:30:00,6,5,1.1428571428571428,0.0,0.0,0.054,11.424,6.0,1,20.903315563919683,,,4000.0,0.0,0.0,0.0,46.81429525693965,optimal
2021-02-09 05:00:00,6,5,1.1428571428571428,0.0,3.0,0.176,10.689,6.0,1,21.07065380077543,,,4000.0,0.0,0.0,0.0,48.192480961682705,optimal
2021-02-09 05:30:00,6,5,1.1428571428571428,0.0,0.0,0.06620000000000001,11.361,6.0,1,21.24512715689927,,,4000.0,0.0,0.0,0.0,48.144288480721016,optimal
2021-02-09 06:00:00,6,5,1.1428571428571428,0.0,0.0,0.054,11.571,6.0,1,21.410071739705256,,,4000.0,0.0,0.0,0.0,48.096144192240295,optimal
2021-02-09 06:30:00,6,5,0.0,0.0,0.0,0.1616,14.3745,6.0,1,21.57286795507746,,,0.0,0.0,0.0,0.0,48.048048048048045,optimal
2021-02-09 07:00:00,6,5,0.0,0.6192592592592592,0.0,0.16276666666666667,13.23,6.0,1,21.442576897071316,,,0.0,0.0,0.0,557.3333333333333,48.0,optimal
2021-02-09 07:30:00,6,5,0.0,0.5418518518518518,0.0,0.30119999999999997,13.9755,6.0,1,21.342385289337578,,,0.0,0.0,0.0,487.6666666666667,47.820866989472904,optimal
2021-02-09 08:00:00,6,5,0.0,1.9351851851851851,0.0,0.13933333333333334,14.994,6.0,1,21.250020919559137,,,0.0,0.0,0.0,1741.6666666666667,47.641913111956335,optimal
2021-02-09 08:30:00,6,5,0.0,0.0774074074074074,0.0,0.30660000000000004,13.671,6.0,1,21.147489501626026,,,0.0,0.0,0.0,69.66666666666666,47.46313818831728,optimal
2021-02-09 09:00:00,6,5,0.0,0.23222222222222222,0.0,0.21906666666666663,15.981,6.0,1,21.05078758191328,,,0.0,0.0,0.0,209.0,47.28454203960187,optimal
2021-02-09 09:30:00,6,5,0.0,0.1548148148148148,0.0,0.31289999999999996,15.6345,6.0,1,20.943710680029284,,,0.0,0.0,0.0,139.33333333333331,47.106124487035174,optimal
2021-02-09 10:00:00,6,5,0.0,0.0,0.0,0.1023,16.5375,6.0,1,20.844336593547272,,,0.0,0.0,0.0,0.0,46.92788535202104,optimal
2021-02-09 10:30:00,6,5,0.0,0.0774074074074074,0.0,0.47856666666666664,14.7735,6.0,1,20.72973435406348,,,0.0,0.0,0.0,69.66666666666666,46.74982445614193,optimal
2021-02-09 11:00:00,6,5,0.0,0.0,0.0,0.17066666666666666,15.2145,6.0,1,20.64573976696505,,,0.0,0.0,0.0,0.0,46.57194162115869,optimal
2021-02-09 11:30:00,6,5,0.0,0.0,0.0,0.5005333333333334,14.553,6.0,1,20.526808836409778,,,0.0,0.0,0.0,0.0,46.39423666901044,optimal
2021-02-09 12:00:00,6,5,0.0,0.0,0.0,0.0884,14.3325,6.0,1,20.42178059077694,,,0.0,0.0,0.0,0.0,46.216709421814336,optimal
2021-02-09 12:30:00,6,5,0.0,0.0,0.0,0.064,14.595,6.0,1,20.28436099754768,,,0.0,0.0,0.0,0.0,46.03935970186543,optimal
2021-02-09 13:00:00,6,5,0.0,0.0,0.0,0.1982,14.994,6.0,1,20.145768536044336,,,0.0,0.0,0.0,0.0,45.86218733163647,optimal
2021-02-09 13:30:00,6,5,0.4441260926893557,0.0,0.0,0.1047,14.3325,6.0,1,20.01788923548555,,,1554.441324412745,0.0,0.0,0.0,45.68519213377774,optimal
2021-02-09 14:00:00,6,5,0.5175230681826151,0.0,0.0,0.08990000000000001,13.8915,6.0,1,20.0,,,1811.3307386391525,0.0,0.0,0.0,45.50837393111687,optimal
2021-02-09 14:30:00,6,5,0.5263510552788664,0.0,0.0,0.064,13.8915,6.0,1,20.0,,,1842.2286934760325,0.0,0.0,0.0,45.331732546658664,optimal
2021-02-09 15:00:00,6,5,1.1428571428571428,0.5418518518518518,0.0,0.9065333333333332,13.4715,6.0,1,20.0,,,4000.0,0.0,0.0,487.6666666666667,45.15526780358491,optimal
2021-02-09 15:30:00,6,5,1.1428571428571428,0.1548148148148148,0.0,1.4423666666666666,13.23,6.0,1,20.19511138474358,,,4000.0,0.0,0.0,139.33333333333331,44.97897952525423,optimal
2021-02-09 16:00:00,6,5,0.8263204509821868,0.6192592592592592,0.0,0.5548,13.8915,6.0,1,20.43200009266629,,,2892.1215784376536,0.0,0.0,557.3333333333333,44.802867535201884,optimal
2021-02-09 16:30:00,6,5,0.0,0.0,0.0,0.44453333333333334,26.9325,6.0,1,20.553080559364254,,,0.0,0.0,0.0,0.0,44.626931657139586,optimal
2021-02-09 17:00:00,6,5,0.0,0.1548148148148148,0.0,0.4261666666666667,30.303,6.0,1,20.47117985611066,,,0.0,0.0,0.0,139.33333333333331,44.582304725482444,optimal
2021-02-09 17:30:00,6,5,0.0,0.1548148148148148,0.0,0.5332,32.886,6.0,1,20.412556167077213,,,0.0,0.0,0.0,139.33333333333331,44.537722420756964,optimal
2021-02-09 18:00:00,6,5,0.0,0.0774074074074074,0.0,0.5893999999999999,34.9965,6.0,1,20.34221729204829,,,0.0,0.0,0.0,69.66666666666666,44.49318469833621,optimal
2021-02-09 18:30:00,6,5,0.0,0.1548148148148148,0.0,0.3758666666666667,33.327,6.0,1,20.281706358727057,,,0.0,0.0,0.0,139.33333333333331,44.44869151363787,optimal
2021-02-09 19:00:00,6,5,0.0,0.23222222222222222,0.0,0.21530000000000002,31.122,6.0,1,20.22028527868298,,,0.0,0.0,0.0,209.0,44.40424282212423,optimal
2021-02-09 19:30:00,6,5,0.0,0.3096296296296296,0.0,0.5196333333333333,17.9025,6.0,1,20.146475530911978,,,0.0,0.0,0.0,278.66666666666663,44.35983857930211,optimal
2021-02-09 20:00:00,6,5,0.0,0.0,0.0,0.2514333333333333,15.6555,6.0,1,20.092589352244183,,,0.0,0.0,0.0,0.0,44.3154787407228,optimal
2021-02-09 20:30:00,6,5,0.0,0.0,0.0,0.4903333333333333,14.553,6.0,1,20.0,,,0.0,0.0,0.0,0.0,44.27116326198208,optimal
2021-02-09 21:00:00,6,5,0.0,0.23222222222222222,0.0,0.39326666666666665,14.3325,6.0,1,19.905750072511484,,,0.0,0.0,0.0,209.0,44.2268920987201,optimal
2021-02-09 21:30:00,6,5,0.0,0.0,0.0,0.3305,13.335,6.0,1,19.81238820982574,,,0.0,0.0,0.0,0.0,44.18266520662138,optimal
2021-02-09 22:00:00,6,5,0.0,0.0,0.0,1.4784000000000002,12.1275,6.0,1,19.721503186388492,,,0.0,0.0,0.0,0.0,44.13848254141476,optimal
2021-02-09 22:30:00,6,5,0.0,0.0,0.0,1.6158,12.2955,6.0,1,19.66588193047462,,,0.0,0.0,0.0,0.0,44.09434405887335,optimal
2021-02-09 23:00:00,6,5,0.0,0.0,0.0,0.4582,11.6865,6.0,1,19.62116920617415,,,0.0,0.0,0.0,0.0,44.05024971481447,optimal
2021-02-09 23:30:00,6,5,0.0,0.387037037037037,0.0,0.40523333333333333,11.466,6.0,1,19.54794215399291,,,0.0,0.0,0.0,348.3333333333333,44.006199465099655,optimal
2021-02-10 00:00:00,6,5,1.1428571428571428,0.0,1.3676527890603558,0.058,10.8045,6.0,0,19.54794215399291,,,4000.0,0.0,0.0,0.0,44.611828340438215,optimal
2021-02-10 00:30:00,6,5,1.1428571428571428,0.0,0.0,0.058,11.508,6.0,0,19.723517642489515,,,4000.0,0.0,0.0,0.0,44.56721651209778,optimal
2021-02-10 01:00:00,6,5,1.1428571428571428,0.0,0.0,0.058,11.508,6.0,0,19.897030243389683,,,4000.0,0.0,0.0,0.0,44.52264929558568,optimal
2021-02-10 01:30:00,6,5,1.1428571428571428,0.0,0.0,0.15,11.508,6.0,0,20.06849539894214,,,4000.0,0.0,0.0,0.0,44.478126646290086,optimal
2021-02-10 02:00:00,6,5,1.1428571428571428,0.0,0.0,0.10093333333333333,11.844,6.0,0,20.244818138515175,,,4000.0,0.0,0.0,0.0,44.43364851964379,optimal
2021-02-10 02:30:00,6,5,1.1428571428571428,0.0,0.0,0.08866666666666667,11.508,6.0,0,20.41539788864605,,,4000.0,0.0,0.0,0.0,44.38921487112414,optimal
2021-02-10 03:00:00,6,5,1.1428571428571428,0.0,0.0,0.16226666666666667,11.508,6.0,0,20.5837820953842,,,4000.0,0.0,0.0,0.0,44.34482565625301,optimal
2021-02-10 03:30:00,6,5,1.1428571428571428,0.0,3.0,0.058,10.4475,6.0,0,20.756417583207565,,,4000.0,0.0,0.0,0.0,45.72548083059675,optimal
2021-02-10 04:00:00,6,5,1.1428571428571428,0.0,3.0,0.16226666666666667,10.8675,6.0,0,20.91995243619554,,,4000.0,0.0,0.0,0.0,47.104755349766144,optimal
2021-02-10 04:30:00,6,5,1.1428571428571428,0.0,3.0,0.08866666666666667,10.542,6.0,0,21.090071438862214,,,4000.0,0.0,0.0,0.0,48.48265059441637,optimal
2021-02-10 05:00:00,6,5,1.1428571428571428,0.0,0.0,0.058,11.025,6.0,0,21.252656637616216,,,4000.0,0.0,0.0,0.0,48.434167943821954,optimal
2021-02-10 05:30:00,6,5,1.1428571428571428,0.0,0.0,0.18066666666666664,11.025,6.0,0,21.410979623186922,,,4000.0,0.0,0.0,0.0,48.38573377587813,optimal
2021-02-10 06:00:00,6,5,1.1428571428571428,0.0,0.0,0.07226666666666666,14.553,6.0,0,21.576555139272145,,,4000.0,0.0,0.0,0.0,48.33734804210225,optimal
2021-02-10 06:30:00,6,5,1.1428571428571428,0.0,0.0,0.07013333333333334,13.0935,6.0,0,21.7318749817362,,,4000.0,0.0,0.0,0.0,48.289010694060146,optimal
2021-02-10 07:00:00,6,5,0.0,0.0,0.0,0.18680000000000002,15.6345,6.0,0,21.88706997491301,,,0.0,0.0,0.0,0.0,48.240721683366075,optimal
2021-02-10 07:30:00,6,5,0.0,0.0,0.0,0.058,18.102,6.0,0,21.752234345182636,,,0.0,0.0,0.0,0.0,48.192480961682705,optimal
2021-02-10 08:00:00,6,5,0.0,0.8716074074074074,0.0,0.06373333333333332,17.199,6.0,0,21.608388189467046,,,0.0,0.0,0.0,784.4466666666667,48.144288480721016,optimal
2021-02-10 08:30:00,6,5,0.0,1.2958000000000003,0.0,0.1988,18.2805,6.0,0,21.48152520928176,,,0.0,0.0,0.0,1166.2200000000003,48.096144192240295,optimal
2021-02-10 09:00:00,6,5,0.0,0.0,0.0,0.15513333333333332,17.4615,6.0,0,21.37363933571385,,,0.0,0.0,0.0,0.0,48.048048048048045,optimal
2021-02-10 09:30:00,6,5,0.0,0.46444444444444444,0.0,0.24466666666666662,18.3225,6.0,0,21.268432661726845,,,0.0,0.0,0.0,418.0,48.0,optimal
2021-02-10 10:00:00,6,5,0.0,0.3096296296296296,0.0,0.4184666666666666,17.094,6.0,0,21.1550163715124,,,0.0,0.0,0.0,278.66666666666663,47.548706423250074,optimal
2021-02-10 10:30:00,6,5,0.0,0.0,0.0,0.192,17.094,6.0,0,21.050984722848707,,,0.0,0.0,0.0,0.0,47.0978641400769,optimal
2021-02-10 11:00:00,6,5,0.0,0.5418518518518518,0.0,0.2296,17.094,6.0,0,20.934926507037858,,,0.0,0.0,0.0,487.6666666666667,46.6474726991869,optimal
2021-02-10 11:30:00,6,5,0.0,0.0,0.0,0.32366666666666666,17.3565,6.0,0,20.823675731368397,,,0.0,0.0,0.0,0.0,46.19753164973779,optimal
2021-02-10 12:00:00,6,5,0.0,0.0,0.0,0.3674,17.115,6.0,0,20.72070131868015,,,0.0,0.0,0.0,0.0,45.74804054133813,optimal
2021-02-10 12:30:00,6,5,0.0,0.387037037037037,0.0,0.3374,17.241,6.0,0,20.606808915637863,,,0.0,0.0,0.0,348.3333333333333,45.29899892404686,optimal
2021-02-10 13:00:00,6,5,0.0,0.0,0.0,0.192,17.094,6.0,0,20.49695032732471,,,0.0,0.0,0.0,0.0,44.85040634837289,optimal
2021-02-10 13:30:00,6,5,1.1428571428571428,0.0,0.0,0.19466666666666663,16.5165,6.0,0,20.374828668623284,,,4000.0,0.0,0.0,0.0,44.402262365274595,optimal
2021-02-10 14:00:00,6,5,0.0,0.0,0.0,1.2076666666666667,17.8185,6.0,0,20.562434019152747,,,0.0,0.0,0.0,0.0,43.9545665261594,optimal
2021-02-10 14:30:00,6,5,0.29473964326332874,0.0,0.0,1.4972,17.094,6.0,0,20.476853591552782,,,1031.5887514216506,0.0,0.0,0.0,43.50731838288331,optimal
2021-02-10 15:00:00,6,5,1.1428571428571428,0.0,0.0,0.45089999999999997,16.8945,6.0,0,20.48828591664626,,,4000.0,0.0,0.0,0.0,43.0605174877505,optimal
2021-02-10 15:30:00,6,5,0.0,0.23222222222222222,0.0,0.22373333333333328,18.123,6.0,0,20.706044500265488,,,0.0,0.0,0.0,209.0,42.614163393512825,optimal
2021-02-10 16:00:00,6,5,0.0,0.387037037037037,0.0,0.08933333333333333,31.647,6.0,0,20.625647296868685,,,0.0,0.0,0.0,348.3333333333333,42.168255653369386,optimal
2021-02-10 16:30:00,6,5,0.0,0.774074074074074,0.0,0.07006666666666667,34.9965,6.0,0,20.52615197652026,,,0.0,0.0,0.0,696.6666666666666,41.72279382096609,optimal
2021-02-10 17:00:00,6,5,0.0,0.0,0.0,0.23363333333333333,34.9965,6.0,0,20.42232715023526,,,0.0,0.0,0.0,0.0,41.2777774503952,optimal
2021-02-10 17:30:00,6,5,0.0,0.3096296296296296,0.0,0.183,34.9965,6.0,0,20.3409527438799,,,0.0,0.0,0.0,278.66666666666663,40.83320609619488,optimal
2021-02-10 18:00:00,6,5,0.0,0.0,0.0,0.20753333333333332,34.9965,6.0,0,20.259990127092323,,,0.0,0.0,0.0,0.0,40.38907931334876,optimal
2021-02-10 18:30:00,6,5,0.0,0.0,0.0,1.6469666666666667,34.9965,6.0,0,20.16482055926852,,,0.0,0.0,0.0,0.0,39.945396657285485,optimal
2021-02-10 19:00:00,6,5,0.0,0.6192592592592592,0.0,0.2547666666666667,27.741,6.0,0,20.192040276491774,,,0.0,0.0,0.0,557.3333333333333,39.50215768387827,optimal
2021-02-10 19:30:00,6,5,0.0,0.5418518518518518,0.0,0.3326,19.026,6.0,0,20.12862761472271,,,0.0,0.0,0.0,487.6666666666667,39.05936194944447,optimal
2021-02-10 20:00:00,6,5,0.0,0.0,0.0,0.19406666666666664,18.7215,6.0,0,20.077684982732116,,,0.0,0.0,0.0,0.0,38.61700901074511,optimal
2021-02-10 20:30:00,6,5,0.0,0.1548148148148148,0.0,0.4224,17.4195,6.0,0,20.0,,,0.0,0.0,0.0,139.33333333333331,38.578392001734365,optimal
2021-02-10 21:00:00,6,5,0.0,0.1548148148148148,0.0,0.2382,16.758,6.0,0,19.942991666585822,,,0.0,0.0,0.0,139.33333333333331,38.53981360973263,optimal
2021-02-10 21:30:00,6,5,0.0,0.1548148148148148,0.0,0.2082,14.217,6.0,0,19.872116599260202,,,0.0,0.0,0.0,139.33333333333331,38.5012737961229,optimal
2021-02-10 22:00:00,6,5,0.0,0.8514814814814814,0.0,0.2885,13.3665,6.0,0,19.785787922559305,,,0.0,0.0,0.0,766.3333333333333,38.46277252232678,optimal
2021-02-10 22:30:00,6,5,0.0,0.0,0.0,0.8436666666666667,12.789,6.0,0,19.69447833874519,,,0.0,0.0,0.0,0.0,38.42430974980445,optimal
2021-02-10 23:00:00,6,5,0.0,0.5418518518518518,0.0,0.4136666666666667,11.907,6.0,0,19.637365453573,,,0.0,0.0,0.0,487.6666666666667,38.38588544005464,optimal
2021-02-10 23:30:00,6,5,0.0,0.0,0.0,0.45976666666666666,11.7075,6.0,0,19.543711121265027,,,0.0,0.0,0.0,0.0,38.347499554614586,optimal
2021-02-11 00:00:00,6,5,1.1428571428571428,0.0,0.0,0.055600000000000004,12.306,6.0,4,19.543711121265027,,,4000.0,0.0,0.0,0.0,38.30915205505997,optimal
2021-02-11 00:30:00,6,5,1.1428571428571428,0.0,3.0,0.09459999999999999,10.6365,6.0,4,19.6882897349129,,,4000.0,0.0,0.0,0.0,39.69584290300491,optimal
2021-02-11 01:00:00,6,5,1.1428571428571428,0.0,0.0,0.04,11.2455,6.0,4,19.83545527931229,,,4000.0,0.0,0.0,0.0,39.6561470601019,optimal
2021-02-11 01:30:00,6,5,1.1428571428571428,0.0,0.0,0.04,11.2455,6.0,4,19.9781788657284,,,4000.0,0.0,0.0,0.0,39.6164909130418,optimal
2021-02-11 02:00:00,6,5,1.1428571428571428,0.0,0.8359801153542441,0.04,11.025,6.0,4,20.11983405989474,,,4000.0,0.0,0.0,0.0,39.973964976922026,optimal
2021-02-11 02:30:00,6,5,1.1428571428571428,0.0,0.0,0.04,12.0855,6.0,4,20.260428859522325,,,4000.0,0.0,0.0,0.0,39.933991011945096,optimal
2021-02-11 03:00:00,6,5,1.1428571428571428,0.0,0.0,0.1102,11.6865,6.0,4,20.399222628039972,,,4000.0,0.0,0.0,0.0,39.89405702093315,optimal
2021-02-11 03:30:00,6,5,1.1428571428571428,0.0,0.0,0.04,11.2245,6.0,4,20.541485990230562,,,4000.0,0.0,0.0,0.0,39.854162963912216,optimal
2021-02-11 04:00:00,6,5,1.1428571428571428,0.0,3.0,0.1102,11.025,6.0,4,20.679298698600814,,,4000.0,0.0,0.0,0.0,41.239308800948294,optimal
2021-02-11 04:30:00,6,5,1.1428571428571428,0.0,3.0,0.04,10.7835,6.0,4,20.823208355056092,,,4000.0,0.0,0.0,0.0,42.62306949214734,optimal
2021-02-11 05:00:00,6,5,1.1428571428571428,0.0,3.0,0.09459999999999999,11.025,6.0,4,20.960783597919942,,,4000.0,0.0,0.0,0.0,44.00544642265518,optimal
2021-02-11 05:30:00,6,5,1.1428571428571428,0.0,3.0,0.055600000000000004,10.584,6.0,4,21.101417876502538,,,4000.0,0.0,0.0,0.0,45.38644097623252,optimal
2021-02-11 06:00:00,6,5,1.1428571428571428,0.0,3.0,0.04,11.025,6.0,4,21.23995020404555,,,4000.0,0.0,0.0,0.0,46.76605453525628,optimal
2021-02-11 06:30:00,6,5,1.1428571428571428,0.0,3.0,0.09459999999999999,10.4265,6.0,4,21.378148696124914,,,4000.0,0.0,0.0,0.0,48.144288480721016,optimal
2021-02-11 07:00:00,6,5,1.1428571428571428,0.0774074074074074,0.0,0.13056666666666666,12.789,6.0,4,21.52127299447232,,,4000.0,0.0,0.0,69.66666666666666,48.096144192240295,optimal
2021-02-11 07:30:00,6,5,1.1428571428571428,2.4770370370370367,0.0,0.2223333333333333,12.684,6.0,4,21.673307715282657,,,4000.0,0.0,0.0,2229.333333333333,48.048048048048045,optimal
2021-02-11 08:00:00,6,5,0.13736367749396886,2.39962962962963,0.0,0.1439,16.254,6.0,4,21.853842392940773,,,480.77287122889095,0.0,0.0,2159.6666666666665,48.0,optimal
2021-02-11 08:30:00,6,5,0.0,0.0,0.0,0.06026666666666666,17.64,6.0,4,21.769894220066696,,,0.0,0.0,0.0,0.0,47.73910560059375,optimal
2021-02-11 09:00:00,6,5,0.0,0.0,0.0,0.1134,19.1625,6.0,4,21.624761841105723,,,0.0,0.0,0.0,0.0,47.478472095586916,optimal
2021-02-11 09:30:00,6,5,0.0,0.0,0.0,0.11293333333333334,26.46,6.0,4,21.473187602886252,,,0.0,0.0,0.0,0.0,47.21809922408509,optimal
2021-02-11 10:00:00,6,5,0.0,0.387037037037037,0.0,0.1034,20.79,6.0,4,21.332767973112663,,,0.0,0.0,0.0,348.3333333333333,46.95798672545476,optimal
2021-02-11 10:30:00,6,5,0.0,0.0,0.0,0.09683333333333331,29.106,6.0,4,21.20808249015773,,,0.0,0.0,0.0,0.0,46.69813433932306,optimal
2021-02-11 11:00:00,6,5,0.0,0.387037037037037,0.0,0.2876,19.1835,6.0,4,21.073056561200122,,,0.0,0.0,0.0,348.3333333333333,46.43854180557749,optimal
2021-02-11 11:30:00,6,5,0.0,0.1548148148148148,0.0,0.2462,19.6665,6.0,4,20.94144715335734,,,0.0,0.0,0.0,139.33333333333331,46.17920886436567,optimal
2021-02-11 12:00:00,6,5,0.0,0.1548148148148148,0.0,0.4019,19.404,6.0,4,20.81640729273843,,,0.0,0.0,0.0,139.33333333333331,45.92013525609506,optimal
2021-02-11 12:30:00,6,5,0.0,4.257407407407407,0.0,0.21066666666666664,19.047,6.0,4,20.7169168657619,,,0.0,0.0,0.0,3831.6666666666665,45.661320721432716,optimal
2021-02-11 13:00:00,6,5,0.0,0.0,0.0,0.9754666666666668,18.858,6.0,4,20.608715836525164,,,0.0,0.0,0.0,0.0,45.402765001305035,optimal
2021-02-11 13:30:00,6,5,0.0,0.0,0.0,1.2579666666666667,19.2675,6.0,4,20.563088464201762,,,0.0,0.0,0.0,0.0,45.14446783689748,optimal
2021-02-11 14:00:00,6,5,0.0,0.0,0.0,0.21706666666666663,18.963,6.0,4,20.537712083485037,,,0.0,0.0,0.0,0.0,44.88642896965434,optimal
2021-02-11 14:30:00,6,5,0.0,0.0,0.0,0.09290000000000001,18.438,6.0,4,20.421294211342385,,,0.0,0.0,0.0,0.0,44.62864814127844,optimal
2021-02-11 15:00:00,6,5,0.0,0.0,0.0,0.0773,18.7425,6.0,4,20.288212595283238,,,0.0,0.0,0.0,0.0,44.37112509373092,optimal
2021-02-11 15:30:00,6,5,1.1428571428571428,0.0,0.0,0.05,15.2145,6.0,4,20.152338924597345,,,4000.0,0.0,0.0,0.0,44.11385956923094,optimal
2021-02-11 16:00:00,6,5,1.1428571428571428,0.0,0.0,0.1202,17.7765,6.0,4,20.306381611310417,,,4000.0,0.0,0.0,0.0,43.856851310255465,optimal
2021-02-11 16:30:00,6,5,1.1428571428571428,0.0,0.0,0.05,16.758,6.0,4,20.4559197042652,,,4000.0,0.0,0.0,0.0,43.60010005953897,optimal
2021-02-11 17:00:00,6,5,1.1428571428571428,0.0,0.0,0.16333333333333333,16.422,6.0,4,20.592344080872603,,,4000.0,0.0,0.0,0.0,43.34360556007318,optimal
2021-02-11 17:30:00,6,5,1.1428571428571428,1.2385185185185184,0.0,0.25643333333333335,16.758,6.0,4,20.737135940080638,,,4000.0,0.0,0.0,1114.6666666666665,43.08736755510686,optimal
2021-02-11 18:00:00,6,5,0.0,0.46444444444444444,0.0,0.22069999999999998,29.358,6.0,4,20.893538831276935,,,0.0,0.0,0.0,418.0,42.831385788145504,optimal
2021-02-11 18:30:00,6,5,0.0,0.387037037037037,0.0,0.17296666666666666,34.9965,6.0,4,20.74993394690201,,,0.0,0.0,0.0,348.3333333333333,42.57566000295111,optimal
2021-02-11 19:00:00,6,5,0.0,0.0,0.0,0.053899999999999997,34.65,6.0,4,20.58423628585224,,,0.0,0.0,0.0,0.0,42.32018994354191,optimal
2021-02-11 19:30:00,6,5,0.0,0.0,0.0,0.05,34.9965,6.0,4,20.39423977335591,,,0.0,0.0,0.0,0.0,42.06497535419212,optimal
2021-02-11 20:00:00,6,5,0.0,0.0,0.0,0.05,34.9965,6.0,4,20.19938486734668,,,0.0,0.0,0.0,0.0,41.81001597943168,optimal
2021-02-11 20:30:00,6,5,0.0,0.0,0.0,0.1202,30.4815,6.0,4,20.0,,,0.0,0.0,0.0,0.0,41.55531156404601,optimal
2021-02-11 21:00:00,6,5,0.0,0.0,0.0,0.05,21.4305,6.0,4,19.808113393892636,,,0.0,0.0,0.0,0.0,41.300861853075716,optimal
2021-02-11 21:30:00,6,5,0.0,0.0,0.0,0.22,14.3325,6.0,4,19.61315463350986,,,0.0,0.0,0.0,0.0,41.0466665918164,optimal
2021-02-11 22:00:00,6,5,0.0,0.387037037037037,0.0,0.26276666666666665,13.692,6.0,4,19.447213023280835,,,0.0,0.0,0.0,348.3333333333333,40.792725525818334,optimal
2021-02-11 22:30:00,6,5,0.0,0.1548148148148148,0.0,0.29403333333333337,14.007,6.0,4,19.293528572917623,,,0.0,0.0,0.0,139.33333333333331,40.53903840088627,optimal
2021-02-11 23:00:00,6,5,0.0,0.0,0.0,0.4779666666666666,12.873,6.0,4,19.15359756934441,,,0.0,0.0,0.0,0.0,40.49849936248538,optimal
2021-02-11 23:30:00,6,5,0.0,0.0,0.0,0.1751,12.684,6.0,4,19.027961095205384,,,0.0,0.0,0.0,0.0,40.4580008631229,optimal
2021-02-12 00:00:00,6,5,1.1428571428571428,0.0,2.39466122869571,0.12226666666666668,10.3635,6.0,0,19.027961095205384,,,4000.0,0.0,0.0,0.0,41.555006945890234,optimal
2021-02-12 00:30:00,6,5,1.1428571428571428,0.0,0.0,0.2057333333333333,10.8045,6.0,0,19.157545978128656,,,4000.0,0.0,0.0,0.0,41.51345193894434,optimal
2021-02-12 01:00:00,6,5,1.1428571428571428,0.0,0.0,0.17086666666666667,11.025,6.0,0,19.29176244963539,,,4000.0,0.0,0.0,0.0,41.471938487005396,optimal
2021-02-12 01:30:00,6,5,1.1428571428571428,0.0,3.0,0.1814,10.3635,6.0,0,19.422313188117165,,,4000.0,0.0,0.0,0.0,42.85546654851838,optimal
2021-02-12 02:00:00,6,5,1.1428571428571428,0.0,0.0,0.27446666666666664,10.8045,6.0,0,19.5534240526232,,,4000.0,0.0,0.0,0.0,42.81261108196986,optimal
2021-02-12 02:30:00,6,5,1.1428571428571428,0.0,3.0,0.1328,10.059,6.0,0,19.691271612485256,,,4000.0,0.0,0.0,0.0,44.19479847088789,optimal
2021-02-12 03:00:00,6,5,1.1428571428571428,0.0,0.0,0.29753333333333337,10.584,6.0,0,19.819723860349413,,,4000.0,0.0,0.0,0.0,44.15060367241699,optimal
2021-02-12 03:30:00,6,5,1.1428571428571428,0.0,3.0,0.07853333333333333,9.4185,6.0,0,19.961796832685508,,,4000.0,0.0,0.0,0.0,45.531453068744575,optimal
2021-02-12 04:00:00,6,5,1.1428571428571428,0.0,3.0,0.1328,10.3635,6.0,0,20.091645816008345,,,4000.0,0.0,0.0,0.0,46.910921615675825,optimal
2021-02-12 04:30:00,6,5,1.1428571428571428,0.0,3.0,0.15613333333333332,9.8385,6.0,0,20.229826730054633,,,4000.0,0.0,0.0,0.0,48.289010694060146,optimal
2021-02-12 05:00:00,6,5,1.1428571428571428,0.0,0.0,0.19293333333333332,11.067,6.0,0,20.373960666397938,,,4000.0,0.0,0.0,0.0,48.240721683366075,optimal
2021-02-12 05:30:00,6,5,1.1428571428571428,0.0,0.0,0.21136666666666667,10.8465,6.0,0,20.52501155495296,,,4000.0,0.0,0.0,0.0,48.192480961682705,optimal
2021-02-12 06:00:00,6,5,0.0,0.0,0.0,0.1635,13.671,6.0,0,20.682300747324486,,,0.0,0.0,0.0,0.0,48.144288480721016,optimal
2021-02-12 06:30:00,6,5,1.1428571428571428,0.0,0.0,0.218,12.348,6.0,0,20.541264173913643,,,4000.0,0.0,0.0,0.0,48.096144192240295,optimal
2021-02-12 07:00:00,6,5,0.0,2.5544444444444445,0.0,0.6945333333333333,14.3325,6.0,0,20.705665630609477,,,0.0,0.0,0.0,2299.0,48.048048048048045,optimal
2021-02-12 07:30:00,6,5,0.0,0.5418518518518518,0.0,2.2748666666666666,15.393,6.0,0,20.586430694184667,,,0.0,0.0,0.0,487.6666666666667,48.0,optimal
2021-02-12 08:00:00,6,5,0.17427398778330727,0.0774074074074074,0.0,1.2311666666666667,13.587,6.0,0,20.5101167656435,,,609.9589572415754,0.0,0.0,69.66666666666666,47.82750714586666,optimal
2021-02-12 08:30:00,6,5,0.0,0.0,0.0,0.09290000000000001,16.1385,6.0,0,20.461360952347913,,,0.0,0.0,0.0,0.0,47.65518678458746,optimal
2021-02-12 09:00:00,6,5,0.0,0.42883703703703696,0.0,0.30989999999999995,14.595,6.0,0,20.28434504614425,,,0.0,0.0,0.0,385.95333333333326,47.48303874366953,optimal
2021-02-12 09:30:00,6,5,0.0,0.035607407407407414,0.0,0.3372,14.637,6.0,0,20.13164549208489,,,0.0,0.0,0.0,32.046666666666674,47.311062850792524,optimal
2021-02-12 10:00:00,6,5,0.544369722775258,0.0,0.0,0.0854,13.9125,6.0,0,20.0,,,1905.294029713403,0.0,0.0,0.0,47.13925893380839,optimal
2021-02-12 10:30:00,6,5,0.4877553498147756,0.0,0.0,0.24356666666666663,13.3665,6.0,0,20.0,,,1707.1437243517146,0.0,0.0,0.0,46.967626820741245,optimal
2021-02-12 11:00:00,6,5,1.0183988376990942,0.0,0.0,0.1151,13.0095,6.0,0,20.0,,,3564.39593194683,0.0,0.0,0.0,46.79616633978717,optimal
2021-02-12 11:30:00,6,5,0.0,0.0,0.0,0.1502,13.8915,6.0,0,20.132459721890367,,,0.0,0.0,0.0,0.0,46.624877319314045,optimal
2021-02-12 12:00:00,6,5,0.31704115942030453,0.0,0.0,1.3466,13.188,6.0,0,20.0,,,1109.6440579710659,0.0,0.0,0.0,46.45375958786139,optimal
2021-02-12 12:30:00,6,5,0.3041331723240498,0.1548148148148148,0.0,1.5798666666666665,12.5685,6.0,0,20.0,,,1064.4661031341743,0.0,0.0,139.33333333333331,46.28281297414019,optimal
2021-02-12 13:00:00,6,5,0.3918442334183389,0.0,0.0,0.5054,12.285,6.0,0,20.0,,,1371.4548169641862,0.0,0.0,0.0,46.112037307032715,optimal
2021-02-12 13:30:00,6,5,1.1428571428571428,0.0,0.0,0.3818666666666667,11.487,6.0,0,20.0,,,4000.0,0.0,0.0,0.0,45.941432415592345,optimal
2021-02-12 14:00:00,6,5,0.0,0.1548148148148148,0.0,0.4600666666666667,11.802,6.0,0,20.198613349891126,,,0.0,0.0,0.0,139.33333333333331,45.77099812904341,optimal
2021-02-12 14:30:00,6,5,1.1428571428571428,0.3096296296296296,0.0,0.6363333333333334,11.2245,6.0,0,20.100246877051877,,,4000.0,0.0,0.0,278.66666666666663,45.60073427678103,optimal
2021-02-12 15:00:00,6,5,1.1428571428571428,0.0,0.0,0.319,11.025,6.0,0,20.322159471742502,,,4000.0,0.0,0.0,0.0,45.430640688370914,optimal
2021-02-12 15:30:00,6,5,0.4546631017863019,0.0,0.0,0.3553,11.907,6.0,0,20.523709140826938,,,1591.3208562520567,0.0,0.0,0.0,45.260717193549205,optimal
2021-02-12 16:00:00,6,5,0.0,2.012592592592592,0.0,0.548,25.83,6.0,0,20.545693207107387,,,0.0,0.0,0.0,1811.333333333333,45.09096362222232,optimal
2021-02-12 16:30:00,6,5,0.0,0.5418518518518518,0.0,1.3557000000000001,28.035,6.0,0,20.477760737318157,,,0.0,0.0,0.0,487.6666666666667,44.92137980446676,optimal
2021-02-12 17:00:00,6,5,0.0,0.1548148148148148,0.0,0.5561666666666666,28.119,6.0,0,20.417647286745023,,,0.0,0.0,0.0,139.33333333333331,44.75196557052896,optimal
2021-02-12 17:30:00,6,5,0.0,0.0774074074074074,0.0,0.2887,30.156,6.0,0,20.35393279828794,,,0.0,0.0,0.0,69.66666666666666,44.582720750825096,optimal
2021-02-12 18:00:00,6,5,0.0,0.23222222222222222,0.0,0.4712,29.1585,6.0,0,20.277395444740353,,,0.0,0.0,0.0,209.0,44.413645175940935,optimal
2021-02-12 18:30:00,6,5,0.0,0.23222222222222222,0.0,0.6997666666666666,26.712,6.0,0,20.223386020294353,,,0.0,0.0,0.0,209.0,44.244738676631655,optimal
2021-02-12 19:00:00,6,5,0.0,2.3222222222222215,0.0,0.4575666666666667,15.435,6.0,0,20.19125395653799,,,0.0,0.0,0.0,2089.9999999999995,44.07600108382169,optimal
2021-02-12 19:30:00,6,5,0.0,0.387037037037037,0.0,0.5907333333333333,13.566,6.0,0,20.126064844821435,,,0.0,0.0,0.0,348.3333333333333,43.90743222860453,optimal
2021-02-12 20:00:00,6,5,0.0,0.0,0.0,0.3738,12.789,6.0,0,20.0721803624429,,,0.0,0.0,0.0,0.0,43.73903194224258,optimal
2021-02-12 20:30:00,6,5,0.0,0.3096296296296296,0.0,0.43089999999999995,12.1275,6.0,0,20.0,,,0.0,0.0,0.0,278.66666666666663,43.570800056167,optimal
2021-02-12 21:00:00,6,5,0.0,0.0774074074074074,0.0,0.5256666666666666,13.671,6.0,0,19.941717956711468,,,0.0,0.0,0.0,69.66666666666666,43.527229256110836,optimal
2021-02-12 21:30:00,6,5,0.0,0.0,0.0,0.36006666666666665,10.668,6.0,0,19.885939568176454,,,0.0,0.0,0.0,0.0,43.48370202685472,optimal
2021-02-12 22:00:00,6,5,0.0,0.3096296296296296,0.0,0.3930666666666667,11.7285,6.0,0,19.821821657224714,,,0.0,0.0,0.0,278.66666666666663,43.44021832482787,optimal
2021-02-12 22:30:00,6,5,0.0,0.0,0.0,0.15380000000000002,11.025,6.0,0,19.760305392125517,,,0.0,0.0,0.0,0.0,43.39677810650304,optimal
2021-02-12 23:00:00,6,5,0.0,0.0,0.0,0.3415666666666667,10.689,6.0,0,19.662152566950265,,,0.0,0.0,0.0,0.0,43.35338132839654,optimal
2021-02-12 23:30:00,6,5,0.0,0.0,0.0,0.1635,8.1585,6.0,0,19.567802403434314,,,0.0,0.0,0.0,0.0,43.31002794706814,optimal
2021-02-13 00:00:00,6,5,1.1428571428571428,0.387037037037037,2.5442950150400634,0.04466666666666666,8.1585,6.0,-3,19.567802403434314,,,4000.0,0.0,0.0,348.3333333333333,44.4752580512651,optimal
2021-02-13 00:30:00,6,5,1.1428571428571428,0.0,0.0,0.14033333333333334,9.4815,6.0,-3,19.751122074027144,,,4000.0,0.0,0.0,0.0,44.43078279321383,optimal
2021-02-13 01:00:00,6,5,1.1428571428571428,0.0,0.0,0.08366666666666667,8.379,6.0,-3,19.925830126922595,,,4000.0,0.0,0.0,0.0,44.38635201042061,optimal
2021-02-13 01:30:00,6,5,1.1428571428571428,0.0,0.0,0.054,9.5235,6.0,-3,20.09516128824446,,,4000.0,0.0,0.0,0.0,44.34196565841019,optimal
2021-02-13 02:00:00,6,5,1.1428571428571428,0.0,3.0,0.054,8.1375,6.0,-3,20.26137748752638,,,4000.0,0.0,0.0,0.0,45.722623692751775,optimal
2021-02-13 02:30:00,6,5,0.0,0.0,0.0,0.07773333333333333,10.0905,6.0,-3,20.426723722076275,,,0.0,0.0,0.0,0.0,45.676901069059014,optimal
2021-02-13 03:00:00,6,5,1.1428571428571428,0.0,3.0,0.14893333333333333,7.539,6.0,-3,20.293057268607548,,,4000.0,0.0,0.0,0.0,47.056224167989946,optimal
2021-02-13 03:30:00,6,5,1.1428571428571428,0.0,3.0,0.054,7.938,6.0,-3,20.465275730819155,,,4000.0,0.0,0.0,0.0,48.434167943821954,optimal
2021-02-13 04:00:00,6,5,1.1428571428571428,0.0,0.0,0.10740000000000001,8.274,6.0,-3,20.628721348083737,,,4000.0,0.0,0.0,0.0,48.38573377587813,optimal
2021-02-13 04:30:00,6,5,1.1428571428571428,0.0,0.0,0.11926666666666667,9.261,6.0,-3,20.794568189169357,,,4000.0,0.0,0.0,0.0,48.33734804210225,optimal
2021-02-13 05:00:00,6,5,1.1428571428571428,0.0,0.0,0.054,9.9225,6.0,-3,20.959313640623463,,,4000.0,0.0,0.0,0.0,48.289010694060146,optimal
2021-02-13 05:30:00,6,5,1.1428571428571428,0.0,0.0,0.17266666666666666,9.702,6.0,-3,21.11718958046939,,,4000.0,0.0,0.0,0.0,48.240721683366075,optimal
2021-02-13 06:00:00,6,5,0.12189721109815048,0.0,0.0,0.054,10.584,6.0,-3,21.282021845007733,,,426.6402388435267,0.0,0.0,0.0,48.192480961682705,optimal
2021-02-13 06:30:00,6,5,1.1428571428571428,0.0,0.0,0.13706666666666667,10.143,6.0,-3,21.168382898319017,,,4000.0,0.0,0.0,0.0,48.144288480721016,optimal
2021-02-13 07:00:00,6,5,0.0,0.0,0.0,0.0896,13.0095,6.0,-3,21.329043065759596,,,0.0,0.0,0.0,0.0,48.096144192240295,optimal
2021-02-13 07:30:00,6,5,0.0,0.0,0.0,0.054,11.025,6.0,-3,21.185019305876413,,,0.0,0.0,0.0,0.0,48.048048048048045,optimal
2021-02-13 08:00:00,6,5,0.0,0.1548148148148148,0.0,0.17066666666666666,12.789,6.0,-3,21.039033368403302,,,0.0,0.0,0.0,139.33333333333331,48.0,optimal
2021-02-13 08:30:00,6,5,0.0,0.0,0.0,0.052,12.1275,6.0,-3,20.919702193273334,,,0.0,0.0,0.0,0.0,47.82942460012516,optimal
2021-02-13 09:00:00,6,5,0.0,0.0774074074074074,0.0,0.08626666666666667,12.1695,6.0,-3,20.787794279565087,,,0.0,0.0,0.0,69.66666666666666,47.659019775650194,optimal
2021-02-13 09:30:00,6,5,0.0,0.3096296296296296,0.0,0.28286666666666666,12.306,6.0,-3,20.65730799645754,,,0.0,0.0,0.0,278.66666666666663,47.4887853559997,optimal
2021-02-13 10:00:00,6,5,0.0,0.0,0.0,0.4006,13.23,6.0,-3,20.541671998145066,,,0.0,0.0,0.0,0.0,47.31872117076886,optimal
2021-02-13 10:30:00,6,5,0.0,0.1548148148148148,0.0,0.2550666666666666,13.671,6.0,-3,20.440186006578145,,,0.0,0.0,0.0,139.33333333333331,47.14882704972325,optimal
2021-02-13 11:00:00,6,5,0.0,0.0,0.0,0.2076,13.9335,6.0,-3,20.31870058618246,,,0.0,0.0,0.0,0.0,46.97910282279869,optimal
2021-02-13 11:30:00,6,5,0.0,0.0,0.0,0.37760000000000005,13.293,6.0,-3,20.1947444811287,,,0.0,0.0,0.0,0.0,46.80954832010105,optimal
2021-02-13 12:00:00,6,5,0.0,0.0,0.0,0.3056666666666667,12.1065,6.0,-3,20.096828593749926,,,0.0,0.0,0.0,0.0,46.64016337190611,optimal
2021-02-13 12:30:00,6,5,0.39141981792670544,0.1548148148148148,0.0,0.172,11.571,6.0,-3,20.0,,,1369.969362743469,0.0,0.0,139.33333333333331,46.47094780865937,optimal
2021-02-13 13:00:00,6,5,1.1428571428571428,0.3096296296296296,0.0,0.29656666666666665,11.025,6.0,-3,20.0,,,4000.0,0.0,0.0,278.66666666666663,46.30190146097587,optimal
2021-02-13 13:30:00,6,5,1.1428571428571428,0.6192592592592592,0.0,0.43073333333333336,10.8465,6.0,-3,20.211887807032355,,,4000.0,0.0,0.0,557.3333333333333,46.13302415964005,optimal
2021-02-13 14:00:00,6,5,1.1428571428571428,0.0,0.0,0.287,11.2455,6.0,-3,20.441597662092853,,,4000.0,0.0,0.0,0.0,45.964315735605574,optimal
2021-02-13 14:30:00,6,5,0.0,0.5418518518518518,0.0,0.08373333333333334,23.8665,6.0,-3,20.655244093320963,,,0.0,0.0,0.0,487.6666666666667,45.79577601999513,optimal
2021-02-13 15:00:00,6,5,0.0,0.0774074074074074,0.0,0.2062,27.4575,6.0,-3,20.563325219931595,,,0.0,0.0,0.0,69.66666666666666,45.6274048441003,optimal
2021-02-13 15:30:00,6,5,0.0,0.387037037037037,0.0,0.2612,27.3735,6.0,-3,20.49329742603623,,,0.0,0.0,0.0,348.3333333333333,45.45920203938136,optimal
2021-02-13 16:00:00,6,5,0.0,0.0,0.0,0.20263333333333333,30.4605,6.0,-3,20.41920101346068,,,0.0,0.0,0.0,0.0,45.29116743746714,optimal
2021-02-13 16:30:00,6,5,0.0,0.387037037037037,0.0,0.4149666666666666,30.0195,6.0,-3,20.339401421661528,,,0.0,0.0,0.0,348.3333333333333,45.12330087015483,optimal
2021-02-13 17:00:00,6,5,0.0,1.1611111111111108,0.0,0.338,26.9325,6.0,-3,20.263244637490693,,,0.0,0.0,0.0,1044.9999999999998,44.955602169409836,optimal
2021-02-13 17:30:00,6,5,0.0,2.0899999999999994,0.0,0.1217,14.595,6.0,-3,20.184290471411277,,,0.0,0.0,0.0,1880.9999999999998,44.78807116736559,optimal
2021-02-13 18:00:00,6,5,0.0,0.0774074074074074,0.0,0.8460666666666667,12.4845,6.0,-3,20.111471856005412,,,0.0,0.0,0.0,69.66666666666666,44.62070769632338,optimal
2021-02-13 18:30:00,6,5,0.0,0.1548148148148148,0.0,0.9249666666666668,12.1275,6.0,-3,20.095217421217676,,,0.0,0.0,0.0,139.33333333333331,44.453511588752214,optimal
2021-02-13 19:00:00,6,5,0.007548839324918167,0.0,0.0,0.8537,12.1275,6.0,-3,20.064274451557207,,,26.420937637213584,0.0,0.0,0.0,44.286482677288625,optimal
2021-02-13 19:30:00,6,5,0.0,0.23222222222222222,0.0,1.9302000000000001,12.789,6.0,-3,20.01921877566968,,,0.0,0.0,0.0,209.0,44.1196207947365,optimal
2021-02-13 20:00:00,6,5,0.35674137612984774,0.0,0.0,0.47903333333333337,11.907,6.0,-3,20.0,,,1248.5948164544673,0.0,0.0,0.0,43.95292577406692,optimal
2021-02-13 20:30:00,6,5,0.0,0.3096296296296296,0.0,0.23,11.025,6.0,-3,20.0,,,0.0,0.0,0.0,278.66666666666663,43.786397448418015,optimal
2021-02-13 21:00:00,6,5,0.0,0.0,0.0,0.3925666666666667,8.2005,6.0,-3,19.899103687428607,,,0.0,0.0,0.0,0.0,43.62003565109476,optimal
2021-02-13 21:30:00,6,5,0.0,0.3096296296296296,0.0,0.6472666666666667,9.5655,6.0,-3,19.81646000746744,,,0.0,0.0,0.0,278.66666666666663,43.576415615443665,optimal
2021-02-13 22:00:00,6,5,0.0,4.412222222222222,0.0,0.2515,7.056,6.0,-3,19.761311461000254,,,0.0,0.0,0.0,3971.0,43.532839199828224,optimal
2021-02-13 22:30:00,6,5,0.0,0.0,0.0,0.2009333333333333,9.3975,6.0,-3,19.676967647803256,,,0.0,0.0,0.0,0.0,43.4893063606284,optimal
2021-02-13 23:00:00,6,5,0.0,0.0,0.0,0.36973333333333336,10.059,6.0,-3,19.606642548836657,,,0.0,0.0,0.0,0.0,43.44581705426777,optimal
2021-02-13 23:30:00,6,5,0.0,0.0,0.0,0.10366666666666668,9.261,6.0,-3,19.551247205116386,,,0.0,0.0,0.0,0.0,43.4023712372135,optimal
2021-02-07 00:00:00,7,5,0.0,0.0,0.0,0.054,10.3635,6.0,-1,21.0,,,0.0,0.0,0.0,0.0,47.952,optimal
2021-02-07 00:30:00,7,5,0.0,0.0,0.0,0.2087333333333333,8.274,6.0,-1,20.884256934978836,,,0.0,0.0,0.0,0.0,47.904047999999996,optimal
2021-02-07 01:00:00,7,5,0.0,0.0,0.0,0.054,7.7175,6.0,-1,20.780219399676987,,,0.0,0.0,0.0,0.0,47.856143952,optimal
2021-02-07 01:30:00,7,5,0.0,0.0,0.0,0.054,6.615,6.0,-1,20.664624407168652,,,0.0,0.0,0.0,0.0,47.80828780804799,optimal
2021-02-07 02:00:00,7,5,0.0,0.0,0.0,0.12433333333333331,6.174,6.0,-1,20.549520441990698,,,0.0,0.0,0.0,0.0,47.76047952023995,optimal
2021-02-07 02:30:00,7,5,1.1428571428571428,0.0,0.0,0.1384,3.906,6.0,-1,20.44017095623938,,,4000.0,0.0,0.0,0.0,47.712719040719705,optimal
2021-02-07 03:00:00,7,5,1.1428571428571428,0.0,0.0,0.054,2.3415,6.0,-1,20.63149717591899,,,4000.0,0.0,0.0,0.0,47.66500632167899,optimal
2021-02-07 03:30:00,7,5,1.1428571428571428,0.0,0.0,0.2087333333333333,2.205,6.0,-1,20.814322048697143,,,4000.0,0.0,0.0,0.0,47.61734131535731,optimal
2021-02-07 04:00:00,7,5,1.1428571428571428,0.0,1.311067342401606,0.054,0.882,6.0,-1,21.006991735212374,,,4000.0,0.0,0.0,0.0,48.192480961682705,optimal
2021-02-07 04:30:00,7,5,1.1428571428571428,0.0,0.0,0.09620000000000001,1.5435,6.0,-1,21.186257177382632,,,4000.0,0.0,0.0,0.0,48.144288480721016,optimal
2021-02-07 05:00:00,7,5,1.1428571428571428,0.0,0.0,0.16653333333333334,1.5435,6.0,-1,21.367340961001503,,,4000.0,0.0,0.0,0.0,48.096144192240295,optimal
2021-02-07 05:30:00,7,5,1.1428571428571428,0.0,0.0,0.0574,5.0715,6.0,-1,21.55233632555064,,,4000.0,0.0,0.0,0.0,48.048048048048045,optimal
2021-02-07 06:00:00,7,5,1.1428571428571428,0.0774074074074074,0.0,0.26230000000000003,5.376,6.0,-1,21.73567726507201,,,4000.0,0.0,0.0,69.66666666666666,48.0,optimal
2021-02-07 06:30:00,7,5,1.1428571428571428,0.6192592592592592,0.0,0.1189,5.0715,6.0,-1,21.93189796003101,,,4000.0,0.0,0.0,557.3333333333333,47.89027904506687,optimal
2021-02-07 07:00:00,7,5,0.3934716275303972,0.3096296296296296,0.0,0.0638,5.5125,6.0,-1,22.117699827000596,,,1377.1506963563902,0.0,0.0,278.66666666666663,47.78066781108867,optimal
2021-02-07 07:30:00,7,5,0.0,0.0,0.0,0.21773333333333328,9.261,6.0,-1,22.10483463146395,,,0.0,0.0,0.0,0.0,47.67116618834445,optimal
2021-02-07 08:00:00,7,5,0.0,0.0774074074074074,0.0,0.063,11.7075,6.0,-1,22.0,,,0.0,0.0,0.0,69.66666666666666,47.56177406722298,optimal
2021-02-07 08:30:00,7,5,0.0,0.6610592592592593,0.0,0.9797,12.348,6.0,-1,21.872805186142354,,,0.0,0.0,0.0,594.9533333333334,47.45249133822262,optimal
2021-02-07 09:00:00,7,5,0.0,0.2678296296296296,0.0,0.19786666666666666,12.348,6.0,-1,21.752004789539857,,,0.0,0.0,0.0,241.04666666666665,47.34331789195127,optimal
2021-02-07 09:30:00,7,5,0.0,0.3096296296296296,0.0,0.24936666666666668,12.1275,6.0,-1,21.652343336976216,,,0.0,0.0,0.0,278.66666666666663,47.23425361912619,optimal
2021-02-07 10:00:00,7,5,0.0,0.23222222222222222,0.0,0.19103333333333333,12.5265,6.0,-1,21.555342409787926,,,0.0,0.0,0.0,209.0,47.12529841057394,optimal
2021-02-07 10:30:00,7,5,0.0,0.387037037037037,0.0,1.7798,11.7495,6.0,-1,21.45434950780982,,,0.0,0.0,0.0,348.3333333333333,47.01645215723023,optimal
2021-02-07 11:00:00,7,5,0.0,0.0,0.0,0.2749,13.23,6.0,-1,21.384139541669423,,,0.0,0.0,0.0,0.0,46.907714750139874,optimal
2021-02-07 11:30:00,7,5,0.0,0.1548148148148148,0.0,0.6165666666666667,14.3325,6.0,-1,21.28421915040559,,,0.0,0.0,0.0,139.33333333333331,46.799086080456604,optimal
2021-02-07 12:00:00,7,5,0.0,0.0,0.0,0.2596,14.994,6.0,-1,21.203169152037454,,,0.0,0.0,0.0,0.0,46.69056603944302,optimal
2021-02-07 12:30:00,7,5,0.0,0.0,0.0,0.2317,14.8155,6.0,-1,21.07386090895212,,,0.0,0.0,0.0,0.0,46.582154518470446,optimal
2021-02-07 13:00:00,7,5,0.0,0.0,0.0,0.17653333333333332,14.112,6.0,-1,20.934750231629607,,,0.0,0.0,0.0,0.0,46.47385140901885,optimal
2021-02-07 13:30:00,7,5,0.0,0.0,0.0,0.064,14.007,6.0,-1,20.800068336015993,,,0.0,0.0,0.0,0.0,46.3656566026767,optimal
2021-02-07 14:00:00,7,5,0.0,0.23222222222222222,0.0,0.35006666666666664,13.23,6.0,-1,20.65834151733714,,,0.0,0.0,0.0,209.0,46.2575699911409,optimal
2021-02-07 14:30:00,7,5,1.1428571428571428,0.0,0.0,0.30036666666666667,11.382,6.0,-1,20.55252589008169,,,4000.0,0.0,0.0,0.0,46.14959146621663,optimal
2021-02-07 15:00:00,7,5,0.7406296437012674,0.0,0.0,0.11736666666666666,11.7495,6.0,-1,20.742149341609768,,,2592.203752954436,0.0,0.0,0.0,46.04172091981728,optimal
2021-02-07 15:30:00,7,5,0.0,0.0,0.0,0.32680000000000003,24.3285,6.0,-1,20.80952653746053,,,0.0,0.0,0.0,0.0,45.933958243964334,optimal
2021-02-07 16:00:00,7,5,0.0,0.6192592592592592,0.0,0.38376666666666664,28.917,6.0,-1,20.70660581536613,,,0.0,0.0,0.0,557.3333333333333,45.82630333078724,optimal
2021-02-07 16:30:00,7,5,0.0,0.387037037037037,0.0,0.2513666666666667,31.3635,6.0,-1,20.61120340099837,,,0.0,0.0,0.0,348.3333333333333,45.71875607252333,optimal
2021-02-07 17:00:00,7,5,0.0,0.0,0.0,0.2527333333333333,33.306,6.0,-1,20.509410609677087,,,0.0,0.0,0.0,0.0,45.61131636151767,optimal
2021-02-07 17:30:00,7,5,0.0,0.23222222222222222,0.0,1.005,31.3425,6.0,-1,20.40421338094316,,,0.0,0.0,0.0,209.0,45.50398409022303,optimal
2021-02-07 18:00:00,7,5,0.0,0.1548148148148148,0.0,0.6073999999999999,28.2555,6.0,-1,20.337100082055127,,,0.0,0.0,0.0,139.33333333333331,45.396759151199674,optimal
2021-02-07 18:30:00,7,5,0.0,0.0,0.0,0.09213333333333334,15.6975,6.0,-1,20.266350054392703,,,0.0,0.0,0.0,0.0,45.28964143711534,optimal
2021-02-07 19:00:00,7,5,0.0,0.0,0.0,0.09916666666666668,12.5475,6.0,-1,20.132222504944714,,,0.0,0.0,0.0,0.0,45.1826308407451,optimal
2021-02-07 19:30:00,7,5,0.4765670867519147,0.0,0.0,0.18356666666666663,12.0855,6.0,-1,20.0,,,1667.9848036317014,0.0,0.0,0.0,45.07572725497123,optimal
2021-02-07 20:00:00,7,5,0.5107289915138167,0.0,0.0,0.064,11.907,6.0,-1,20.0,,,1787.5514702983583,0.0,0.0,0.0,44.96893057278313,optimal
2021-02-07 20:30:00,7,5,0.0,0.0,0.0,0.2117,12.5685,6.0,-1,20.0,,,0.0,0.0,0.0,0.0,44.862240687277215,optimal
2021-02-07 21:00:00,7,5,0.0,0.0,0.0,0.07103333333333334,13.146,6.0,-1,19.876446108964604,,,0.0,0.0,0.0,0.0,44.755657491656805,optimal
2021-02-07 21:30:00,7,5,0.0,0.0,0.0,0.18923333333333328,10.584,6.0,-1,19.742534280728414,,,0.0,0.0,0.0,0.0,44.64918087923202,optimal
2021-02-07 22:00:00,7,5,0.0,0.0,0.0,0.49889999999999995,6.678,6.0,-1,19.635825722649592,,,0.0,0.0,0.0,0.0,44.60453169835279,optimal
2021-02-07 22:30:00,7,5,0.0,0.0,0.0,1.3261333333333334,7.938,6.0,-1,19.570704994629146,,,0.0,0.0,0.0,0.0,44.55992716665443,optimal
2021-02-07 23:00:00,7,5,0.0,2.09,0.0,0.3589,5.292,6.0,-1,19.512117957103836,,,0.0,0.0,0.0,1881.0,44.51536723948778,optimal
2021-02-07 23:30:00,7,5,0.0,0.0,0.0,0.13646666666666668,9.261,6.0,-1,19.435878775355626,,,0.0,0.0,0.0,0.0,44.47085187224829,optimal
2021-02-08 00:00:00,7,5,1.1428571428571428,0.0,0.0,1.911233333333333,7.938,6.0,-1,19.435878775355626,,,4000.0,0.0,0.0,0.0,44.42638102037604,optimal
2021-02-08 00:30:00,7,5,1.1428571428571428,0.0,0.0,0.069,8.6835,6.0,-1,19.64821857330614,,,4000.0,0.0,0.0,0.0,44.38195463935566,optimal
2021-02-08 01:00:00,7,5,1.1428571428571428,0.0,0.0,0.069,7.665,6.0,-1,19.83195172938933,,,4000.0,0.0,0.0,0.0,44.33757268471631,optimal
2021-02-08 01:30:00,7,5,1.1428571428571428,0.0,0.0,0.069,6.7725,6.0,-1,20.014309506077186,,,4000.0,0.0,0.0,0.0,44.29323511203159,optimal
2021-02-08 02:00:00,7,5,1.1428571428571428,0.0,0.0,0.069,5.5755,6.0,-1,20.194927911901257,,,4000.0,0.0,0.0,0.0,44.24894187691956,optimal
2021-02-08 02:30:00,7,5,1.1428571428571428,0.0,3.0,0.069,5.0925,6.0,-1,20.37381996734678,,,4000.0,0.0,0.0,0.0,45.629692935042634,optimal
2021-02-08 03:00:00,7,5,1.1428571428571428,0.0,3.0,0.069,4.1895,6.0,-1,20.551747169844354,,,4000.0,0.0,0.0,0.0,47.00906324210759,optimal
2021-02-08 03:30:00,7,5,1.1428571428571428,0.0,0.0,0.069,7.056,6.0,-1,20.728716742036276,,,4000.0,0.0,0.0,0.0,46.96205417886548,optimal
2021-02-08 04:00:00,7,5,1.1428571428571428,0.0,2.6892396568338857,0.069,5.271,6.0,-1,20.90398727808461,,,4000.0,0.0,0.0,0.0,48.192480961682705,optimal
2021-02-08 04:30:00,7,5,1.1428571428571428,0.0,0.0,0.069,7.938,6.0,-1,21.0775714965392,,,4000.0,0.0,0.0,0.0,48.144288480721016,optimal
2021-02-08 05:00:00,7,5,1.1428571428571428,0.0,0.0,0.069,7.938,6.0,-1,21.24910773353539,,,4000.0,0.0,0.0,0.0,48.096144192240295,optimal
2021-02-08 05:30:00,7,5,0.0,0.0,0.0,0.069,11.907,6.0,-1,21.418611319738364,,,0.0,0.0,0.0,0.0,48.048048048048045,optimal
2021-02-08 06:00:00,7,5,0.34886309578850994,0.0,0.0,0.195,11.025,6.0,-1,21.286919466246008,,,1221.020835259785,0.0,0.0,0.0,48.0,optimal
2021-02-08 06:30:00,7,5,0.0,0.5418518518518518,0.0,1.7097,11.2875,6.0,-1,21.273604688445705,,,0.0,0.0,0.0,487.6666666666667,47.83795426568937,optimal
2021-02-08 07:00:00,7,5,0.0,0.42883703703703696,0.0,3.1786999999999996,12.936,6.0,-1,21.200611516132334,,,0.0,0.0,0.0,385.95333333333326,47.67607057711305,optimal
2021-02-08 07:30:00,7,5,0.0,4.625866666666666,0.0,2.8958000000000004,13.0095,6.0,-1,21.15028459531168,,,0.0,0.0,0.0,4163.28,47.51434877222531,optimal
2021-02-08 08:00:00,7,5,0.0,3.460111111111112,0.0,0.4805,13.671,6.0,-1,21.076113802056007,,,0.0,0.0,0.0,3114.100000000001,47.35278868914246,optimal
2021-02-08 08:30:00,7,5,0.0,0.5418518518518518,0.0,1.9284333333333328,13.188,6.0,-1,20.987251712983294,,,0.0,0.0,0.0,487.6666666666667,47.19139016614269,optimal
2021-02-08 09:00:00,7,5,0.0,2.39962962962963,0.0,1.5580666666666667,13.8495,6.0,-1,20.904791555481264,,,0.0,0.0,0.0,2159.6666666666665,47.03015304166592,optimal
2021-02-08 09:30:00,7,5,0.0,0.0774074074074074,0.0,0.352,13.23,6.0,-1,20.84655769832211,,,0.0,0.0,0.0,69.66666666666666,46.86907715431362,optimal
2021-02-08 10:00:00,7,5,0.0,0.387037037037037,0.0,0.2540666666666666,13.3665,6.0,-1,20.765254185969106,,,0.0,0.0,0.0,348.3333333333333,46.70816234284868,optimal
2021-02-08 10:30:00,7,5,0.0,0.0,0.0,0.30839999999999995,13.0515,6.0,-1,20.666565729674975,,,0.0,0.0,0.0,0.0,46.547408446195206,optimal
2021-02-08 11:00:00,7,5,0.0,0.23222222222222222,0.0,0.29919999999999997,13.5345,6.0,-1,20.56896596706261,,,0.0,0.0,0.0,209.0,46.38681530343838,optimal
2021-02-08 11:30:00,7,5,0.0,0.0,0.0,0.266,14.154,6.0,-1,20.476513177779033,,,0.0,0.0,0.0,0.0,46.22638275382432,optimal
2021-02-08 12:00:00,7,5,0.0,0.0,0.0,0.5058666666666667,14.112,6.0,-1,20.375887908529368,,,0.0,0.0,0.0,0.0,46.066110636759866,optimal
2021-02-08 12:30:00,7,5,0.0,0.0,0.0,1.868233333333333,14.2485,6.0,-1,20.283087520514623,,,0.0,0.0,0.0,0.0,45.90599879181248,optimal
2021-02-08 13:00:00,7,5,0.0,0.1548148148148148,0.0,0.3705333333333334,12.789,6.0,-1,20.189955233226627,,,0.0,0.0,0.0,139.33333333333331,45.74604705871004,optimal
2021-02-08 13:30:00,7,5,0.0,0.0774074074074074,0.0,1.4910666666666665,13.0095,6.0,-1,20.095390179487225,,,0.0,0.0,0.0,69.66666666666666,45.586255277340705,optimal
2021-02-08 14:00:00,7,5,1.1428571428571428,0.1548148148148148,0.0,0.8966666666666666,12.1275,6.0,-1,20.0,,,4000.0,0.0,0.0,139.33333333333331,45.42662328775273,optimal
2021-02-08 14:30:00,7,5,0.89761587576478,0.0,0.0,0.4299,12.348,6.0,-1,20.208999709388372,,,3141.65556517673,0.0,0.0,0.0,45.26715093015435,optimal
2021-02-08 15:00:00,7,5,1.1428571428571428,0.0,0.0,0.6415,12.348,6.0,-1,20.353526050942275,,,4000.0,0.0,0.0,0.0,45.10783804491357,optimal
2021-02-08 15:30:00,7,5,0.0,0.1548148148148148,0.0,1.8010333333333333,25.389,6.0,-1,20.578524902908867,,,0.0,0.0,0.0,139.33333333333331,44.94868447255803,optimal
2021-02-08 16:00:00,7,5,0.0,0.387037037037037,0.0,1.1203333333333332,29.1375,6.0,-1,20.50346651301815,,,0.0,0.0,0.0,348.3333333333333,44.78969005377484,optimal
2021-02-08 16:30:00,7,5,0.0,0.3096296296296296,0.0,1.6633666666666667,30.597,6.0,-1,20.414189422912035,,,0.0,0.0,0.0,278.66666666666663,44.630854629410436,optimal
2021-02-08 17:00:00,7,5,0.0,0.0,0.0,0.343,33.684,6.0,-1,20.32152091604312,,,0.0,0.0,0.0,0.0,44.472178040470396,optimal
2021-02-08 17:30:00,7,5,0.0,0.3096296296296296,0.0,2.1396666666666664,32.445,6.0,-1,20.219688788712908,,,0.0,0.0,0.0,278.66666666666663,44.313660128119295,optimal
2021-02-08 18:00:00,7,5,0.0,0.23222222222222222,0.0,2.123133333333333,28.917,6.0,-1,20.140411992509705,,,0.0,0.0,0.0,209.0,44.15530073368055,optimal
2021-02-08 18:30:00,7,5,0.0,0.23222222222222222,0.0,0.45266666666666666,15.876,6.0,-1,20.059515062112848,,,0.0,0.0,0.0,209.0,43.99709969863624,optimal
2021-02-08 19:00:00,7,5,0.2569923266789695,0.774074074074074,0.0,0.319,12.348,6.0,-1,20.0,,,899.4731433763932,0.0,0.0,696.6666666666666,43.839056864626976,optimal
2021-02-08 19:30:00,7,5,0.5289648433395053,0.46444444444444444,0.0,2.3114333333333335,12.1275,6.0,-1,20.0,,,1851.3769516882687,0.0,0.0,418.0,43.68117207345172,optimal
2021-02-08 20:00:00,7,5,0.0,0.0,0.0,0.3708333333333333,12.348,6.0,-1,20.083191408702202,,,0.0,0.0,0.0,0.0,43.52344516706764,optimal
2021-02-08 20:30:00,7,5,0.0,0.23222222222222222,0.0,1.3830333333333333,12.1275,6.0,-1,20.0,,,0.0,0.0,0.0,209.0,43.365875987589945,optimal
2021-02-08 21:00:00,7,5,0.0,0.0,0.0,1.0691333333333335,12.1275,6.0,-1,19.937212582817175,,,0.0,0.0,0.0,0.0,43.322510111602355,optimal
2021-02-08 21:30:00,7,5,0.0,0.0,0.0,3.3379333333333334,11.2665,6.0,-1,19.890795718150883,,,0.0,0.0,0.0,0.0,43.279187601490754,optimal
2021-02-08 22:00:00,7,5,0.0,0.23222222222222222,0.0,0.9179666666666668,10.143,6.0,-1,19.8921502287727,,,0.0,0.0,0.0,209.0,43.23590841388926,optimal
2021-02-08 22:30:00,7,5,0.0,4.550007407407407,0.0,0.6954,11.2455,6.0,-1,19.853619237048346,,,0.0,0.0,0.0,4095.0066666666667,43.19267250547537,optimal
2021-02-08 23:00:00,7,5,0.0,3.4229555555555558,0.0,0.7037333333333333,11.025,6.0,-1,19.809359075707967,,,0.0,0.0,0.0,3080.6600000000003,43.149479832969895,optimal
2021-02-08 23:30:00,7,5,0.0,0.7384666666666667,0.0,0.2896,5.9745,6.0,-1,19.770059968442084,,,0.0,0.0,0.0,664.62,43.106330353136926,optimal
2021-02-09 00:00:00,7,5,1.1428571428571428,0.0,2.8639203731300187,0.12079999999999999,10.8045,6.0,1,19.770059968442084,,,4000.0,0.0,0.0,0.0,44.42358620002054,optimal
2021-02-09 00:30:00,7,5,1.1428571428571428,0.0,3.0,0.056,10.584,6.0,1,19.949993128248313,,,4000.0,0.0,0.0,0.0,45.80416261382051,optimal
2021-02-09 01:00:00,7,5,1.1428571428571428,0.0,0.0,0.10553333333333331,11.2455,6.0,1,20.12410089453513,,,4000.0,0.0,0.0,0.0,45.75835845120669,optimal
2021-02-09 01:30:00,7,5,1.0367052271036292,0.3096296296296296,0.0,0.08626666666666667,12.1275,6.0,1,20.302486839181324,,,3628.468294862702,0.0,0.0,278.66666666666663,45.71260009275547,optimal
2021-02-09 02:00:00,7,5,1.1428571428571428,0.0,0.0,0.0632,11.823,6.0,1,20.448898653603255,,,4000.0,0.0,0.0,0.0,45.66688749266272,optimal
2021-02-09 02:30:00,7,5,1.1428571428571428,0.0,0.0,0.11359999999999999,11.7705,6.0,1,20.618688073285867,,,4000.0,0.0,0.0,0.0,45.621220605170045,optimal
2021-02-09 03:00:00,7,5,1.1428571428571428,0.0,0.0,0.06133333333333334,11.13,6.0,1,20.791355138902155,,,4000.0,0.0,0.0,0.0,45.57559938456487,optimal
2021-02-09 03:30:00,7,5,1.1428571428571428,0.0,0.0,0.059,11.6865,6.0,1,20.958790397246617,,,4000.0,0.0,0.0,0.0,45.530023785180305,optimal
2021-02-09 04:00:00,7,5,1.1428571428571428,0.0,3.0,0.1278,10.7205,6.0,1,21.125720852501512,,,4000.0,0.0,0.0,0.0,46.90949376139512,optimal
2021-02-09 04:30:00,7,5,1.1428571428571428,0.0,0.0,0.0636,11.424,6.0,1,21.297003030624214,,,4000.0,0.0,0.0,0.0,46.86258426763372,optimal
2021-02-09 05:00:00,7,5,1.1428571428571428,0.0,3.0,0.1172,10.689,6.0,1,21.46167130970563,,,4000.0,0.0,0.0,0.0,48.240721683366075,optimal
2021-02-09 05:30:00,7,5,1.1428571428571428,0.0,0.0,0.057,11.361,6.0,1,21.628671902774485,,,4000.0,0.0,0.0,0.0,48.192480961682705,optimal
2021-02-09 06:00:00,7,5,1.1428571428571428,0.0,0.0,0.1308,11.571,6.0,1,21.78983922206564,,,4000.0,0.0,0.0,0.0,48.144288480721016,optimal
2021-02-09 06:30:00,7,5,0.0,0.0,0.0,0.06793333333333333,14.3745,6.0,1,21.954652831172456,,,0.0,0.0,0.0,0.0,48.096144192240295,optimal
2021-02-09 07:00:00,7,5,0.0,0.0,0.0,0.1172,13.23,6.0,1,21.813722958484675,,,0.0,0.0,0.0,0.0,48.048048048048045,optimal
2021-02-09 07:30:00,7,5,0.0,0.6192592592592592,0.0,0.1849,13.9755,6.0,1,21.67778731656294,,,0.0,0.0,0.0,557.3333333333333,48.0,optimal
2021-02-09 08:00:00,7,5,0.0,0.23222222222222222,0.0,0.12279999999999999,14.994,6.0,1,21.562373410124888,,,0.0,0.0,0.0,209.0,47.48413048345689,optimal
2021-02-09 08:30:00,7,5,0.0,0.0,0.0,0.066,13.671,6.0,1,21.434271024853167,,,0.0,0.0,0.0,0.0,46.96877683643032,optimal
2021-02-09 09:00:00,7,5,0.0,0.0,0.0,0.1308,15.981,6.0,1,21.2773466314213,,,0.0,0.0,0.0,0.0,46.45393854305078,optimal
2021-02-09 09:30:00,7,5,0.0,0.0,0.0,0.063,15.6345,6.0,1,21.127572546492264,,,0.0,0.0,0.0,0.0,45.93961508796462,optimal
2021-02-09 10:00:00,7,5,0.0,0.0,0.0,0.1172,16.5375,6.0,1,20.976312608150423,,,0.0,0.0,0.0,0.0,45.42580595633354,optimal
2021-02-09 10:30:00,7,5,0.0,0.0,0.0,0.0596,14.7735,6.0,1,20.83301384297835,,,0.0,0.0,0.0,0.0,44.912510633834096,optimal
2021-02-09 11:00:00,7,5,0.0,0.0,0.0,0.08120000000000001,15.2145,6.0,1,20.688345658725517,,,0.0,0.0,0.0,0.0,44.39972860665715,optimal
2021-02-09 11:30:00,7,5,0.0,0.0,0.0,0.09559999999999999,14.553,6.0,1,20.548249448110955,,,0.0,0.0,0.0,0.0,43.88745936150738,optimal
2021-02-09 12:00:00,7,5,0.0,0.0,0.0,0.056,14.3325,6.0,1,20.41065463734111,,,0.0,0.0,0.0,0.0,43.375702385602764,optimal
2021-02-09 12:30:00,7,5,0.0,0.0,0.0,0.12079999999999999,14.595,6.0,1,20.271498549978535,,,0.0,0.0,0.0,0.0,42.86445716667405,optimal
2021-02-09 13:00:00,7,5,0.0,0.0,0.0,0.056,14.994,6.0,1,20.137862609404536,,,0.0,0.0,0.0,0.0,42.35372319296427,optimal
2021-02-09 13:30:00,7,5,0.5224379333715932,0.0,0.0,0.06659999999999999,14.3325,6.0,1,20.0,,,1828.5327668005762,0.0,0.0,0.0,41.84349995322819,optimal
2021-02-09 14:00:00,7,5,1.1428571428571428,0.0,0.0,0.1272,13.8915,6.0,1,20.0,,,4000.0,0.0,0.0,0.0,41.33378693673185,optimal
2021-02-09 14:30:00,7,5,1.1428571428571428,0.0,0.0,0.066,13.8915,6.0,1,20.166556261208836,,,4000.0,0.0,0.0,0.0,40.824583633252004,optimal
2021-02-09 15:00:00,7,5,1.1428571428571428,0.0,0.0,0.066,13.4715,6.0,1,20.326908287587894,,,4000.0,0.0,0.0,0.0,40.31588953307564,optimal
2021-02-09 15:30:00,7,5,1.1428571428571428,0.0,0.0,0.066,13.23,6.0,1,20.485685667501446,,,4000.0,0.0,0.0,0.0,39.807704126999454,optimal
2021-02-09 16:00:00,7,5,1.1428571428571428,0.0,0.0,0.1092,13.8915,6.0,1,20.64327448057473,,,4000.0,0.0,0.0,0.0,39.30002690632934,optimal
2021-02-09 16:30:00,7,5,0.0,0.0,0.0,0.0876,26.9325,6.0,1,20.802918781978335,,,0.0,0.0,0.0,0.0,38.7928573628799,optimal
2021-02-09 17:00:00,7,5,0.0,0.0,0.0,0.07906666666666666,30.303,6.0,1,20.6594495781864,,,0.0,0.0,0.0,0.0,38.28619498897391,optimal
2021-02-09 17:30:00,7,5,0.0,0.5418518518518518,0.0,0.11213333333333333,32.886,6.0,1,20.52029480478843,,,0.0,0.0,0.0,487.6666666666667,37.78003927744182,optimal
2021-02-09 18:00:00,7,5,0.0,0.387037037037037,0.0,0.2765666666666667,34.9965,6.0,1,20.399336375991687,,,0.0,0.0,0.0,348.3333333333333,37.27438972162127,optimal
2021-02-09 18:30:00,7,5,0.0,2.0899999999999994,0.0,0.36656666666666665,33.327,6.0,1,20.296780065385953,,,0.0,0.0,0.0,1880.9999999999998,36.769245815356534,optimal
2021-02-09 19:00:00,7,5,0.0,0.46444444444444444,0.0,1.2568,31.122,6.0,1,20.19415131737021,,,0.0,0.0,0.0,418.0,36.264607052998066,optimal
2021-02-09 19:30:00,7,5,0.0,0.1548148148148148,0.0,0.064,17.9025,6.0,1,20.11199621702079,,,0.0,0.0,0.0,139.33333333333331,35.760472929401956,optimal
2021-02-09 20:00:00,7,5,0.40683817598360184,0.3096296296296296,0.0,0.0676,15.6555,6.0,1,20.011578073662328,,,1423.9336159426064,0.0,0.0,278.66666666666663,35.25684293992944,optimal
2021-02-09 20:30:00,7,5,0.0,0.0,0.0,0.1378,14.553,6.0,1,20.0,,,0.0,0.0,0.0,0.0,35.22158609698951,optimal
2021-02-09 21:00:00,7,5,0.0,0.3096296296296296,0.0,0.121,14.3325,6.0,1,19.889332110640098,,,0.0,0.0,0.0,278.66666666666663,35.186364510892524,optimal
2021-02-09 21:30:00,7,5,0.0,0.46444444444444444,0.0,0.3537666666666667,13.335,6.0,1,19.788529453242802,,,0.0,0.0,0.0,418.0,35.15117814638163,optimal
2021-02-09 22:00:00,7,5,0.0,0.0,0.0,1.1713,12.1275,6.0,1,19.6998856975101,,,0.0,0.0,0.0,0.0,35.11602696823525,optimal
2021-02-09 22:30:00,7,5,0.0,0.0,0.0,0.4332,12.2955,6.0,1,19.658717155557976,,,0.0,0.0,0.0,0.0,35.08091094126702,optimal
2021-02-09 23:00:00,7,5,0.0,0.0,0.0,0.18893333333333331,11.6865,6.0,1,19.58816925809213,,,0.0,0.0,0.0,0.0,35.04583003032575,optimal
2021-02-09 23:30:00,7,5,0.0,0.0,0.0,0.095,11.466,6.0,1,19.50164897222587,,,0.0,0.0,0.0,0.0,35.010784200295426,optimal
2021-02-10 00:00:00,7,5,1.1428571428571428,0.0,3.0,0.051,11.844,6.0,-4,19.50164897222587,,,4000.0,0.0,0.0,0.0,36.40077341609513,optimal
2021-02-10 00:30:00,7,5,1.1428571428571428,0.0,3.0,0.051,11.508,6.0,-4,19.676986872666895,,,4000.0,0.0,0.0,0.0,37.78937264267903,optimal
2021-02-10 01:00:00,7,5,1.1428571428571428,0.0,3.0,0.19473333333333329,11.508,6.0,-4,19.850263664034877,,,4000.0,0.0,0.0,0.0,39.176583270036346,optimal
2021-02-10 01:30:00,7,5,1.1428571428571428,0.0,3.0,0.051,10.4475,6.0,-4,20.032258687624623,,,4000.0,0.0,0.0,0.0,40.56240668676631,optimal
2021-02-10 02:00:00,7,5,1.1428571428571428,0.0,3.0,0.11633333333333332,10.8675,6.0,-4,20.201378856261115,,,4000.0,0.0,0.0,0.0,41.94684428007954,optimal
2021-02-10 02:30:00,7,5,1.1428571428571428,0.0,3.0,0.12940000000000002,10.542,6.0,-4,20.373377147610153,,,4000.0,0.0,0.0,0.0,43.32989743579946,optimal
2021-02-10 03:00:00,7,5,1.1428571428571428,0.0,3.0,0.051,11.025,6.0,-4,20.545066441245936,,,4000.0,0.0,0.0,0.0,44.71156753836366,optimal
2021-02-10 03:30:00,7,5,1.1428571428571428,0.0,3.0,0.14246666666666666,11.025,6.0,-4,20.7095992878356,,,4000.0,0.0,0.0,0.0,46.09185597082529,optimal
2021-02-10 04:00:00,7,5,1.1428571428571428,0.0,1.6179602991267106,0.10326666666666667,14.553,6.0,-4,20.879750246044775,,,4000.0,0.0,0.0,0.0,46.81429525693965,optimal
2021-02-10 04:30:00,7,5,1.1428571428571428,0.0,3.0,0.051,13.0935,6.0,-4,21.04569188525495,,,4000.0,0.0,0.0,0.0,48.192480961682705,optimal
2021-02-10 05:00:00,7,5,0.7490503259774554,0.0,0.0,0.15553333333333333,15.6345,6.0,-4,21.205728603450506,,,2621.676140921094,0.0,0.0,0.0,48.144288480721016,optimal
2021-02-10 05:30:00,7,5,0.0,0.0,0.0,0.0902,18.102,6.0,-4,21.268427035425507,,,0.0,0.0,0.0,0.0,48.096144192240295,optimal
2021-02-10 06:00:00,7,5,0.0,0.0,0.0,0.25953333333333334,17.199,6.0,-4,21.128682586899675,,,0.0,0.0,0.0,0.0,48.048048048048045,optimal
2021-02-10 06:30:00,7,5,0.0,3.0188888888888883,0.0,1.0468666666666666,18.2805,6.0,-4,21.003579217395448,,,0.0,0.0,0.0,2716.9999999999995,48.0,optimal
2021-02-10 07:00:00,7,5,0.0,0.6192592592592592,0.0,1.8525333333333334,17.4615,6.0,-4,20.89053360442091,,,0.0,0.0,0.0,557.3333333333333,47.73414160420594,optimal
2021-02-10 07:30:00,7,5,0.0,2.631851851851852,0.0,0.3706666666666667,18.3225,6.0,-4,20.770539258709086,,,0.0,0.0,0.0,2368.6666666666665,47.46854906680767,optimal
2021-02-10 08:00:00,7,5,0.0,0.23222222222222222,0.0,0.12006666666666667,17.094,6.0,-4,20.67108146213561,,,0.0,0.0,0.0,209.0,47.2032221219468,optimal
2021-02-10 08:30:00,7,5,0.0,0.6192592592592592,0.0,0.06706666666666666,17.094,6.0,-4,20.54975213644057,,,0.0,0.0,0.0,557.3333333333333,46.9381605040308,optimal
2021-02-10 09:00:00,7,5,0.0,0.1548148148148148,0.0,0.07,17.094,6.0,-4,20.436100320199795,,,0.0,0.0,0.0,139.33333333333331,46.6733639477327,optimal
2021-02-10 09:30:00,7,5,0.0,0.0,0.0,0.06193333333333333,17.3565,6.0,-4,20.32151632794891,,,0.0,0.0,0.0,0.0,46.40883218799091,optimal
2021-02-10 10:00:00,7,5,0.0,0.3096296296296296,0.0,0.9196333333333332,17.115,6.0,-4,20.20708552162631,,,0.0,0.0,0.0,278.66666666666663,46.14456496000886,optimal
2021-02-10 10:30:00,7,5,0.0,0.0,0.0,2.406433333333333,17.241,6.0,-4,20.10570398549413,,,0.0,0.0,0.0,0.0,45.88056199925479,optimal
2021-02-10 11:00:00,7,5,0.32639988314889734,0.23222222222222222,0.0,2.857266666666667,17.094,6.0,-4,20.0,,,1142.3995910211406,0.0,0.0,209.0,45.61682304146147,optimal
2021-02-10 11:30:00,7,5,1.1428571428571428,0.1548148148148148,0.0,1.2829000000000002,16.5165,6.0,-4,20.0,,,4000.0,0.0,0.0,139.33333333333331,45.35334782262595,optimal
2021-02-10 12:00:00,7,5,0.0,0.0,0.0,0.47226666666666667,17.8185,6.0,-4,20.191863965852676,,,0.0,0.0,0.0,0.0,45.09013607900926,optimal
2021-02-10 12:30:00,7,5,1.1428571428571428,0.0,0.0,0.6134666666666667,17.094,6.0,-4,20.093833513499,,,4000.0,0.0,0.0,0.0,44.82718754713619,optimal
2021-02-10 13:00:00,7,5,1.1428571428571428,0.0774074074074074,0.0,3.7555666666666667,16.8945,6.0,-4,20.303287425618592,,,4000.0,0.0,0.0,69.66666666666666,44.564501963794996,optimal
2021-02-10 13:30:00,7,5,0.0,0.387037037037037,0.0,1.9462666666666668,18.123,6.0,-4,20.575332526706582,,,0.0,0.0,0.0,348.3333333333333,44.30207906603714,optimal
2021-02-10 14:00:00,7,5,0.0,0.3096296296296296,0.0,1.9201333333333328,31.647,6.0,-4,20.492686129070222,,,0.0,0.0,0.0,278.66666666666663,44.03991859117704,optimal
2021-02-10 14:30:00,7,5,0.0,0.0774074074074074,0.0,1.1176,34.9965,6.0,-4,20.40081000616308,,,0.0,0.0,0.0,69.66666666666666,43.77802027679181,optimal
2021-02-10 15:00:00,7,5,0.0,0.0774074074074074,0.0,2.4205,34.9965,6.0,-4,20.317357083091434,,,0.0,0.0,0.0,69.66666666666666,43.51638386072096,optimal
2021-02-10 15:30:00,7,5,0.0,0.3096296296296296,0.0,2.0701666666666667,34.9965,6.0,-4,20.309325572309465,,,0.0,0.0,0.0,278.66666666666663,43.25500908106618,optimal
2021-02-10 16:00:00,7,5,0.0,0.46444444444444444,0.0,1.2066666666666668,34.9965,6.0,-4,20.260932211203702,,,0.0,0.0,0.0,418.0,42.99389567619105,optimal
2021-02-10 16:30:00,7,5,0.0,0.1548148148148148,0.0,3.258333333333333,34.9965,6.0,-4,20.20046929768349,,,0.0,0.0,0.0,139.33333333333331,42.7330433847208,optimal
2021-02-10 17:00:00,7,5,0.0,0.5418518518518518,0.0,2.211733333333333,27.741,6.0,-4,20.152827122326336,,,0.0,0.0,0.0,487.6666666666667,42.69031034133608,optimal
2021-02-10 17:30:00,7,5,0.0,1.1611111111111108,0.0,0.22373333333333328,19.026,6.0,-4,20.088660920205733,,,0.0,0.0,0.0,1044.9999999999998,42.647620030994744,optimal
2021-02-10 18:00:00,7,5,0.10059370955137634,2.2448148148148146,0.0,0.4903333333333333,18.7215,6.0,-4,20.018593434370413,,,352.07798342981715,0.0,0.0,2020.3333333333333,42.60497241096375,optimal
2021-02-10 18:30:00,7,5,0.22028934049862953,1.9351851851851851,0.0,1.9082999999999999,17.4195,6.0,-4,20.0,,,771.0126917452033,0.0,0.0,1741.6666666666667,42.56236743855278,optimal
2021-02-10 19:00:00,7,5,0.2068579991734065,0.0,0.0,3.3284333333333334,16.758,6.0,-4,20.0,,,724.0029971069227,0.0,0.0,0.0,42.51980507111423,optimal
2021-02-10 19:30:00,7,5,0.22011222036895858,3.950874074074074,0.0,2.3844000000000003,14.217,6.0,-4,20.0,,,770.3927712913551,0.0,0.0,3555.786666666667,42.47728526604311,optimal
2021-02-10 20:00:00,7,5,0.3583578701359212,1.2354222222222222,0.0,0.8526,13.3665,6.0,-4,20.0,,,1254.2525454757242,0.0,0.0,1111.88,42.434807980777066,optimal
2021-02-10 20:30:00,7,5,0.0,0.0,0.0,1.6359333333333335,12.789,6.0,-4,20.0,,,0.0,0.0,0.0,0.0,42.39237317279629,optimal
2021-02-10 21:00:00,7,5,0.0,0.23222222222222222,0.0,2.1251666666666664,11.907,6.0,-4,19.91597579424994,,,0.0,0.0,0.0,209.0,42.349980799623495,optimal
2021-02-10 21:30:00,7,5,0.0,0.0,0.0,0.7463666666666666,11.7075,6.0,-4,19.841960456507138,,,0.0,0.0,0.0,0.0,42.307630818823874,optimal
2021-02-10 22:00:00,7,5,0.0,0.0,0.0,0.06753333333333333,10.8045,6.0,-4,19.72941753792046,,,0.0,0.0,0.0,0.0,42.26532318800505,optimal
2021-02-10 22:30:00,7,5,0.0,0.0,0.0,0.06753333333333333,11.508,6.0,-4,19.575541570179535,,,0.0,0.0,0.0,0.0,42.223057864817044,optimal
2021-02-10 23:00:00,7,5,0.0,0.0,0.0,0.1982,11.508,6.0,-4,19.420946042528005,,,0.0,0.0,0.0,0.0,42.18083480695223,optimal
2021-02-10 23:30:00,7,5,0.0,0.0,0.0,0.058,11.508,6.0,-4,19.275421716279663,,,0.0,0.0,0.0,0.0,42.13865397214528,optimal
2021-02-11 00:00:00,7,5,1.1428571428571428,0.0,0.0,0.0772,11.025,6.0,0,19.275421716279663,,,4000.0,0.0,0.0,0.0,42.09651531817313,optimal
2021-02-11 00:30:00,7,5,1.1428571428571428,0.0,0.0,0.16893333333333332,12.0855,6.0,0,19.423573836492835,,,4000.0,0.0,0.0,0.0,42.05441880285496,optimal
2021-02-11 01:00:00,7,5,1.1428571428571428,0.0,0.0,0.13140000000000002,11.6865,6.0,0,19.57823523481808,,,4000.0,0.0,0.0,0.0,42.012364384052105,optimal
2021-02-11 01:30:00,7,5,1.1428571428571428,0.0,0.0,0.18613333333333332,11.2245,6.0,0,19.72967665289475,,,4000.0,0.0,0.0,0.0,41.970352019668056,optimal
2021-02-11 02:00:00,7,5,1.1428571428571428,0.0,0.0,0.06,11.025,6.0,0,19.884083293126807,,,4000.0,0.0,0.0,0.0,41.92838166764839,optimal
2021-02-11 02:30:00,7,5,1.1428571428571428,0.0,3.0,0.09570000000000001,10.7835,6.0,0,20.02788820248273,,,4000.0,0.0,0.0,0.0,43.31145328598074,optimal
2021-02-11 03:00:00,7,5,1.1428571428571428,0.0,2.4717614386112903,0.21036666666666667,11.025,6.0,0,20.17254155487485,,,4000.0,0.0,0.0,0.0,44.442228516035115,optimal
2021-02-11 03:30:00,7,5,1.1428571428571428,0.0,3.0,0.11113333333333333,10.584,6.0,0,20.32395066057385,,,4000.0,0.0,0.0,0.0,45.82278628751907,optimal
2021-02-11 04:00:00,7,5,1.1428571428571428,0.0,3.0,0.1318666666666667,11.025,6.0,0,20.4686663993705,,,4000.0,0.0,0.0,0.0,47.201963501231546,optimal
2021-02-11 04:30:00,7,5,1.1428571428571428,0.0,3.0,0.146,10.4265,6.0,0,20.615722948588097,,,4000.0,0.0,0.0,0.0,48.579761537730306,optimal
2021-02-11 05:00:00,7,5,1.1428571428571428,0.0,0.0,0.06,12.789,6.0,0,20.762737088203497,,,4000.0,0.0,0.0,0.0,48.53118177619257,optimal
2021-02-11 05:30:00,7,5,1.1428571428571428,0.0,0.0,0.2535666666666666,12.684,6.0,0,20.902210343307413,,,4000.0,0.0,0.0,0.0,48.48265059441637,optimal
2021-02-11 06:00:00,7,5,1.1428571428571428,0.0,0.0,0.06396666666666667,16.254,6.0,0,21.05700680800787,,,4000.0,0.0,0.0,0.0,48.434167943821954,optimal
2021-02-11 06:30:00,7,5,0.0,0.0,0.0,0.19403333333333334,17.64,6.0,0,21.19831716337282,,,0.0,0.0,0.0,0.0,48.38573377587813,optimal
2021-02-11 07:00:00,7,5,0.0,0.0,0.0,0.13316666666666666,19.1625,6.0,0,21.050629291623547,,,0.0,0.0,0.0,0.0,48.33734804210225,optimal
2021-02-11 07:30:00,7,5,0.0,0.0,0.0,0.1414,26.46,6.0,0,20.90063630411149,,,0.0,0.0,0.0,0.0,48.289010694060146,optimal
2021-02-11 08:00:00,7,5,0.0,0.0,0.0,0.15780000000000002,20.79,6.0,0,20.75273202870923,,,0.0,0.0,0.0,0.0,48.240721683366075,optimal
2021-02-11 08:30:00,7,5,0.0,0.0,0.0,0.08866666666666667,29.106,6.0,0,20.608261296736586,,,0.0,0.0,0.0,0.0,48.192480961682705,optimal
2021-02-11 09:00:00,7,5,0.0,0.774074074074074,0.0,1.2925666666666666,19.1835,6.0,0,20.458596874655626,,,0.0,0.0,0.0,696.6666666666666,48.144288480721016,optimal
2021-02-11 09:30:00,7,5,0.0,0.1548148148148148,0.0,0.29456666666666664,19.6665,6.0,0,20.352614405167156,,,0.0,0.0,0.0,139.33333333333331,48.096144192240295,optimal
2021-02-11 10:00:00,7,5,0.0,0.0,0.0,0.23606666666666665,19.404,6.0,0,20.264427570109145,,,0.0,0.0,0.0,0.0,48.048048048048045,optimal
2021-02-11 10:30:00,7,5,0.0,0.6192592592592592,0.0,0.4253,19.047,6.0,0,20.173548336284895,,,0.0,0.0,0.0,557.3333333333333,48.0,optimal
2021-02-11 11:00:00,7,5,0.32956666823463626,0.0,0.0,0.2278,18.858,6.0,0,20.103970421818893,,,1153.4833388212269,0.0,0.0,0.0,47.47615827922738,optimal
2021-02-11 11:30:00,7,5,0.0,0.1548148148148148,0.0,0.8859333333333332,19.2675,6.0,0,20.078945637166935,,,0.0,0.0,0.0,139.33333333333331,46.95284040017553,optimal
2021-02-11 12:00:00,7,5,0.0486107590463121,0.23222222222222222,0.0,2.3534,18.963,6.0,0,20.0,,,170.13765666209235,0.0,0.0,209.0,46.43004583900274,optimal
2021-02-11 12:30:00,7,5,0.654114800711892,0.9288888888888889,0.0,0.9248999999999999,18.438,6.0,0,20.0,,,2289.401802491622,0.0,0.0,836.0,45.90777407239111,optimal
2021-02-11 13:00:00,7,5,0.0,0.1548148148148148,0.0,0.2513333333333333,18.7425,6.0,0,20.094338819007575,,,0.0,0.0,0.0,139.33333333333331,45.3860245775461,optimal
2021-02-11 13:30:00,7,5,1.1428571428571428,0.387037037037037,0.0,0.3534,15.2145,6.0,0,20.0,,,4000.0,0.0,0.0,348.3333333333333,44.864796832195935,optimal
2021-02-11 14:00:00,7,5,0.0,0.0,0.0,1.656766666666667,17.7765,6.0,0,20.21372070314096,,,0.0,0.0,0.0,0.0,44.34409031459112,optimal
2021-02-11 14:30:00,7,5,0.6189941134601403,0.0,0.0,0.35346666666666665,16.758,6.0,0,20.146926605210272,,,2166.479397110491,0.0,0.0,0.0,43.82390450350391,optimal
2021-02-11 15:00:00,7,5,1.1428571428571428,0.1548148148148148,0.0,0.18080000000000002,16.422,6.0,0,20.223536955685248,,,4000.0,0.0,0.0,139.33333333333331,43.304238878227785,optimal
2021-02-11 15:30:00,7,5,1.1428571428571428,0.0,0.0,0.3658333333333333,16.758,6.0,0,20.415964478068307,,,4000.0,0.0,0.0,0.0,42.785092918576936,optimal
2021-02-11 16:00:00,7,5,0.0,0.387037037037037,0.0,0.32776666666666665,29.358,6.0,0,20.61391915143145,,,0.0,0.0,0.0,348.3333333333333,42.26646610488574,optimal
2021-02-11 16:30:00,7,5,0.0,0.3096296296296296,0.0,0.5180333333333333,34.9965,6.0,0,20.51416125168566,,,0.0,0.0,0.0,278.66666666666663,41.74835791800823,optimal
2021-02-11 17:00:00,7,5,0.0,0.0,0.0,1.7872999999999999,34.65,6.0,0,20.453056720172356,,,0.0,0.0,0.0,0.0,41.2307678393176,optimal
2021-02-11 17:30:00,7,5,0.0,0.3096296296296296,0.0,0.2117333333333333,34.9965,6.0,0,20.418192319812924,,,0.0,0.0,0.0,278.66666666666663,40.71369535070566,optimal
2021-02-11 18:00:00,7,5,0.0,0.42883703703703696,0.0,0.3024,34.9965,6.0,0,20.32000431883338,,,0.0,0.0,0.0,385.95333333333326,40.19713993458234,optimal
2021-02-11 18:30:00,7,5,0.0,0.11301481481481482,0.0,0.35886666666666667,30.4815,6.0,0,20.220151292735874,,,0.0,0.0,0.0,101.71333333333334,39.68110107387513,optimal
2021-02-11 19:00:00,7,5,0.0,0.387037037037037,0.0,0.18696666666666667,21.4305,6.0,0,20.119550583074183,,,0.0,0.0,0.0,348.3333333333333,39.16557825202864,optimal
2021-02-11 19:30:00,7,5,0.4120877920488303,0.46444444444444444,0.0,0.42656666666666665,14.3325,6.0,0,20.0,,,1442.3072721709061,0.0,0.0,418.0,38.650570953003985,optimal
2021-02-11 20:00:00,7,5,0.450640347493623,0.387037037037037,0.0,0.29996666666666666,13.692,6.0,0,20.0,,,1577.2412162276805,0.0,0.0,348.3333333333333,38.61192038205098,optimal
2021-02-11 20:30:00,7,5,0.0,0.3096296296296296,0.0,0.2865,14.007,6.0,0,20.0,,,0.0,0.0,0.0,278.66666666666663,38.57330846166893,optimal
2021-02-11 21:00:00,7,5,0.0,0.387037037037037,0.0,0.1735,12.873,6.0,0,19.891818289357346,,,0.0,0.0,0.0,348.3333333333333,38.53473515320726,optimal
2021-02-11 21:30:00,7,5,0.0,0.387037037037037,0.0,0.35596666666666665,12.684,6.0,0,19.771847422855643,,,0.0,0.0,0.0,348.3333333333333,38.49620041805405,optimal
2021-02-11 22:00:00,7,5,0.0,0.3096296296296296,0.0,0.22619999999999998,12.306,6.0,0,19.657688709313916,,,0.0,0.0,0.0,278.66666666666663,38.457704217636,optimal
2021-02-11 22:30:00,7,5,0.0,0.0,0.0,0.4594,10.6365,6.0,0,19.530184707942738,,,0.0,0.0,0.0,0.0,38.419246513418365,optimal
2021-02-11 23:00:00,7,5,0.0,0.3096296296296296,0.0,0.21896666666666667,11.2455,6.0,0,19.415956094810777,,,0.0,0.0,0.0,278.66666666666663,38.380827266904944,optimal
2021-02-11 23:30:00,7,5,0.0,0.0,0.0,0.2394333333333333,11.2455,6.0,0,19.286905339531625,,,0.0,0.0,0.0,0.0,38.34244643963804,optimal
2021-02-12 00:00:00,7,5,1.1428571428571428,0.0,3.0,0.063,8.1585,6.0,1,19.286905339531625,,,4000.0,0.0,0.0,0.0,39.7291039931984,optimal
2021-02-12 00:30:00,7,5,1.1428571428571428,0.0,3.0,0.063,10.3635,6.0,1,19.40995370441455,,,4000.0,0.0,0.0,0.0,41.1143748892052,optimal
2021-02-12 01:00:00,7,5,1.1428571428571428,0.0,0.0,0.063,10.8045,6.0,1,19.53208096072188,,,4000.0,0.0,0.0,0.0,41.073260514316,optimal
2021-02-12 01:30:00,7,5,1.1428571428571428,0.0,0.0,0.063,11.025,6.0,1,19.65329400363673,,,4000.0,0.0,0.0,0.0,41.03218725380168,optimal
2021-02-12 02:00:00,7,5,1.1428571428571428,0.0,3.0,0.063,10.3635,6.0,1,19.77434825114002,,,4000.0,0.0,0.0,0.0,42.41615506654787,optimal
2021-02-12 02:30:00,7,5,1.1428571428571428,0.0,0.0,2.336333333333333,10.8045,6.0,1,19.895244891933565,,,4000.0,0.0,0.0,0.0,42.373738911481325,optimal
2021-02-12 03:00:00,7,5,1.1428571428571428,0.0,3.0,0.6461666666666667,10.059,6.0,1,20.047567289842103,,,4000.0,0.0,0.0,0.0,43.75636517256984,optimal
2021-02-12 03:30:00,7,5,1.1428571428571428,0.0,0.41327975343259477,1.8914666666666666,10.584,6.0,1,20.19119356387263,,,4000.0,0.0,0.0,0.0,43.90891669027775,optimal
2021-02-12 04:00:00,7,5,1.1428571428571428,0.0774074074074074,3.0,0.16,9.4185,6.0,1,20.35365029022166,,,4000.0,0.0,0.0,69.66666666666666,45.29000777358746,optimal
2021-02-12 04:30:00,7,5,1.1428571428571428,0.0,3.0,0.063,10.3635,6.0,1,20.508334808345545,,,4000.0,0.0,0.0,0.0,46.66971776581387,optimal
2021-02-12 05:00:00,7,5,1.1428571428571428,0.0,3.0,0.063,9.8385,6.0,1,20.643948522735492,,,4000.0,0.0,0.0,0.0,48.048048048048045,optimal
2021-02-12 05:30:00,7,5,1.1428571428571428,0.23222222222222222,0.0,2.162266666666667,11.067,6.0,1,20.783787088452154,,,4000.0,0.0,0.0,209.0,48.0,optimal
2021-02-12 06:00:00,7,5,1.1428571428571428,0.387037037037037,0.0,0.38606666666666667,10.8465,6.0,1,20.955574089893084,,,4000.0,0.0,0.0,348.3333333333333,47.77504756340071,optimal
2021-02-12 06:30:00,7,5,0.0,0.387037037037037,0.0,0.16,13.671,6.0,1,21.1224690731896,,,0.0,0.0,0.0,348.3333333333333,47.55032007923803,optimal
2021-02-12 07:00:00,7,5,0.003659299594864919,0.1548148148148148,0.0,0.165,12.348,6.0,1,20.99219369730156,,,12.807548582027216,0.0,0.0,139.33333333333331,47.3258173225595,optimal
2021-02-12 07:30:00,7,5,0.0,0.0,0.0,0.17,14.3325,6.0,1,20.85833560114967,,,0.0,0.0,0.0,0.0,47.101539068637656,optimal
2021-02-12 08:00:00,7,5,0.0,2.4770370370370367,0.0,0.3917333333333333,15.393,6.0,1,20.728414840199527,,,0.0,0.0,0.0,2229.333333333333,46.877485092969735,optimal
2021-02-12 08:30:00,7,5,0.0,0.23222222222222222,0.0,2.2106,13.587,6.0,1,20.604784446066006,,,0.0,0.0,0.0,209.0,46.65365517127748,optimal
2021-02-12 09:00:00,7,5,0.0,7.262362962962961,0.0,0.18,16.1385,6.0,1,20.504410754925328,,,0.0,0.0,0.0,6536.126666666665,46.430049079506915,optimal
2021-02-12 09:30:00,7,5,0.0,0.7106000000000005,0.0,2.4133666666666667,14.595,6.0,1,20.379367548243536,,,0.0,0.0,0.0,639.5400000000004,46.206666593828125,optimal
2021-02-12 10:00:00,7,5,0.0,0.1548148148148148,0.0,0.2636,14.637,6.0,1,20.269989120544253,,,0.0,0.0,0.0,139.33333333333331,45.98350749063501,optimal
2021-02-12 10:30:00,7,5,0.0,0.0,0.0,1.2239333333333333,13.9125,6.0,1,20.178297519558246,,,0.0,0.0,0.0,0.0,45.760571546545094,optimal
2021-02-12 11:00:00,7,5,0.0,0.387037037037037,0.0,2.6736999999999997,13.3665,6.0,1,20.079904363275716,,,0.0,0.0,0.0,348.3333333333333,45.53785853839926,optimal
2021-02-12 11:30:00,7,5,0.7569348442928843,0.3096296296296296,0.0,0.153,13.0095,6.0,1,20.0,,,2649.271955025095,0.0,0.0,278.66666666666663,45.315368243261574,optimal
2021-02-12 12:00:00,7,5,0.0,0.0,0.0,2.4316666666666666,13.8915,6.0,1,20.09309660197613,,,0.0,0.0,0.0,0.0,45.09310043841903,optimal
2021-02-12 12:30:00,7,5,0.4130626961335738,0.0,0.0,0.18773333333333328,13.188,6.0,1,20.0,,,1445.7194364675083,0.0,0.0,0.0,44.87105490138132,optimal
2021-02-12 13:00:00,7,5,0.33726423341833833,0.0,0.0,1.8375333333333332,12.5685,6.0,1,20.0,,,1180.4248169641842,0.0,0.0,0.0,44.649231409880656,optimal
2021-02-12 13:30:00,7,5,0.38859258856322365,0.0,0.0,1.0845666666666667,12.285,6.0,1,20.0,,,1360.0740599712828,0.0,0.0,0.0,44.42762974187149,optimal
2021-02-12 14:00:00,7,5,1.1428571428571428,0.387037037037037,0.0,0.071,11.487,6.0,1,20.0,,,4000.0,0.0,0.0,348.3333333333333,44.20624967553034,optimal
2021-02-12 14:30:00,7,5,0.10820225327639169,0.0,0.0,0.074,11.802,6.0,1,20.172777269149304,,,378.7078864673709,0.0,0.0,0.0,43.98509098925552,optimal
2021-02-12 15:00:00,7,5,1.1428571428571428,0.387037037037037,0.0,0.081,11.2245,6.0,1,20.07388866628717,,,4000.0,0.0,0.0,348.3333333333333,43.76415346166698,optimal
2021-02-12 15:30:00,7,5,1.1428571428571428,0.0,0.0,0.5885666666666667,11.025,6.0,1,20.253127949669924,,,4000.0,0.0,0.0,0.0,43.543436871606026,optimal
2021-02-12 16:00:00,7,5,1.1428571428571428,0.0,0.0,1.9885333333333333,11.907,6.0,1,20.447399980648754,,,4000.0,0.0,0.0,0.0,43.32294099813513,optimal
2021-02-12 16:30:00,7,5,0.0,0.46444444444444444,0.0,0.18,25.83,6.0,1,20.66700615601357,,,0.0,0.0,0.0,418.0,43.10266562053771,optimal
2021-02-12 17:00:00,7,5,0.0,0.5418518518518518,0.0,2.4326666666666665,28.035,6.0,1,20.573034050178805,,,0.0,0.0,0.0,487.6666666666667,42.88261051831788,optimal
2021-02-12 17:30:00,7,5,0.0,0.5418518518518518,0.0,0.17,28.119,6.0,1,20.500752442017962,,,0.0,0.0,0.0,487.6666666666667,42.66277547120028,optimal
2021-02-12 18:00:00,7,5,0.0,0.0,0.0,0.178,30.156,6.0,1,20.39966358598811,,,0.0,0.0,0.0,0.0,42.44316025912979,optimal
2021-02-12 18:30:00,7,5,0.0,0.1548148148148148,0.0,2.4992666666666667,29.1585,6.0,1,20.30444911024532,,,0.0,0.0,0.0,139.33333333333331,42.22376466227137,optimal
2021-02-12 19:00:00,7,5,0.0,0.3096296296296296,0.0,2.6664666666666665,26.712,6.0,1,20.22467552655472,,,0.0,0.0,0.0,278.66666666666663,42.00458846100981,optimal
2021-02-12 19:30:00,7,5,0.0,0.0,0.0,0.419,15.435,6.0,1,20.15792069570071,,,0.0,0.0,0.0,0.0,41.78563143594951,optimal
2021-02-12 20:00:00,7,5,0.0,0.23222222222222222,0.0,0.2728,13.566,6.0,1,20.081803121532307,,,0.0,0.0,0.0,209.0,41.74384580451356,optimal
2021-02-12 20:30:00,7,5,0.0,0.0,0.0,0.1979,12.789,6.0,1,20.0,,,0.0,0.0,0.0,0.0,41.70210195870905,optimal
2021-02-12 21:00:00,7,5,0.0,0.0,0.0,0.46626666666666666,12.1275,6.0,1,19.91346268676738,,,0.0,0.0,0.0,0.0,41.66039985675034,optimal
2021-02-12 21:30:00,7,5,0.0,0.0,0.0,1.7215333333333334,13.671,6.0,1,19.83994513885475,,,0.0,0.0,0.0,0.0,41.618739456893586,optimal
2021-02-12 22:00:00,7,5,0.0,0.0,0.0,0.073,10.668,6.0,1,19.78685656068858,,,0.0,0.0,0.0,0.0,41.57712071743669,optimal
2021-02-12 22:30:00,7,5,0.0,0.0,0.0,0.073,11.7285,6.0,1,19.656016037921148,,,0.0,0.0,0.0,0.0,41.53554359671926,optimal
2021-02-12 23:00:00,7,5,0.0,0.0,0.0,0.073,11.025,6.0,1,19.526154953829487,,,0.0,0.0,0.0,0.0,41.494008053122535,optimal
2021-02-12 23:30:00,7,5,0.0,0.0,0.0,0.07133333333333333,10.689,6.0,1,19.397265976586276,,,0.0,0.0,0.0,0.0,41.452514045069414,optimal
2021-02-13 00:00:00,7,5,1.1428571428571428,0.0,3.0,0.062,7.056,6.0,1,19.397265976586276,,,4000.0,0.0,0.0,0.0,42.83606153102434,optimal
2021-02-13 00:30:00,7,5,0.0,0.0,0.0,0.062,9.3975,6.0,1,19.562678411201684,,,0.0,0.0,0.0,0.0,42.793225469493315,optimal
2021-02-13 01:00:00,7,5,0.0,0.0,0.0,0.062,10.059,6.0,1,19.427674605849134,,,0.0,0.0,0.0,0.0,42.75043224402382,optimal
2021-02-13 01:30:00,7,5,1.1428571428571428,0.0,0.0,0.062,9.261,6.0,1,19.294055691647237,,,4000.0,0.0,0.0,0.0,42.70768181177979,optimal
2021-02-13 02:00:00,7,5,1.1428571428571428,0.0,3.0,0.06633333333333333,8.1585,6.0,1,19.46136359366775,,,4000.0,0.0,0.0,0.0,44.08997412996801,optimal
2021-02-13 02:30:00,7,5,1.1428571428571428,0.0,0.0,0.062,9.4815,6.0,1,19.62779335874886,,,4000.0,0.0,0.0,0.0,44.045884155838046,optimal
2021-02-13 03:00:00,7,5,1.1428571428571428,0.0,0.0,0.07866666666666668,8.379,6.0,1,19.792977273192324,,,4000.0,0.0,0.0,0.0,44.00183827168221,optimal
2021-02-13 03:30:00,7,5,1.1428571428571428,0.0,0.0,0.12033333333333332,9.5235,6.0,1,19.95817279766729,,,4000.0,0.0,0.0,0.0,43.95783643341053,optimal
2021-02-13 04:00:00,7,5,1.1428571428571428,0.0,3.0,0.062,8.1375,6.0,1,20.12487775988243,,,4000.0,0.0,0.0,0.0,45.33887859697711,optimal
2021-02-13 04:30:00,7,5,0.0,0.0,0.0,0.137,10.0905,6.0,1,20.285592053272715,,,0.0,0.0,0.0,0.0,45.29353971838013,optimal
2021-02-13 05:00:00,7,5,1.1428571428571428,0.0,3.0,0.062,7.539,6.0,1,20.150419019633325,,,4000.0,0.0,0.0,0.0,46.67324617866175,optimal
2021-02-13 05:30:00,7,5,1.1428571428571428,0.0,3.0,0.13283333333333333,7.938,6.0,1,20.309444968861495,,,4000.0,0.0,0.0,0.0,48.05157293248308,optimal
2021-02-13 06:00:00,7,5,1.1428571428571428,0.0,0.8046577185842807,0.06616666666666667,8.274,6.0,1,20.47183648794745,,,4000.0,0.0,0.0,0.0,48.38573377587813,optimal
2021-02-13 06:30:00,7,5,1.1428571428571428,0.0,0.0,0.137,9.261,6.0,1,20.627271273058433,,,4000.0,0.0,0.0,0.0,48.33734804210225,optimal
2021-02-13 07:00:00,7,5,1.1428571428571428,0.0,0.0,0.062,9.9225,6.0,1,20.786472797769612,,,4000.0,0.0,0.0,0.0,48.289010694060146,optimal
2021-02-13 07:30:00,7,5,1.1428571428571428,0.3096296296296296,0.0,0.06,9.702,6.0,1,20.938491687919164,,,4000.0,0.0,0.0,278.66666666666663,48.240721683366075,optimal
2021-02-13 08:00:00,7,5,0.0,0.1548148148148148,0.0,0.4908333333333333,10.584,6.0,1,21.09925798234829,,,0.0,0.0,0.0,139.33333333333331,48.192480961682705,optimal
2021-02-13 08:30:00,7,5,1.1428571428571428,10.527407407407408,0.0,0.14166666666666666,10.143,6.0,1,20.968286454926556,,,4000.0,0.0,0.0,9474.666666666666,48.144288480721016,optimal
2021-02-13 09:00:00,7,5,0.0,0.5418518518518518,0.0,0.07843333333333334,13.0095,6.0,1,21.14825068717684,,,0.0,0.0,0.0,487.6666666666667,48.096144192240295,optimal
2021-02-13 09:30:00,7,5,0.0,0.23222222222222222,0.0,1.1967999999999999,11.025,6.0,1,21.027996793569063,,,0.0,0.0,0.0,209.0,48.048048048048045,optimal
2021-02-13 10:00:00,7,5,0.0,0.0,0.0,0.3479333333333333,12.789,6.0,1,20.937589060533114,,,0.0,0.0,0.0,0.0,48.0,optimal
2021-02-13 10:30:00,7,5,0.0,0.23222222222222222,0.0,0.7700333333333333,12.1275,6.0,1,20.83527364521953,,,0.0,0.0,0.0,209.0,47.73381397075398,optimal
2021-02-13 11:00:00,7,5,0.0,0.0,0.0,1.2006333333333334,12.1695,6.0,1,20.729132096757965,,,0.0,0.0,0.0,0.0,47.46789412753721,optimal
2021-02-13 11:30:00,7,5,0.0,0.0,0.0,0.8373333333333334,12.306,6.0,1,20.626369838353703,,,0.0,0.0,0.0,0.0,47.20224020416365,optimal
2021-02-13 12:00:00,7,5,0.0,0.46444444444444444,0.0,0.6885666666666668,13.23,6.0,1,20.52124011663986,,,0.0,0.0,0.0,418.0,46.93685193471347,optimal
2021-02-13 12:30:00,7,5,0.0,0.1548148148148148,0.0,2.088966666666667,13.671,6.0,1,20.403984019205865,,,0.0,0.0,0.0,139.33333333333331,46.67172905353274,optimal
2021-02-13 13:00:00,7,5,0.0,0.0,0.0,1.5034666666666667,13.9335,6.0,1,20.32718745558455,,,0.0,0.0,0.0,0.0,46.40687129523318,optimal
2021-02-13 13:30:00,7,5,0.0,0.0774074074074074,0.0,0.6258333333333334,13.293,6.0,1,20.218564392904586,,,0.0,0.0,0.0,69.66666666666666,46.14227839469193,optimal
2021-02-13 14:00:00,7,5,0.0,0.0,0.0,0.9335333333333332,12.1065,6.0,1,20.096628510405463,,,0.0,0.0,0.0,0.0,45.87795008705122,optimal
2021-02-13 14:30:00,7,5,0.5723536691775342,0.1548148148148148,0.0,1.0608333333333333,11.571,6.0,1,20.001244276267443,,,2003.2378421213693,0.0,0.0,139.33333333333331,45.613886107718145,optimal
2021-02-13 15:00:00,7,5,1.1428571428571428,0.0,0.0,0.14283333333333334,11.025,6.0,1,20.042230095279916,,,4000.0,0.0,0.0,0.0,45.35008619236441,optimal
2021-02-13 15:30:00,7,5,1.1428571428571428,0.0,0.0,0.072,10.8465,6.0,1,20.202275051702955,,,4000.0,0.0,0.0,0.0,45.086550076926024,optimal
2021-02-13 16:00:00,7,5,1.1428571428571428,0.0,0.0,1.1275,11.2455,6.0,1,20.355068806281203,,,4000.0,0.0,0.0,0.0,44.82327749760308,optimal
2021-02-13 16:30:00,7,5,0.0,0.387037037037037,0.0,0.756,23.8665,6.0,1,20.543351835576054,,,0.0,0.0,0.0,348.3333333333333,44.56026819085945,optimal
2021-02-13 17:00:00,7,5,0.0,0.3096296296296296,0.0,1.0826666666666667,27.4575,6.0,1,20.43801840610336,,,0.0,0.0,0.0,278.66666666666663,44.29752189342258,optimal
2021-02-13 17:30:00,7,5,0.0,0.6966666666666667,0.0,0.5715,27.3735,6.0,1,20.328649430603583,,,0.0,0.0,0.0,627.0,44.25322437152916,optimal
2021-02-13 18:00:00,7,5,0.0,0.3096296296296296,0.0,1.8231,30.4605,6.0,1,20.225485170170696,,,0.0,0.0,0.0,278.66666666666663,44.20897114715763,optimal
2021-02-13 18:30:00,7,5,0.0,0.46444444444444444,0.0,0.5919666666666668,30.0195,6.0,1,20.176531607094507,,,0.0,0.0,0.0,418.0,44.16476217601047,optimal
2021-02-13 19:00:00,7,5,0.0,0.0,0.0,1.0578666666666665,26.9325,6.0,1,20.120778611318595,,,0.0,0.0,0.0,0.0,44.12059741383446,optimal
2021-02-13 19:30:00,7,5,0.0,0.0,0.0,0.8749666666666667,14.595,6.0,1,20.065828794938046,,,0.0,0.0,0.0,0.0,44.07647681642062,optimal
2021-02-13 20:00:00,7,5,0.20115566184412606,0.387037037037037,0.0,0.9862333333333332,12.4845,6.0,1,20.0,,,704.0448164544412,0.0,0.0,348.3333333333333,44.0324003396042,optimal
2021-02-13 20:30:00,7,5,0.0,0.0,0.0,1.1090666666666666,12.1275,6.0,1,20.0,,,0.0,0.0,0.0,0.0,43.9883679392646,optimal
2021-02-13 21:00:00,7,5,0.0,0.0,0.0,0.5461,12.1275,6.0,1,19.95817165500983,,,0.0,0.0,0.0,0.0,43.944379571325335,optimal
2021-02-13 21:30:00,7,5,0.0,0.387037037037037,0.0,0.9802666666666667,12.789,6.0,1,19.902376518920654,,,0.0,0.0,0.0,348.3333333333333,43.900435191754006,optimal
2021-02-13 22:00:00,7,5,0.0,0.1548148148148148,0.0,1.7733666666666665,11.907,6.0,1,19.850253090874464,,,0.0,0.0,0.0,139.33333333333331,43.856534756562255,optimal
2021-02-13 22:30:00,7,5,0.0,0.0,0.0,1.0232,11.025,6.0,1,19.795797817178666,,,0.0,0.0,0.0,0.0,43.81267822180569,optimal
2021-02-13 23:00:00,7,5,0.0,0.0,0.0,1.3181333333333334,8.2005,6.0,1,19.73135806030643,,,0.0,0.0,0.0,0.0,43.768865543583885,optimal
2021-02-13 23:30:00,7,5,0.0,0.0,0.0,0.6363666666666666,9.5655,6.0,1,19.669187858483536,,,0.0,0.0,0.0,0.0,43.7250966780403,optimal
2021-02-07 00:00:00,8,5,0.0,0.0,0.0,0.06766666666666667,5.292,6.0,1,21.0,,,0.0,0.0,0.0,0.0,47.952,optimal
2021-02-07 00:30:00,8,5,0.0,0.0,0.0,0.062,9.261,6.0,1,20.884758685067958,,,0.0,0.0,0.0,0.0,47.904047999999996,optimal
2021-02-07 01:00:00,8,5,0.0,0.0,0.0,0.062,10.3635,6.0,1,20.769631462719758,,,0.0,0.0,0.0,0.0,47.856143952,optimal
2021-02-07 01:30:00,8,5,0.0,0.0,0.0,0.19346666666666668,8.274,6.0,1,20.654617478887513,,,0.0,0.0,0.0,0.0,47.80828780804799,optimal
2021-02-07 02:00:00,8,5,0.0,0.0,0.0,0.10066666666666668,7.7175,6.0,1,20.549935458434167,,,0.0,0.0,0.0,0.0,47.76047952023995,optimal
2021-02-07 02:30:00,8,5,0.0,0.0,0.0,0.062,6.615,6.0,1,20.438713160419965,,,0.0,0.0,0.0,0.0,47.712719040719705,optimal
2021-02-07 03:00:00,8,5,0.0,0.0,0.0,0.062,6.174,6.0,1,20.324679197501172,,,0.0,0.0,0.0,0.0,47.66500632167899,optimal
2021-02-07 03:30:00,8,5,1.1428571428571428,0.0,0.0,0.062,3.906,6.0,1,20.21075028923797,,,4000.0,0.0,0.0,0.0,47.61734131535731,optimal
2021-02-07 04:00:00,8,5,1.1428571428571428,0.0,0.0,0.062,2.3415,6.0,1,20.396852228437346,,,4000.0,0.0,0.0,0.0,47.56972397404195,optimal
2021-02-07 04:30:00,8,5,1.1428571428571428,0.0,0.0,0.23213333333333333,2.205,6.0,1,20.581186768930376,,,4000.0,0.0,0.0,0.0,47.522154250067906,optimal
2021-02-07 05:00:00,8,5,1.1428571428571428,0.0,1.8162440974408642,0.062,0.882,6.0,1,20.776882385705186,,,4000.0,0.0,0.0,0.0,48.33734804210225,optimal
2021-02-07 05:30:00,8,5,1.1428571428571428,0.0,0.0,0.178,1.5435,6.0,1,20.958372117677776,,,4000.0,0.0,0.0,0.0,48.289010694060146,optimal
2021-02-07 06:00:00,8,5,1.1428571428571428,0.0,0.0,0.11613333333333334,1.5435,6.0,1,21.14719028042227,,,4000.0,0.0,0.0,0.0,48.240721683366075,optimal
2021-02-07 06:30:00,8,5,1.1428571428571428,0.0,0.0,0.07,5.0715,6.0,1,21.329961923262847,,,4000.0,0.0,0.0,0.0,48.192480961682705,optimal
2021-02-07 07:00:00,8,5,0.8733701937486841,0.0,0.0,0.23746666666666666,5.376,6.0,1,21.50693715612494,,,3056.7956781203943,0.0,0.0,0.0,48.144288480721016,optimal
2021-02-07 07:30:00,8,5,1.1428571428571428,0.0774074074074074,0.0,0.06066666666666666,5.0715,6.0,1,21.624319513842256,,,4000.0,0.0,0.0,69.66666666666666,48.096144192240295,optimal
2021-02-07 08:00:00,8,5,0.0,1.1611111111111108,0.0,0.30443333333333333,5.5125,6.0,1,21.80153821744883,,,0.0,0.0,0.0,1044.9999999999998,48.048048048048045,optimal
2021-02-07 08:30:00,8,5,0.0,0.387037037037037,0.0,0.2169333333333333,9.261,6.0,1,21.70878977491348,,,0.0,0.0,0.0,348.3333333333333,48.0,optimal
2021-02-07 09:00:00,8,5,0.0,0.0,0.0,0.15203333333333333,11.7075,6.0,1,21.6168855527921,,,0.0,0.0,0.0,0.0,47.64124314692425,optimal
2021-02-07 09:30:00,8,5,0.0,0.0,0.0,2.8076999999999996,12.348,6.0,1,21.514124712308256,,,0.0,0.0,0.0,0.0,47.28284505070158,optimal
2021-02-07 10:00:00,8,5,0.0,0.3096296296296296,0.0,2.5789666666666666,12.348,6.0,1,21.461685898677285,,,0.0,0.0,0.0,278.66666666666663,46.924805352575135,optimal
2021-02-07 10:30:00,8,5,0.0,0.0774074074074074,0.0,0.07933333333333333,12.1275,6.0,1,21.40300139948454,,,0.0,0.0,0.0,69.66666666666666,46.567123694146815,optimal
2021-02-07 11:00:00,8,5,0.0,0.0,0.0,0.24013333333333334,12.5265,6.0,1,21.29058796353558,,,0.0,0.0,0.0,0.0,46.209799717376924,optimal
2021-02-07 11:30:00,8,5,0.0,0.3096296296296296,0.0,0.07,11.7495,6.0,1,21.183155150109627,,,0.0,0.0,0.0,278.66666666666663,45.852833064583805,optimal
2021-02-07 12:00:00,8,5,0.0,0.23222222222222222,0.0,0.09309999999999999,13.23,6.0,1,21.059432100439043,,,0.0,0.0,0.0,209.0,45.496223378443474,optimal
2021-02-07 12:30:00,8,5,0.0,0.3096296296296296,0.0,0.27313333333333334,14.3325,6.0,1,20.93412146949929,,,0.0,0.0,0.0,278.66666666666663,45.13997030198929,optimal
2021-02-07 13:00:00,8,5,0.0,0.0,0.0,0.16683333333333333,14.994,6.0,1,20.82253227594163,,,0.0,0.0,0.0,0.0,44.78407347861155,optimal
2021-02-07 13:30:00,8,5,0.0,0.0,0.0,0.4228,14.8155,6.0,1,20.70037295462,,,0.0,0.0,0.0,0.0,44.4285325520572,optimal
2021-02-07 14:00:00,8,5,0.0,0.0,0.0,0.2253,14.112,6.0,1,20.597173462887685,,,0.0,0.0,0.0,0.0,44.0733471664294,optimal
2021-02-07 14:30:00,8,5,0.0,0.0,0.0,0.22019999999999998,14.007,6.0,1,20.486256532751074,,,0.0,0.0,0.0,0.0,43.718516966187224,optimal
2021-02-07 15:00:00,8,5,0.0,0.1548148148148148,0.0,0.43073333333333336,13.23,6.0,1,20.389906714073128,,,0.0,0.0,0.0,139.33333333333331,43.36404159614529,optimal
2021-02-07 15:30:00,8,5,0.0,0.6966666666666667,0.0,0.3965666666666667,11.382,6.0,1,20.326519806345534,,,0.0,0.0,0.0,627.0,43.009920701473405,optimal
2021-02-07 16:00:00,8,5,0.0,0.8514814814814814,0.0,0.6482666666666667,11.7495,6.0,1,20.269012278867322,,,0.0,0.0,0.0,766.3333333333333,42.65615392769619,optimal
2021-02-07 16:30:00,8,5,0.0,0.23222222222222222,0.0,0.5124,24.3285,6.0,1,20.231047128413376,,,0.0,0.0,0.0,209.0,42.30274092069275,optimal
2021-02-07 17:00:00,8,5,0.0,0.3096296296296296,0.0,2.4868,28.917,6.0,1,20.18542539019597,,,0.0,0.0,0.0,278.66666666666663,41.949681326696314,optimal
2021-02-07 17:30:00,8,5,0.0,1.0837037037037036,0.0,0.34806666666666664,31.3635,6.0,1,20.236087610663787,,,0.0,0.0,0.0,975.3333333333334,41.59697479229387,optimal
2021-02-07 18:00:00,8,5,0.0,0.3096296296296296,0.0,1.1425999999999998,33.306,6.0,1,20.1828140545389,,,0.0,0.0,0.0,278.66666666666663,41.244620964425835,optimal
2021-02-07 18:30:00,8,5,0.0,1.470740740740741,0.0,0.43673333333333336,31.3425,6.0,1,20.14017967739065,,,0.0,0.0,0.0,1323.6666666666667,40.89261949038566,optimal
2021-02-07 19:00:00,8,5,0.0,0.1548148148148148,0.0,0.2281,28.2555,6.0,1,20.101642650032634,,,0.0,0.0,0.0,139.33333333333331,40.54097001781953,optimal
2021-02-07 19:30:00,8,5,0.0,0.387037037037037,0.0,0.27313333333333334,15.6975,6.0,1,20.06018624204914,,,0.0,0.0,0.0,348.3333333333333,40.189672194725965,optimal
2021-02-07 20:00:00,8,5,0.0,0.0,0.0,0.6891666666666666,12.5475,6.0,1,20.023311282558797,,,0.0,0.0,0.0,0.0,39.83872566945549,optimal
2021-02-07 20:30:00,8,5,0.0,0.0,0.0,2.1063,12.0855,6.0,1,20.0,,,0.0,0.0,0.0,0.0,39.48813009071029,optimal
2021-02-07 21:00:00,8,5,0.0,0.0,0.0,0.17606666666666665,11.907,6.0,1,20.050222384606936,,,0.0,0.0,0.0,0.0,39.13788510754384,optimal
2021-02-07 21:30:00,8,5,0.0,0.23222222222222222,0.0,0.2931666666666667,12.5685,6.0,1,19.96452071296624,,,0.0,0.0,0.0,209.0,39.098747222436295,optimal
2021-02-07 22:00:00,8,5,0.0,0.0,0.0,0.36819999999999997,13.146,6.0,1,19.889548005544807,,,0.0,0.0,0.0,0.0,39.059648475213855,optimal
2021-02-07 22:30:00,8,5,0.0,1.7803703703703702,0.0,0.3797,10.584,6.0,1,19.825174022679676,,,0.0,0.0,0.0,1602.3333333333333,39.02058882673864,optimal
2021-02-07 23:00:00,8,5,0.0,0.0,0.0,0.4303333333333333,6.678,6.0,1,19.764689334300787,,,0.0,0.0,0.0,0.0,38.9815682379119,optimal
2021-02-07 23:30:00,8,5,0.0,0.0,0.0,0.4831666666666667,7.938,6.0,1,19.699362832061794,,,0.0,0.0,0.0,0.0,38.942586669673986,optimal
2021-02-08 00:00:00,8,5,1.1428571428571428,0.23222222222222222,2.7177227197490974,0.333,7.665,6.0,-3,19.699362832061794,,,4000.0,0.0,0.0,209.0,40.19456237488513,optimal
2021-02-08 00:30:00,8,5,1.1428571428571428,0.0,3.0,0.26816666666666666,6.7725,6.0,-3,19.901709743161828,,,4000.0,0.0,0.0,0.0,41.579367812510235,optimal
2021-02-08 01:00:00,8,5,1.1428571428571428,0.0,3.0,0.3639333333333333,5.5755,6.0,-3,20.096987738311366,,,4000.0,0.0,0.0,0.0,42.962788444697715,optimal
2021-02-08 01:30:00,8,5,1.1428571428571428,0.23222222222222222,3.0,0.38296666666666657,5.0925,6.0,-3,20.30511504310515,,,4000.0,0.0,0.0,209.0,44.34482565625301,optimal
2021-02-08 02:00:00,8,5,1.1428571428571428,0.46444444444444444,3.0,0.3663333333333333,4.1895,6.0,-3,20.517685544222967,,,4000.0,0.0,0.0,418.0,45.72548083059675,optimal
2021-02-08 02:30:00,8,5,1.1428571428571428,0.0,3.0,0.6590666666666667,7.056,6.0,-3,20.735749361823437,,,4000.0,0.0,0.0,0.0,47.104755349766144,optimal
2021-02-08 03:00:00,8,5,1.1428571428571428,0.0,3.0,0.48493333333333327,5.271,6.0,-3,20.976277141945495,,,4000.0,0.0,0.0,0.0,48.48265059441637,optimal
2021-02-08 03:30:00,8,5,1.1428571428571428,0.0774074074074074,0.0,0.2157333333333333,7.938,6.0,-3,21.20256033802614,,,4000.0,0.0,0.0,69.66666666666666,48.434167943821954,optimal
2021-02-08 04:00:00,8,5,1.1428571428571428,0.23222222222222222,0.0,0.22893333333333332,7.938,6.0,-3,21.40369484469288,,,4000.0,0.0,0.0,209.0,48.38573377587813,optimal
2021-02-08 04:30:00,8,5,0.0,0.0,0.0,0.15066666666666667,11.907,6.0,-3,21.60818160273336,,,0.0,0.0,0.0,0.0,48.33734804210225,optimal
2021-02-08 05:00:00,8,5,1.1428571428571428,0.0,0.0,0.176,11.025,6.0,-3,21.50500048164241,,,4000.0,0.0,0.0,0.0,48.289010694060146,optimal
2021-02-08 05:30:00,8,5,0.2997401597098053,0.46444444444444444,0.0,0.19440000000000002,11.2875,6.0,-3,21.703092928610637,,,1049.0905589843185,0.0,0.0,418.0,48.240721683366075,optimal
2021-02-08 06:00:00,8,5,0.0,0.5062444444444444,0.0,0.37160000000000004,12.936,6.0,-3,21.676123610393997,,,0.0,0.0,0.0,455.62,48.192480961682705,optimal
2021-02-08 06:30:00,8,5,0.0,0.345237037037037,0.0,0.1562666666666667,13.0095,6.0,-3,21.5782707826071,,,0.0,0.0,0.0,310.7133333333333,48.144288480721016,optimal
2021-02-08 07:00:00,8,5,0.0,0.23222222222222222,0.0,0.3556666666666667,13.671,6.0,-3,21.459869915131723,,,0.0,0.0,0.0,209.0,48.096144192240295,optimal
2021-02-08 07:30:00,8,5,0.0,0.9288888888888889,0.0,0.29296666666666665,13.188,6.0,-3,21.35451734246952,,,0.0,0.0,0.0,836.0,48.048048048048045,optimal
2021-02-08 08:00:00,8,5,0.0,0.387037037037037,0.0,0.3699333333333333,13.8495,6.0,-3,21.25128611359291,,,0.0,0.0,0.0,348.3333333333333,48.0,optimal
2021-02-08 08:30:00,8,5,0.0,1.9351851851851851,0.0,0.2826666666666667,13.23,6.0,-3,21.15531514443171,,,0.0,0.0,0.0,1741.6666666666667,47.44198967880754,optimal
2021-02-08 09:00:00,8,5,0.0,0.0,0.0,0.9946,13.3665,6.0,-3,21.038599973983874,,,0.0,0.0,0.0,0.0,46.88453736793627,optimal
2021-02-08 09:30:00,8,5,0.0,0.0,0.0,1.1801666666666668,13.0515,6.0,-3,20.935203214217815,,,0.0,0.0,0.0,0.0,46.32764250937587,optimal
2021-02-08 10:00:00,8,5,0.0,0.0,0.0,0.22366666666666662,13.5345,6.0,-3,20.81492787935018,,,0.0,0.0,0.0,0.0,45.771304545674035,optimal
2021-02-08 10:30:00,8,5,0.0,0.0,0.0,0.1885,14.154,6.0,-3,20.67652637747956,,,0.0,0.0,0.0,0.0,45.2155229199359,optimal
2021-02-08 11:00:00,8,5,0.0,0.0,0.0,0.40673333333333334,14.112,6.0,-3,20.534344073205283,,,0.0,0.0,0.0,0.0,44.6602970758235,optimal
2021-02-08 11:30:00,8,5,0.0,0.0,0.0,0.11363333333333334,14.2485,6.0,-3,20.40477381732468,,,0.0,0.0,0.0,0.0,44.10562645755522,optimal
2021-02-08 12:00:00,8,5,0.0,0.0,0.0,0.16183333333333333,12.789,6.0,-3,20.26175423533428,,,0.0,0.0,0.0,0.0,43.5515105099052,optimal
2021-02-08 12:30:00,8,5,0.0,0.0,0.0,0.24713333333333332,13.0095,6.0,-3,20.126428058372504,,,0.0,0.0,0.0,0.0,42.99794867820283,optimal
2021-02-08 13:00:00,8,5,1.1428571428571428,0.0,0.0,0.187,12.1275,6.0,-3,20.0,,,4000.0,0.0,0.0,0.0,42.444940408332165,optimal
2021-02-08 13:30:00,8,5,0.7807803487694511,0.0,0.0,0.11366666666666668,12.348,6.0,-3,20.171064520357593,,,2732.731220693079,0.0,0.0,0.0,41.892485146731374,optimal
2021-02-08 14:00:00,8,5,1.1428571428571428,0.0,0.0,0.22693333333333332,12.348,6.0,-3,20.24120196101923,,,4000.0,0.0,0.0,0.0,41.34058234039218,optimal
2021-02-08 14:30:00,8,5,0.0,0.23222222222222222,0.0,0.201,25.389,6.0,-3,20.414948584570535,,,0.0,0.0,0.0,209.0,40.78923143685933,optimal
2021-02-08 15:00:00,8,5,0.0,0.0,0.0,1.6840666666666666,29.1375,6.0,-3,20.29968006088893,,,0.0,0.0,0.0,0.0,40.23843188423001,optimal
2021-02-08 15:30:00,8,5,0.0,0.0774074074074074,0.0,0.23683333333333328,30.597,6.0,-3,20.265433058966128,,,0.0,0.0,0.0,69.66666666666666,39.68818313115332,optimal
2021-02-08 16:00:00,8,5,0.0,0.1548148148148148,0.0,0.6109333333333333,33.684,6.0,-3,20.15972146140981,,,0.0,0.0,0.0,139.33333333333331,39.13848462682971,optimal
2021-02-08 16:30:00,8,5,0.0,0.0774074074074074,0.0,2.090466666666667,32.445,6.0,-3,20.093893108410747,,,0.0,0.0,0.0,69.66666666666666,38.589335821010415,optimal
2021-02-08 17:00:00,8,5,0.0,0.3096296296296296,0.0,1.9727000000000001,28.917,6.0,-3,20.08593123958312,,,0.0,0.0,0.0,278.66666666666663,38.04073616399695,optimal
2021-02-08 17:30:00,8,5,0.0,0.23222222222222222,0.0,0.4560666666666667,15.876,6.0,-3,20.05632386567247,,,0.0,0.0,0.0,209.0,37.49268510664049,optimal
2021-02-08 18:00:00,8,5,0.08879877706194954,0.6192592592592592,0.0,1.953,12.348,6.0,-3,20.0,,,310.7957197168234,0.0,0.0,557.3333333333333,36.945182100341384,optimal
2021-02-08 18:30:00,8,5,0.5387082385764761,1.006296296296296,0.0,0.2072,12.1275,6.0,-3,20.0,,,1885.4788350176664,0.0,0.0,905.6666666666665,36.398226597048584,optimal
2021-02-08 19:00:00,8,5,0.0,0.0,0.0,0.4112,12.348,6.0,-3,20.058036339702706,,,0.0,0.0,0.0,0.0,35.85181804925907,optimal
2021-02-08 19:30:00,8,5,0.18222866892011297,0.0,0.0,0.5837333333333333,12.1275,6.0,-3,20.0,,,637.8003412203954,0.0,0.0,0.0,35.30595591001735,optimal
2021-02-08 20:00:00,8,5,0.27178882068505683,0.1548148148148148,0.0,0.40126666666666666,12.1275,6.0,-3,20.0,,,951.2608723976989,0.0,0.0,139.33333333333331,34.760639632914874,optimal
2021-02-08 20:30:00,8,5,0.0,0.23222222222222222,0.0,0.6472,11.2665,6.0,-3,20.0,,,0.0,0.0,0.0,209.0,34.2158686720895,optimal
2021-02-08 21:00:00,8,5,0.0,0.0,0.0,0.5197333333333334,10.143,6.0,-3,19.945307484254993,,,0.0,0.0,0.0,0.0,33.67164248222495,optimal
2021-02-08 21:30:00,8,5,0.0,0.0,0.0,0.6870666666666667,11.2455,6.0,-3,19.88220287400577,,,0.0,0.0,0.0,0.0,33.63797083974272,optimal
2021-02-08 22:00:00,8,5,0.0,0.23222222222222222,0.0,0.7016,11.025,6.0,-3,19.838104987315837,,,0.0,0.0,0.0,209.0,33.60433286890298,optimal
2021-02-08 22:30:00,8,5,0.0,0.23222222222222222,0.0,0.9914,5.9745,6.0,-3,19.790232880246965,,,0.0,0.0,0.0,209.0,33.570728536034075,optimal
2021-02-08 23:00:00,8,5,0.0,1.7803703703703702,0.0,0.38089999999999996,7.938,6.0,-3,19.76393507576287,,,0.0,0.0,0.0,1602.3333333333333,33.53715780749804,optimal
2021-02-08 23:30:00,8,5,0.0,1.7803703703703702,0.0,0.34046666666666664,8.6835,6.0,-3,19.693475581163888,,,0.0,0.0,0.0,1602.3333333333333,33.50362064969054,optimal
2021-02-09 00:00:00,8,5,1.1428571428571428,0.0,3.0,0.06533333333333333,10.584,6.0,0,19.693475581163888,,,4000.0,0.0,0.0,0.0,34.89511702904085,optimal
2021-02-09 00:30:00,8,5,1.1428571428571428,0.0,3.0,0.1285,11.2455,6.0,0,19.86958610221264,,,4000.0,0.0,0.0,0.0,36.28522191201181,optimal
2021-02-09 01:00:00,8,5,0.26701099613545953,0.0,0.0,0.1725,12.1275,6.0,0,20.04935820865793,,,934.5384864741085,0.0,0.0,0.0,36.2489366900998,optimal
2021-02-09 01:30:00,8,5,1.1428571428571428,0.0,1.9275838167149275,0.2322333333333333,11.823,6.0,0,20.00173766777155,,,4000.0,0.0,0.0,0.0,37.12829006634928,optimal
2021-02-09 02:00:00,8,5,1.1428571428571428,0.0,3.0,0.1305,11.7705,6.0,0,20.187764847497018,,,4000.0,0.0,0.0,0.0,38.51616177628293,optimal
2021-02-09 02:30:00,8,5,1.1428571428571428,0.0,3.0,0.269,11.13,6.0,0,20.36403228764622,,,4000.0,0.0,0.0,0.0,39.90264561450663,optimal
2021-02-09 03:00:00,8,5,1.1428571428571428,0.0,3.0,0.1849333333333333,11.6865,6.0,0,20.54972652015697,,,4000.0,0.0,0.0,0.0,41.28774296889212,optimal
2021-02-09 03:30:00,8,5,1.1428571428571428,0.0,3.0,0.15406666666666666,10.7205,6.0,0,20.728109389692243,,,4000.0,0.0,0.0,0.0,42.67145522592322,optimal
2021-02-09 04:00:00,8,5,1.1428571428571428,0.0,3.0,0.22606666666666664,11.424,6.0,0,20.90359395993501,,,4000.0,0.0,0.0,0.0,44.053783770697294,optimal
2021-02-09 04:30:00,8,5,1.1428571428571428,0.0,3.0,0.16813333333333333,10.689,6.0,0,21.08390541325511,,,4000.0,0.0,0.0,0.0,45.43472998692659,optimal
2021-02-09 05:00:00,8,5,1.1428571428571428,0.3096296296296296,3.0,0.2531333333333333,11.361,6.0,0,21.257780011061893,,,4000.0,0.0,0.0,278.66666666666663,46.81429525693965,optimal
2021-02-09 05:30:00,8,5,1.1428571428571428,0.0,3.0,0.101,11.571,6.0,0,21.440238560071194,,,4000.0,0.0,0.0,0.0,48.192480961682705,optimal
2021-02-09 06:00:00,8,5,0.0,0.0,0.0,0.21513333333333332,14.3745,6.0,0,21.605669678733527,,,0.0,0.0,0.0,0.0,48.144288480721016,optimal
2021-02-09 06:30:00,8,5,0.0,0.0,0.0,0.1814,13.23,6.0,0,21.478857355755977,,,0.0,0.0,0.0,0.0,48.096144192240295,optimal
2021-02-09 07:00:00,8,5,0.0,0.3096296296296296,0.0,0.16493333333333335,13.9755,6.0,0,21.35009380584525,,,0.0,0.0,0.0,278.66666666666663,48.048048048048045,optimal
2021-02-09 07:30:00,8,5,0.0,5.573333333333333,0.0,0.1886,14.994,6.0,0,21.229198980412136,,,0.0,0.0,0.0,5016.0,48.0,optimal
2021-02-09 08:00:00,8,5,0.0,0.3096296296296296,0.0,0.26193333333333335,13.671,6.0,0,21.13986363357525,,,0.0,0.0,0.0,278.66666666666663,47.88743530101354,optimal
2021-02-09 08:30:00,8,5,0.0,0.3096296296296296,0.0,0.2046,15.981,6.0,0,21.065176441639025,,,0.0,0.0,0.0,278.66666666666663,47.77498316672607,optimal
2021-02-09 09:00:00,8,5,0.0,0.0774074074074074,0.0,0.49789999999999995,15.6345,6.0,0,20.96805724102477,,,0.0,0.0,0.0,69.66666666666666,47.66264348457288,optimal
2021-02-09 09:30:00,8,5,0.0,0.0,0.0,0.3377,16.5375,6.0,0,20.883095010525764,,,0.0,0.0,0.0,0.0,47.55041614210185,optimal
2021-02-09 10:00:00,8,5,0.0,0.0,0.0,0.2292,14.7735,6.0,0,20.783176169796107,,,0.0,0.0,0.0,0.0,47.43830102697329,optimal
2021-02-09 10:30:00,8,5,0.0,0.0,0.0,0.26973333333333327,15.2145,6.0,0,20.65773115137946,,,0.0,0.0,0.0,0.0,47.32629802695986,optimal
2021-02-09 11:00:00,8,5,0.0,0.0,0.0,0.069,14.553,6.0,0,20.529594841210358,,,0.0,0.0,0.0,0.0,47.21440702994644,optimal
2021-02-09 11:30:00,8,5,0.0,0.0,0.0,0.20980000000000001,14.3325,6.0,0,20.38925663640239,,,0.0,0.0,0.0,0.0,47.10262792393004,optimal
2021-02-09 12:00:00,8,5,0.0,0.0,0.0,0.1428,14.595,6.0,0,20.260887495373343,,,0.0,0.0,0.0,0.0,46.99096059701965,optimal
2021-02-09 12:30:00,8,5,0.0,0.0,0.0,0.17753333333333332,14.994,6.0,0,20.128836083548148,,,0.0,0.0,0.0,0.0,46.87940493743617,optimal
2021-02-09 13:00:00,8,5,0.39822899389438676,0.0774074074074074,0.0,0.3492333333333333,14.3325,6.0,0,20.0,,,1393.8014786303536,0.0,0.0,69.66666666666666,46.76796083351228,optimal
2021-02-09 13:30:00,8,5,0.4288950762287342,0.0774074074074074,0.0,0.2469,13.8915,6.0,0,20.0,,,1501.1327668005697,0.0,0.0,69.66666666666666,46.656628173692305,optimal
2021-02-09 14:00:00,8,5,0.6286845774612781,0.0,0.0,0.20916666666666664,13.8915,6.0,0,20.0,,,2200.3960211144736,0.0,0.0,0.0,46.54540684653215,optimal
2021-02-09 14:30:00,8,5,1.1428571428571428,0.0,0.0,0.17883333333333334,13.4715,6.0,0,20.045496896959087,,,4000.0,0.0,0.0,0.0,46.43429674069916,optimal
2021-02-09 15:00:00,8,5,1.1428571428571428,0.0,0.0,0.1458,13.23,6.0,0,20.215437166694084,,,4000.0,0.0,0.0,0.0,46.323297744972,optimal
2021-02-09 15:30:00,8,5,1.1428571428571428,0.1548148148148148,0.0,0.2263,13.8915,6.0,0,20.381257212148913,,,4000.0,0.0,0.0,139.33333333333331,46.212409748240574,optimal
2021-02-09 16:00:00,8,5,0.0,0.3096296296296296,0.0,0.39226666666666665,26.9325,6.0,0,20.589558124459547,,,0.0,0.0,0.0,278.66666666666663,46.10163263950587,optimal
2021-02-09 16:30:00,8,5,0.0,0.1548148148148148,0.0,0.32180000000000003,30.303,6.0,0,20.50516986247858,,,0.0,0.0,0.0,139.33333333333331,45.99096630787991,optimal
2021-02-09 17:00:00,8,5,0.0,0.0774074074074074,0.0,0.10993333333333334,32.886,6.0,0,20.420317753616406,,,0.0,0.0,0.0,69.66666666666666,45.88041064258557,optimal
2021-02-09 17:30:00,8,5,0.0,0.0,0.0,0.3815,34.9965,6.0,0,20.324815492680177,,,0.0,0.0,0.0,0.0,45.76996553295652,optimal
2021-02-09 18:00:00,8,5,0.0,0.0,0.0,0.3307,33.327,6.0,0,20.238370974882717,,,0.0,0.0,0.0,0.0,45.659630868437105,optimal
2021-02-09 18:30:00,8,5,0.0,0.0774074074074074,0.0,0.357,31.122,6.0,0,20.1613881890393,,,0.0,0.0,0.0,69.66666666666666,45.54940653858221,optimal
2021-02-09 19:00:00,8,5,0.0,2.39962962962963,0.0,0.4062,17.9025,6.0,0,20.087687479179603,,,0.0,0.0,0.0,2159.6666666666665,45.43929243305717,optimal
2021-02-09 19:30:00,8,5,0.0,0.23222222222222222,0.0,0.6858333333333334,15.6555,6.0,0,20.02320287086454,,,0.0,0.0,0.0,209.0,45.32928844163765,optimal
2021-02-09 20:00:00,8,5,0.08763275924634725,2.8640740740740736,0.0,0.6349666666666667,14.553,6.0,0,20.0,,,306.71465736221535,0.0,0.0,2577.666666666666,45.21939445420956,optimal
2021-02-09 20:30:00,8,5,0.0,0.5418518518518518,0.0,0.7618666666666667,14.3325,6.0,0,20.0,,,0.0,0.0,0.0,487.6666666666667,45.10961036076889,optimal
2021-02-09 21:00:00,8,5,0.0,0.0,0.0,0.5898666666666667,13.335,6.0,0,19.98286481755192,,,0.0,0.0,0.0,0.0,44.99993605142166,optimal
2021-02-09 21:30:00,8,5,0.0,2.4770370370370367,0.0,0.6635333333333333,12.1275,6.0,0,19.94161943804997,,,0.0,0.0,0.0,2229.333333333333,44.890371416383786,optimal
2021-02-09 22:00:00,8,5,0.0,0.0,0.0,0.6403666666666666,12.2955,6.0,0,19.896789243742806,,,0.0,0.0,0.0,0.0,44.8454810449674,optimal
2021-02-09 22:30:00,8,5,0.0,0.0,0.0,0.5197999999999999,11.6865,6.0,0,19.864165009003994,,,0.0,0.0,0.0,0.0,44.800635563922434,optimal
2021-02-09 23:00:00,8,5,0.0,0.0,0.0,0.4559333333333333,11.466,6.0,0,19.835961095985148,,,0.0,0.0,0.0,0.0,44.75583492835851,optimal
2021-02-09 23:30:00,8,5,0.0,0.387037037037037,0.0,0.5301666666666667,10.8045,6.0,0,19.798092916524393,,,0.0,0.0,0.0,348.3333333333333,44.71107909343015,optimal
2021-02-10 00:00:00,8,5,1.1428571428571428,0.0,0.0,0.1466,11.508,6.0,-2,19.798092916524393,,,4000.0,0.0,0.0,0.0,44.66636801433672,optimal
2021-02-10 00:30:00,8,5,1.1428571428571428,0.0,0.0,0.11120000000000001,11.508,6.0,-2,19.978333569190983,,,4000.0,0.0,0.0,0.0,44.62170164632238,optimal
2021-02-10 01:00:00,8,5,1.1428571428571428,0.0,0.0,0.10529999999999999,11.844,6.0,-2,20.153825374251504,,,4000.0,0.0,0.0,0.0,44.57707994467606,optimal
2021-02-10 01:30:00,8,5,1.1428571428571428,0.0,0.0,0.1525,11.508,6.0,-2,20.326813078517663,,,4000.0,0.0,0.0,0.0,44.532502864731384,optimal
2021-02-10 02:00:00,8,5,1.1428571428571428,0.0,0.0,0.064,11.508,6.0,-2,20.501291983723757,,,4000.0,0.0,0.0,0.0,44.48797036186665,optimal
2021-02-10 02:30:00,8,5,1.1428571428571428,0.0,3.0,0.064,10.4475,6.0,-2,20.667088615614567,,,4000.0,0.0,0.0,0.0,45.868482391504784,optimal
2021-02-10 03:00:00,8,5,1.1428571428571428,0.0,2.291174119079044,0.0994,10.8675,6.0,-2,20.831644136340795,,,4000.0,0.0,0.0,0.0,46.910921615675825,optimal
2021-02-10 03:30:00,8,5,1.1428571428571428,0.0,3.0,0.1584,10.542,6.0,-2,20.997618874327372,,,4000.0,0.0,0.0,0.0,48.289010694060146,optimal
2021-02-10 04:00:00,8,5,1.1428571428571428,0.0,0.0,0.064,11.025,6.0,-2,21.166769564199893,,,4000.0,0.0,0.0,0.0,48.240721683366075,optimal
2021-02-10 04:30:00,8,5,1.1428571428571428,0.0,0.0,0.1938,11.025,6.0,-2,21.32758460119647,,,4000.0,0.0,0.0,0.0,48.192480961682705,optimal
2021-02-10 05:00:00,8,5,1.1428571428571428,0.0,0.0,0.064,14.553,6.0,-2,21.49616771543565,,,4000.0,0.0,0.0,0.0,48.144288480721016,optimal
2021-02-10 05:30:00,8,5,1.1428571428571428,0.0,0.0,0.1466,13.0935,6.0,-2,21.653019813327163,,,4000.0,0.0,0.0,0.0,48.096144192240295,optimal
2021-02-10 06:00:00,8,5,0.0,0.0,0.0,0.11120000000000001,15.6345,6.0,-2,21.814134936963686,,,0.0,0.0,0.0,0.0,48.048048048048045,optimal
2021-02-10 06:30:00,8,5,0.0,0.23222222222222222,0.0,0.10413333333333334,18.102,6.0,-2,21.67109208979832,,,0.0,0.0,0.0,209.0,48.0,optimal
2021-02-10 07:00:00,8,5,0.0,0.1548148148148148,0.0,0.4313,17.199,6.0,-2,21.536079010404798,,,0.0,0.0,0.0,139.33333333333331,47.865061520754594,optimal
2021-02-10 07:30:00,8,5,0.0,0.5418518518518518,0.0,0.36010000000000003,18.2805,6.0,-2,21.43436523255489,,,0.0,0.0,0.0,487.6666666666667,47.73025797998844,optimal
2021-02-10 08:00:00,8,5,0.0,0.8514814814814814,0.0,0.38403333333333334,17.4615,6.0,-2,21.339663669005834,,,0.0,0.0,0.0,766.3333333333333,47.59558924276305,optimal
2021-02-10 08:30:00,8,5,0.0,0.0,0.0,0.44010000000000005,18.3225,6.0,-2,21.239288210349727,,,0.0,0.0,0.0,0.0,47.46105517427488,optimal
2021-02-10 09:00:00,8,5,0.0,0.0,0.0,0.2327333333333333,17.094,6.0,-2,21.138158273793774,,,0.0,0.0,0.0,0.0,47.326655639855204,optimal
2021-02-10 09:30:00,8,5,0.0,0.46444444444444444,0.0,0.4127,17.094,6.0,-2,21.04230550511808,,,0.0,0.0,0.0,418.0,47.19239050496994,optimal
2021-02-10 10:00:00,8,5,0.0,0.387037037037037,0.0,0.4113,17.094,6.0,-2,20.95242929210383,,,0.0,0.0,0.0,348.3333333333333,47.05825963521957,optimal
2021-02-10 10:30:00,8,5,0.0,0.0,0.0,0.3440666666666667,17.3565,6.0,-2,20.85762862850837,,,0.0,0.0,0.0,0.0,46.924262896338945,optimal
2021-02-10 11:00:00,8,5,0.0,0.3096296296296296,0.0,1.8935,17.115,6.0,-2,20.751837145677136,,,0.0,0.0,0.0,278.66666666666663,46.7904001541972,optimal
2021-02-10 11:30:00,8,5,0.0,0.1548148148148148,0.0,0.7842,17.241,6.0,-2,20.653458489999178,,,0.0,0.0,0.0,139.33333333333331,46.6566712747976,optimal
2021-02-10 12:00:00,8,5,0.0,0.0774074074074074,0.0,0.27803333333333335,17.094,6.0,-2,20.54233111977044,,,0.0,0.0,0.0,69.66666666666666,46.5230761242774,optimal
2021-02-10 12:30:00,8,5,1.1428571428571428,0.0,0.0,0.182,16.5165,6.0,-2,20.42214635053601,,,4000.0,0.0,0.0,0.0,46.38961456890772,optimal
2021-02-10 13:00:00,8,5,0.0,0.0,0.0,0.064,17.8185,6.0,-2,20.58748336025769,,,0.0,0.0,0.0,0.0,46.256286475093404,optimal
2021-02-10 13:30:00,8,5,1.0484374920437316,0.0,0.0,0.1525,17.094,6.0,-2,20.44319361375327,,,3669.5312221530608,0.0,0.0,0.0,46.12309170937291,optimal
2021-02-10 14:00:00,8,5,1.1428571428571428,0.0,0.0,0.30086666666666667,16.8945,6.0,-2,20.582912848711757,,,4000.0,0.0,0.0,0.0,45.99003013841813,optimal
2021-02-10 14:30:00,8,5,0.0,0.0,0.0,0.062,18.123,6.0,-2,20.76628142410922,,,0.0,0.0,0.0,0.0,45.857101629034304,optimal
2021-02-10 15:00:00,8,5,0.0,0.0,0.0,0.1733,31.647,6.0,-2,20.637302129854433,,,0.0,0.0,0.0,0.0,45.72430604815987,optimal
2021-02-10 15:30:00,8,5,0.0,0.0,0.0,0.1407,34.9965,6.0,-2,20.51158240840426,,,0.0,0.0,0.0,0.0,45.591643262866306,optimal
2021-02-10 16:00:00,8,5,0.0,0.3096296296296296,0.0,0.7147666666666667,34.9965,6.0,-2,20.375101895713442,,,0.0,0.0,0.0,278.66666666666663,45.459113140358035,optimal
2021-02-10 16:30:00,8,5,0.0,0.0,0.0,1.8973,34.9965,6.0,-2,20.27106044187195,,,0.0,0.0,0.0,0.0,45.32671554797227,optimal
2021-02-10 17:00:00,8,5,0.0,0.1548148148148148,0.0,0.217,34.9965,6.0,-2,20.19010508904506,,,0.0,0.0,0.0,139.33333333333331,45.194450353178894,optimal
2021-02-10 17:30:00,8,5,0.0,0.1548148148148148,0.0,0.5973333333333334,34.9965,6.0,-2,20.084817376349317,,,0.0,0.0,0.0,139.33333333333331,45.06231742358031,optimal
2021-02-10 18:00:00,8,5,0.0,0.46444444444444444,0.0,4.781766666666666,27.741,6.0,-2,20.0077421789605,,,0.0,0.0,0.0,418.0,44.93031662691133,optimal
2021-02-10 18:30:00,8,5,0.0,0.5418518518518518,0.0,3.638433333333333,19.026,6.0,-2,20.022046078918642,,,0.0,0.0,0.0,487.6666666666667,44.79844783103901,optimal
2021-02-10 19:00:00,8,5,0.0,0.23222222222222222,0.0,3.8606333333333334,18.7215,6.0,-2,20.010547534691703,,,0.0,0.0,0.0,209.0,44.66671090396257,optimal
2021-02-10 19:30:00,8,5,0.17755412513086,0.0,0.0,3.6369666666666656,17.4195,6.0,-2,20.0,,,621.43943795801,0.0,0.0,0.0,44.5351057138132,optimal
2021-02-10 20:00:00,8,5,0.24350358442163428,0.0774074074074074,0.0,1.1337666666666668,16.758,6.0,-2,20.0,,,852.26254547572,0.0,0.0,69.66666666666666,44.49057060809939,optimal
2021-02-10 20:30:00,8,5,0.0,0.1548148148148148,0.0,2.6325333333333334,14.217,6.0,-2,20.0,,,0.0,0.0,0.0,139.33333333333331,44.44608003749129,optimal
2021-02-10 21:00:00,8,5,0.0,0.0,0.0,2.1541666666666663,13.3665,6.0,-2,19.953129015401345,,,0.0,0.0,0.0,0.0,44.401633957453804,optimal
2021-02-10 21:30:00,8,5,0.0,0.3096296296296296,0.0,1.840266666666667,12.789,6.0,-2,19.90509680833818,,,0.0,0.0,0.0,278.66666666666663,44.35723232349635,optimal
2021-02-10 22:00:00,8,5,0.0,0.0774074074074074,0.0,1.6691333333333334,11.907,6.0,-2,19.834055283213686,,,0.0,0.0,0.0,69.66666666666666,44.31287509117285,optimal
2021-02-10 22:30:00,8,5,0.0,0.0,0.0,0.33793333333333336,11.7075,6.0,-2,19.75364230630226,,,0.0,0.0,0.0,0.0,44.268562216081676,optimal
2021-02-10 23:00:00,8,5,0.0,0.0,0.0,0.1802,10.8045,6.0,-2,19.64633339537281,,,0.0,0.0,0.0,0.0,44.224293653865594,optimal
2021-02-10 23:30:00,8,5,0.0,0.0,0.0,0.074,11.508,6.0,-2,19.497736447719515,,,0.0,0.0,0.0,0.0,44.180069360211725,optimal
2021-02-11 00:00:00,8,5,1.1428571428571428,0.0,0.0,0.063,11.6865,6.0,-2,19.497736447719515,,,4000.0,0.0,0.0,0.0,44.135889290851516,optimal
2021-02-11 00:30:00,8,5,1.1428571428571428,0.0,0.0,0.063,11.2245,6.0,-2,19.64316096609931,,,4000.0,0.0,0.0,0.0,44.091753401560666,optimal
2021-02-11 01:00:00,8,5,1.1428571428571428,0.0,0.0,0.063,11.025,6.0,-2,19.788245448157106,,,4000.0,0.0,0.0,0.0,44.04766164815911,optimal
2021-02-11 01:30:00,8,5,1.1428571428571428,0.0,3.0,0.2104,10.7835,6.0,-2,19.932992439317815,,,4000.0,0.0,0.0,0.0,45.428613986510946,optimal
2021-02-11 02:00:00,8,5,1.1428571428571428,0.0,0.0,0.063,11.025,6.0,-2,20.087694393499216,,,4000.0,0.0,0.0,0.0,45.38318537252444,optimal
2021-02-11 02:30:00,8,5,1.1428571428571428,0.0,3.0,0.13,10.584,6.0,-2,20.230199786473953,,,4000.0,0.0,0.0,0.0,46.76280218715191,optimal
2021-02-11 03:00:00,8,5,1.1428571428571428,0.0,0.512143083130414,0.1434,11.025,6.0,-2,20.375907347017023,,,4000.0,0.0,0.0,0.0,46.959307349451706,optimal
2021-02-11 03:30:00,8,5,1.1428571428571428,0.0,3.0,0.0831,10.4265,6.0,-2,20.520779103808366,,,4000.0,0.0,0.0,0.0,48.33734804210225,optimal
2021-02-11 04:00:00,8,5,1.1428571428571428,0.0,0.0,0.19030000000000002,12.789,6.0,-2,20.661922072927513,,,4000.0,0.0,0.0,0.0,48.289010694060146,optimal
2021-02-11 04:30:00,8,5,1.1428571428571428,0.0,0.0,0.063,12.684,6.0,-2,20.81190791935294,,,4000.0,0.0,0.0,0.0,48.240721683366075,optimal
2021-02-11 05:00:00,8,5,1.1428571428571428,0.0,0.0,0.2037,16.254,6.0,-2,20.951237758415033,,,4000.0,0.0,0.0,0.0,48.192480961682705,optimal
2021-02-11 05:30:00,8,5,0.8976785633527165,0.0,0.0,0.0697,17.64,6.0,-2,21.100061361823244,,,3141.8749717345077,0.0,0.0,0.0,48.144288480721016,optimal
2021-02-11 06:00:00,8,5,0.0,0.0,0.0,0.06566666666666666,19.1625,6.0,-2,21.17534401430373,,,0.0,0.0,0.0,0.0,48.096144192240295,optimal
2021-02-11 06:30:00,8,5,0.0,0.23222222222222222,0.0,0.41076666666666667,26.46,6.0,-2,21.01614384380437,,,0.0,0.0,0.0,209.0,48.048048048048045,optimal
2021-02-11 07:00:00,8,5,0.0,0.5418518518518518,0.0,0.07826666666666666,20.79,6.0,-2,20.891791835532516,,,0.0,0.0,0.0,487.6666666666667,48.0,optimal
2021-02-11 07:30:00,8,5,0.0,0.46444444444444444,0.0,0.107,29.106,6.0,-2,20.74992250013571,,,0.0,0.0,0.0,418.0,47.57271137541096,optimal
2021-02-11 08:00:00,8,5,0.0,0.23222222222222222,0.0,0.2397333333333333,19.1835,6.0,-2,20.613401103170673,,,0.0,0.0,0.0,209.0,47.145850039446515,optimal
2021-02-11 08:30:00,8,5,0.0,0.0,0.0,0.07266666666666667,19.6665,6.0,-2,20.483710335714413,,,0.0,0.0,0.0,0.0,46.71941556481803,optimal
2021-02-11 09:00:00,8,5,0.0,0.0,0.0,0.2204,19.404,6.0,-2,20.314184348655417,,,0.0,0.0,0.0,0.0,46.293407524664175,optimal
2021-02-11 09:30:00,8,5,0.0,0.0,0.0,0.06633333333333333,19.047,6.0,-2,20.155843035118167,,,0.0,0.0,0.0,0.0,45.86782549255047,optimal
2021-02-11 10:00:00,8,5,1.0651319798500958,0.0,0.0,0.15680000000000002,18.858,6.0,-2,20.0,,,3727.961929475335,0.0,0.0,0.0,45.442669042468886,optimal
2021-02-11 10:30:00,8,5,0.0,0.0,0.0,0.1166,19.2675,6.0,-2,20.143879438402244,,,0.0,0.0,0.0,0.0,45.01793774883738,optimal
2021-02-11 11:00:00,8,5,0.5753580101262661,0.0,0.0,0.0697,18.963,6.0,-2,20.0,,,2013.7530354419312,0.0,0.0,0.0,44.59363118649951,optimal
2021-02-11 11:30:00,8,5,1.0541159529183213,0.0,0.0,0.2037,18.438,6.0,-2,20.0,,,3689.405835214124,0.0,0.0,0.0,44.16974893072397,optimal
2021-02-11 12:00:00,8,5,0.0,0.0,0.0,0.063,18.7425,6.0,-2,20.14113571908004,,,0.0,0.0,0.0,0.0,43.746290557204205,optimal
2021-02-11 12:30:00,8,5,1.1428571428571428,0.0,0.0,0.28563333333333335,15.2145,6.0,-2,20.0,,,4000.0,0.0,0.0,0.0,43.323255642057966,optimal
2021-02-11 13:00:00,8,5,0.0,0.0,0.0,0.3887333333333334,17.7765,6.0,-2,20.19923415825104,,,0.0,0.0,0.0,0.0,42.90064376182687,optimal
2021-02-11 13:30:00,8,5,0.0,0.23222222222222222,0.0,0.20166666666666663,16.758,6.0,-2,20.152797352101505,,,0.0,0.0,0.0,209.0,42.47845449347601,optimal
2021-02-11 14:00:00,8,5,1.1428571428571428,0.6966666666666667,0.0,1.9450333333333334,16.422,6.0,-2,20.09517009790386,,,4000.0,0.0,0.0,627.0,42.056687414393494,optimal
2021-02-11 14:30:00,8,5,0.783013755390313,0.0,0.0,0.4304333333333333,16.758,6.0,-2,20.360881306581934,,,2740.5481438660954,0.0,0.0,0.0,41.63534210239006,optimal
2021-02-11 15:00:00,8,5,0.0,0.0,0.0,1.3756,29.358,6.0,-2,20.5032445355391,,,0.0,0.0,0.0,0.0,41.21441813569864,optimal
2021-02-11 15:30:00,8,5,0.0,0.3096296296296296,0.0,2.101766666666667,34.9965,6.0,-2,20.473556331183122,,,0.0,0.0,0.0,278.66666666666663,40.7939150929739,optimal
2021-02-11 16:00:00,8,5,0.0,0.0,0.0,0.9443333333333334,34.65,6.0,-2,20.490420148983787,,,0.0,0.0,0.0,0.0,40.373832553291884,optimal
2021-02-11 16:30:00,8,5,0.0,0.0,0.0,0.4811,34.9965,6.0,-2,20.43062638288146,,,0.0,0.0,0.0,0.0,39.954170096149554,optimal
2021-02-11 17:00:00,8,5,0.0,0.3096296296296296,0.0,0.3176333333333333,34.9965,6.0,-2,20.347511003822525,,,0.0,0.0,0.0,278.66666666666663,39.534927301464364,optimal
2021-02-11 17:30:00,8,5,0.0,0.0774074074074074,0.0,0.22,30.4815,6.0,-2,20.23810328427951,,,0.0,0.0,0.0,69.66666666666666,39.11610374957386,optimal
2021-02-11 18:00:00,8,5,0.0,0.0774074074074074,0.0,0.28556666666666664,21.4305,6.0,-2,20.121889839255363,,,0.0,0.0,0.0,69.66666666666666,38.69769902123525,optimal
2021-02-11 18:30:00,8,5,0.5081642178725301,0.0,0.0,0.12933333333333336,14.3325,6.0,-2,20.0,,,1778.5747625538554,0.0,0.0,0.0,38.27971269762498,optimal
2021-02-11 19:00:00,8,5,0.8589798547834119,0.23222222222222222,0.0,0.2014,13.692,6.0,-2,20.0,,,3006.4294917419415,0.0,0.0,209.0,37.86214436033832,optimal
2021-02-11 19:30:00,8,5,0.0,0.3096296296296296,0.0,0.263,14.007,6.0,-2,20.106532489832826,,,0.0,0.0,0.0,278.66666666666663,37.44499359138894,optimal
2021-02-11 20:00:00,8,5,0.5264784427317203,0.23222222222222222,0.0,0.22053333333333333,12.873,6.0,-2,20.0,,,1842.6745495610212,0.0,0.0,209.0,37.02825997320852,optimal
2021-02-11 20:30:00,8,5,0.0,0.0,0.0,0.2401,12.684,6.0,-2,20.0,,,0.0,0.0,0.0,0.0,36.61194308864628,optimal
2021-02-11 21:00:00,8,5,0.0,0.387037037037037,0.0,0.3443333333333333,12.306,6.0,-2,19.865492635427643,,,0.0,0.0,0.0,348.3333333333333,36.1960425209686,optimal
2021-02-11 21:30:00,8,5,0.0,0.0,0.0,0.09340000000000001,10.6365,6.0,-2,19.73989753649397,,,0.0,0.0,0.0,0.0,35.78055785385859,optimal
2021-02-11 22:00:00,8,5,0.0,0.0774074074074074,0.0,0.2109333333333333,11.2455,6.0,-2,19.58678906302411,,,0.0,0.0,0.0,69.66666666666666,35.36548867141569,optimal
2021-02-11 22:30:00,8,5,0.0,0.0,0.0,0.2673666666666667,11.2455,6.0,-2,19.44564947112114,,,0.0,0.0,0.0,0.0,35.33012318274427,optimal
2021-02-11 23:00:00,8,5,0.0,0.0,0.0,0.073,11.025,6.0,-2,19.31996673215961,,,0.0,0.0,0.0,0.0,35.29479305956153,optimal
2021-02-11 23:30:00,8,5,0.0,0.0,0.0,0.0911,12.0855,6.0,-2,19.145461039144198,,,0.0,0.0,0.0,0.0,35.259498266501964,optimal
2021-02-12 00:00:00,8,5,1.1428571428571428,0.0,3.0,0.06,10.8045,6.0,-1,19.145461039144198,,,4000.0,0.0,0.0,0.0,36.649238768235456,optimal
2021-02-12 00:30:00,8,5,1.1428571428571428,0.0,0.0,0.2382,11.025,6.0,-1,19.269425932530307,,,4000.0,0.0,0.0,0.0,36.61258952946722,optimal
2021-02-12 01:00:00,8,5,1.1428571428571428,0.0,3.0,0.06,10.3635,6.0,-1,19.40580791105211,,,4000.0,0.0,0.0,0.0,38.00097693993775,optimal
2021-02-12 01:30:00,8,5,1.1428571428571428,0.0,3.0,0.11120000000000001,10.8045,6.0,-1,19.52782391436908,,,4000.0,0.0,0.0,0.0,39.38797596299781,optimal
2021-02-12 02:00:00,8,5,1.1428571428571428,0.0,3.0,0.20953333333333332,10.059,6.0,-1,19.65350938085613,,,4000.0,0.0,0.0,0.0,40.77358798703481,optimal
2021-02-12 02:30:00,8,5,1.1428571428571428,0.0,3.0,0.1605,10.584,6.0,-1,19.786366566358403,,,4000.0,0.0,0.0,0.0,42.15781439904777,optimal
2021-02-12 03:00:00,8,5,1.1428571428571428,0.0,3.0,0.23263333333333333,9.4185,6.0,-1,19.916802928357562,,,4000.0,0.0,0.0,0.0,43.54065658464872,optimal
2021-02-12 03:30:00,8,5,1.1428571428571428,0.0,3.0,0.09559999999999999,10.3635,6.0,-1,20.05391052669782,,,4000.0,0.0,0.0,0.0,44.92211592806407,optimal
2021-02-12 04:00:00,8,5,1.1428571428571428,0.0,3.0,0.29753333333333337,9.8385,6.0,-1,20.184969631261243,,,4000.0,0.0,0.0,0.0,46.302193812136004,optimal
2021-02-12 04:30:00,8,5,1.1428571428571428,0.0,0.7699579016795012,0.13119999999999998,11.067,6.0,-1,20.335410080003598,,,4000.0,0.0,0.0,0.0,46.62162162162162,optimal
2021-02-12 05:00:00,8,5,1.1428571428571428,0.6192592592592592,3.0,0.1243,10.8465,6.0,-1,20.47750800812344,,,4000.0,0.0,0.0,557.3333333333333,48.0,optimal
2021-02-12 05:30:00,8,5,0.0,2.012592592592592,0.0,2.0339,13.671,6.0,-1,20.63492309739887,,,0.0,0.0,0.0,1811.333333333333,47.66749677178066,optimal
2021-02-12 06:00:00,8,5,1.1428571428571428,6.424814814814814,0.0,0.8182333333333334,12.348,6.0,-1,20.51657525485577,,,4000.0,0.0,0.0,5782.333333333333,47.33532604678955,optimal
2021-02-12 06:30:00,8,5,0.0,0.387037037037037,0.0,2.0609,14.3325,6.0,-1,20.700760041504182,,,0.0,0.0,0.0,348.3333333333333,47.00348749252342,optimal
2021-02-12 07:00:00,8,5,0.0,0.0,0.0,1.0892,15.393,6.0,-1,20.611901788023562,,,0.0,0.0,0.0,0.0,46.67198077681156,optimal
2021-02-12 07:30:00,8,5,0.7305012806244177,0.0,0.0,0.187,13.587,6.0,-1,20.478463520936625,,,2556.7544821854617,0.0,0.0,0.0,46.34080556781541,optimal
2021-02-12 08:00:00,8,5,0.0,0.0,0.0,0.23833333333333329,16.1385,6.0,-1,20.507943981861487,,,0.0,0.0,0.0,0.0,46.00996153402826,optimal
2021-02-12 08:30:00,8,5,0.0,0.0,0.0,0.2104,14.595,6.0,-1,20.34284042820432,,,0.0,0.0,0.0,0.0,45.679448344274896,optimal
2021-02-12 09:00:00,8,5,0.0,0.0,0.0,0.10779999999999999,14.637,6.0,-1,20.175383775172758,,,0.0,0.0,0.0,0.0,45.349265667711286,optimal
2021-02-12 09:30:00,8,5,0.6120868984418201,0.0,0.0,0.07,13.9125,6.0,-1,20.0,,,2142.30414454637,0.0,0.0,0.0,45.01941317382424,optimal
2021-02-12 10:00:00,8,5,0.4919030561085995,0.0,0.0,0.27073333333333327,13.3665,6.0,-1,20.0,,,1721.6606963800982,0.0,0.0,0.0,44.68989053243108,optimal
2021-02-12 10:30:00,8,5,1.0218753453699696,0.0,0.0,0.12940000000000002,13.0095,6.0,-1,20.0,,,3576.5637087948935,0.0,0.0,0.0,44.36069741367931,optimal
2021-02-12 11:00:00,8,5,0.0,0.0,0.0,0.172,13.8915,6.0,-1,20.13132022887655,,,0.0,0.0,0.0,0.0,44.031833488046296,optimal
2021-02-12 11:30:00,8,5,0.48288439375556946,0.0,0.0,0.2173333333333333,13.188,6.0,-1,20.0,,,1690.0953781444932,0.0,0.0,0.0,43.70329842633891,optimal
2021-02-12 12:00:00,8,5,0.5235516356107859,0.0,0.0,0.07,12.5685,6.0,-1,20.0,,,1832.4307246377505,0.0,0.0,0.0,43.37509189969324,optimal
2021-02-12 12:30:00,8,5,0.4423141247050006,0.0,0.0,0.34933333333333333,12.285,6.0,-1,20.0,,,1548.099436467502,0.0,0.0,0.0,43.04721357957421,optimal
2021-02-12 13:00:00,8,5,1.1428571428571428,0.23222222222222222,0.0,0.2458333333333333,11.487,6.0,-1,20.0,,,4000.0,0.0,0.0,209.0,42.7196631377753,optimal
2021-02-12 13:30:00,8,5,0.0,0.0,0.0,2.888233333333333,11.802,6.0,-1,20.185652414406732,,,0.0,0.0,0.0,0.0,42.39244024641819,optimal
2021-02-12 14:00:00,8,5,1.1428571428571428,0.0,0.0,1.4955333333333334,11.2245,6.0,-1,20.11884563510771,,,4000.0,0.0,0.0,0.0,42.06554457795244,optimal
2021-02-12 14:30:00,8,5,1.1428571428571428,0.0,0.0,0.6857000000000001,11.025,6.0,-1,20.340808913643098,,,4000.0,0.0,0.0,0.0,41.73897580515515,optimal
2021-02-12 15:00:00,8,5,0.6432304092377912,0.0,0.0,2.9114666666666666,11.907,6.0,-1,20.549392951775207,,,2251.306432332269,0.0,0.0,0.0,41.41273360113066,optimal
2021-02-12 15:30:00,8,5,0.0,0.0,0.0,2.7619333333333334,25.83,6.0,-1,20.653949514247056,,,0.0,0.0,0.0,0.0,41.0868176393102,optimal
2021-02-12 16:00:00,8,5,0.0,0.0774074074074074,0.0,0.5044333333333333,28.035,6.0,-1,20.564758274599896,,,0.0,0.0,0.0,69.66666666666666,40.76122759345155,optimal
2021-02-12 16:30:00,8,5,0.0,0.1548148148148148,0.0,0.5930333333333333,28.119,6.0,-1,20.477859222563453,,,0.0,0.0,0.0,139.33333333333331,40.435963137638765,optimal
2021-02-12 17:00:00,8,5,0.0,0.3096296296296296,0.0,0.23183333333333328,30.156,6.0,-1,20.402986592581332,,,0.0,0.0,0.0,278.66666666666663,40.11102394628179,optimal
2021-02-12 17:30:00,8,5,0.0,0.0774074074074074,0.0,0.17696666666666666,29.1585,6.0,-1,20.30120141444348,,,0.0,0.0,0.0,69.66666666666666,39.78640969411617,optimal
2021-02-12 18:00:00,8,5,0.0,0.0774074074074074,0.0,0.5301666666666667,26.712,6.0,-1,20.19683347982829,,,0.0,0.0,0.0,69.66666666666666,39.46212005620272,optimal
2021-02-12 18:30:00,8,5,0.0,1.2385185185185184,0.0,2.2731,15.435,6.0,-1,20.118817902342066,,,0.0,0.0,0.0,1114.6666666666665,39.138154707927185,optimal
2021-02-12 19:00:00,8,5,0.0,0.23222222222222222,0.0,1.0379,13.566,6.0,-1,20.056038084521834,,,0.0,0.0,0.0,209.0,39.09901655321926,optimal
2021-02-12 19:30:00,8,5,0.0,5.636807407407406,0.0,3.2371999999999996,12.789,6.0,-1,20.0,,,0.0,0.0,0.0,5073.126666666665,39.05991753666604,optimal
2021-02-12 20:00:00,8,5,0.05650453791432604,0.7880074074074074,0.0,0.3076333333333333,12.1275,6.0,-1,20.061279993499916,,,197.76588270014113,0.0,0.0,709.2066666666667,39.02085761912937,optimal
2021-02-12 20:30:00,8,5,0.0,0.1548148148148148,0.0,0.729,13.671,6.0,-1,20.0,,,0.0,0.0,0.0,139.33333333333331,38.981836761510245,optimal
2021-02-12 21:00:00,8,5,0.0,1.9351851851851851,0.0,0.4275333333333334,10.668,6.0,-1,19.95297363408384,,,0.0,0.0,0.0,1741.6666666666667,38.94285492474874,optimal
2021-02-12 21:30:00,8,5,0.0,2.7092592592592597,0.0,1.7037666666666669,11.7285,6.0,-1,19.883449906150727,,,0.0,0.0,0.0,2438.3333333333335,38.90391206982399,optimal
2021-02-12 22:00:00,8,5,0.0,0.387037037037037,0.0,1.856,11.025,6.0,-1,19.82786690383381,,,0.0,0.0,0.0,348.3333333333333,38.86500815775416,optimal
2021-02-12 22:30:00,8,5,0.0,0.0,0.0,1.4643333333333333,10.689,6.0,-1,19.78548422106138,,,0.0,0.0,0.0,0.0,38.826143149596405,optimal
2021-02-12 23:00:00,8,5,0.0,0.0,0.0,0.097,8.1585,6.0,-1,19.702340199896565,,,0.0,0.0,0.0,0.0,38.787317006446806,optimal
2021-02-12 23:30:00,8,5,0.0,0.0,0.0,0.22086666666666668,10.3635,6.0,-1,19.574012035613524,,,0.0,0.0,0.0,0.0,38.74852968944036,optimal
2021-02-13 00:00:00,8,5,1.1428571428571428,0.0,3.0,0.06933333333333333,9.4815,6.0,-4,19.574012035613524,,,4000.0,0.0,0.0,0.0,40.134781159750915,optimal
2021-02-13 00:30:00,8,5,1.1428571428571428,0.0,3.0,0.072,8.379,6.0,-4,19.744294638091752,,,4000.0,0.0,0.0,0.0,41.51964637859116,optimal
2021-02-13 01:00:00,8,5,1.1428571428571428,0.0,1.2325556991869373,0.1368,9.5235,6.0,-4,19.91367683578408,,,4000.0,0.0,0.0,0.0,42.06359068932636,optimal
2021-02-13 01:30:00,8,5,1.1428571428571428,0.0,3.0,0.22186666666666668,8.1375,6.0,-4,20.087018116020953,,,4000.0,0.0,0.0,0.0,43.446527098637034,optimal
2021-02-13 02:00:00,8,5,0.0,0.0,0.0,0.21306666666666663,10.0905,6.0,-4,20.265806573736306,,,0.0,0.0,0.0,0.0,43.40308057153839,optimal
2021-02-13 02:30:00,8,5,1.1428571428571428,0.0,3.0,0.08373333333333334,7.539,6.0,-4,20.14341964695482,,,4000.0,0.0,0.0,0.0,44.78467749096684,optimal
2021-02-13 03:00:00,8,5,1.1428571428571428,0.0,3.0,0.2864,7.938,6.0,-4,20.3118156452967,,,4000.0,0.0,0.0,0.0,46.16489281347587,optimal
2021-02-13 03:30:00,8,5,1.1428571428571428,0.0,3.0,0.1368,8.274,6.0,-4,20.494128390410474,,,4000.0,0.0,0.0,0.0,47.543727920662384,optimal
2021-02-13 04:00:00,8,5,1.1428571428571428,0.0,3.0,0.16906666666666667,9.261,6.0,-4,20.66349884603403,,,4000.0,0.0,0.0,0.0,48.92118419274172,optimal
2021-02-13 04:30:00,8,5,1.1428571428571428,0.0,0.0,0.1368,9.9225,6.0,-4,20.833643539045173,,,4000.0,0.0,0.0,0.0,48.87226300854897,optimal
2021-02-13 05:00:00,8,5,1.1428571428571428,0.0,0.0,0.2288,9.702,6.0,-4,20.999349609516425,,,4000.0,0.0,0.0,0.0,48.823390745540415,optimal
2021-02-13 05:30:00,8,5,0.7605840684630335,0.0,0.0,0.17373333333333332,10.584,6.0,-4,21.16995637504562,,,2662.044239620617,0.0,0.0,0.0,48.774567354794875,optimal
2021-02-13 06:00:00,8,5,1.1428571428571428,0.0,0.0,0.15133333333333335,10.143,6.0,-4,21.234216682355544,,,4000.0,0.0,0.0,0.0,48.72579278744007,optimal
2021-02-13 06:30:00,8,5,0.0,0.0,0.0,0.2512,13.0095,6.0,-4,21.395766814856596,,,0.0,0.0,0.0,0.0,48.67706699465263,optimal
2021-02-13 07:00:00,8,5,0.0,0.0,0.0,0.072,11.025,6.0,-4,21.26365986740562,,,0.0,0.0,0.0,0.0,48.62838992765797,optimal
2021-02-13 07:30:00,8,5,0.0,0.0,0.0,0.24919999999999998,12.789,6.0,-4,21.11874760887271,,,0.0,0.0,0.0,0.0,48.579761537730306,optimal
2021-02-13 08:00:00,8,5,0.0,0.0,0.0,0.18573333333333328,12.1275,6.0,-4,20.987816005758493,,,0.0,0.0,0.0,0.0,48.53118177619257,optimal
2021-02-13 08:30:00,8,5,0.0,0.0,0.0,0.15413333333333332,12.1695,6.0,-4,20.85273733977562,,,0.0,0.0,0.0,0.0,48.48265059441637,optimal
2021-02-13 09:00:00,8,5,0.0,0.0,0.0,0.11893333333333334,12.306,6.0,-4,20.71667766222402,,,0.0,0.0,0.0,0.0,48.434167943821954,optimal
2021-02-13 09:30:00,8,5,0.0,0.0,0.0,0.16906666666666667,13.23,6.0,-4,20.57937472368684,,,0.0,0.0,0.0,0.0,48.38573377587813,optimal
2021-02-13 10:00:00,8,5,0.0,0.5418518518518518,0.0,0.14166666666666666,13.671,6.0,-4,20.44872542457638,,,0.0,0.0,0.0,487.6666666666667,48.33734804210225,optimal
2021-02-13 10:30:00,8,5,0.0,0.1548148148148148,0.0,0.2912666666666667,13.9335,6.0,-4,20.328309539612285,,,0.0,0.0,0.0,139.33333333333331,48.289010694060146,optimal
2021-02-13 11:00:00,8,5,0.0,0.0,0.0,0.0998,13.293,6.0,-4,20.220672152372646,,,0.0,0.0,0.0,0.0,48.240721683366075,optimal
2021-02-13 11:30:00,8,5,0.0,0.3096296296296296,0.0,1.0523333333333333,12.1065,6.0,-4,20.09987623665753,,,0.0,0.0,0.0,278.66666666666663,48.192480961682705,optimal
2021-02-13 12:00:00,8,5,0.29794436354777604,0.0,0.0,0.42260000000000003,11.571,6.0,-4,20.0,,,1042.8052724172162,0.0,0.0,0.0,48.144288480721016,optimal
2021-02-13 12:30:00,8,5,1.1428571428571428,0.774074074074074,0.0,2.0793000000000004,11.025,6.0,-4,20.0,,,4000.0,0.0,0.0,696.6666666666666,48.096144192240295,optimal
2021-02-13 13:00:00,8,5,1.1428571428571428,0.387037037037037,0.0,0.6283,10.8465,6.0,-4,20.297095761314065,,,4000.0,0.0,0.0,348.3333333333333,48.048048048048045,optimal
2021-02-13 13:30:00,8,5,1.1428571428571428,0.6966666666666667,0.0,1.3325666666666667,11.2455,6.0,-4,20.52409317887129,,,4000.0,0.0,0.0,627.0,48.0,optimal
2021-02-13 14:00:00,8,5,0.0,0.1548148148148148,0.0,1.0077,23.8665,6.0,-4,20.75335811637888,,,0.0,0.0,0.0,139.33333333333331,47.296181221856784,optimal
2021-02-13 14:30:00,8,5,0.0,0.0,0.0,1.1896666666666667,27.4575,6.0,-4,20.66092027123004,,,0.0,0.0,0.0,0.0,46.59306626249171,optimal
2021-02-13 15:00:00,8,5,0.0,0.23222222222222222,0.0,0.6717333333333333,27.3735,6.0,-4,20.635107542308862,,,0.0,0.0,0.0,209.0,45.89065441808601,optimal
2021-02-13 15:30:00,8,5,0.0,0.0,0.0,0.38826666666666665,30.4605,6.0,-4,20.558369130830293,,,0.0,0.0,0.0,0.0,45.18894498552471,optimal
2021-02-13 16:00:00,8,5,0.0,0.0,0.0,0.16906666666666667,30.0195,6.0,-4,20.457320163122994,,,0.0,0.0,0.0,0.0,44.48793726239597,optimal
2021-02-13 16:30:00,8,5,0.0,0.0,0.0,0.16,26.9325,6.0,-4,20.315075624261162,,,0.0,0.0,0.0,0.0,43.78763054699036,optimal
2021-02-13 17:00:00,8,5,0.0,0.0,0.0,0.19140000000000001,14.595,6.0,-4,20.173216906426454,,,0.0,0.0,0.0,0.0,43.088024138300156,optimal
2021-02-13 17:30:00,8,5,0.11816985674741604,0.1548148148148148,0.0,0.40943333333333326,12.4845,6.0,-4,20.038990281835183,,,413.5944986159561,0.0,0.0,139.33333333333331,42.38911733601864,optimal
2021-02-13 18:00:00,8,5,0.2974210725999573,0.1548148148148148,0.0,0.35846666666666666,12.1275,6.0,-4,20.0,,,1040.9737540998506,0.0,0.0,139.33333333333331,41.69090944053941,optimal
2021-02-13 18:30:00,8,5,0.5329437246075542,0.0774074074074074,0.0,0.4224666666666666,12.1275,6.0,-4,20.0,,,1865.3030361264398,0.0,0.0,69.66666666666666,40.99339975295565,optimal
2021-02-13 19:00:00,8,5,0.0,0.5418518518518518,0.0,0.6534666666666668,12.789,6.0,-4,20.06297572662121,,,0.0,0.0,0.0,487.6666666666667,40.29658757505948,optimal
2021-02-13 19:30:00,8,5,0.16683778288972817,0.0,0.0,0.8698333333333333,11.907,6.0,-4,20.0,,,583.9322401140486,0.0,0.0,0.0,40.25629098748443,optimal
2021-02-13 20:00:00,8,5,0.1057032808917501,0.46444444444444444,0.0,2.429,11.025,6.0,-4,20.0,,,369.96148312112535,0.0,0.0,418.0,40.21603469649694,optimal
2021-02-13 20:30:00,8,5,0.0,0.0,0.0,3.177033333333333,8.2005,6.0,-4,20.0,,,0.0,0.0,0.0,0.0,40.17581866180044,optimal
2021-02-13 21:00:00,8,5,0.0,0.1548148148148148,0.0,1.6479333333333335,9.5655,6.0,-4,19.979965332388296,,,0.0,0.0,0.0,139.33333333333331,40.13564284313864,optimal
2021-02-13 21:30:00,8,5,0.0,0.23222222222222222,0.0,0.2926,7.056,6.0,-4,19.95649599674439,,,0.0,0.0,0.0,209.0,40.0955072002955,optimal
2021-02-13 22:00:00,8,5,0.0,0.3096296296296296,0.0,0.4718333333333333,9.3975,6.0,-4,19.882271121250994,,,0.0,0.0,0.0,278.66666666666663,40.0554116930952,optimal
2021-02-13 22:30:00,8,5,0.0,0.6192592592592592,0.0,0.3514,10.059,6.0,-4,19.827029485839205,,,0.0,0.0,0.0,557.3333333333333,40.015356281402106,optimal
2021-02-13 23:00:00,8,5,0.0,0.0,0.0,0.3506,9.261,6.0,-4,19.749315426907557,,,0.0,0.0,0.0,0.0,39.975340925120705,optimal
2021-02-13 23:30:00,8,5,0.0,0.0,0.0,0.26480000000000004,8.1585,6.0,-4,19.671985757119437,,,0.0,0.0,0.0,0.0,39.93536558419559,optimal
2021-02-07 00:00:00,9,5,0.0,0.0,0.0,0.0713,6.678,6.0,3,21.0,,,0.0,0.0,0.0,0.0,47.952,optimal
2021-02-07 00:30:00,9,5,0.0,0.0,0.0,0.18596666666666667,7.938,6.0,3,20.890739745831805,,,0.0,0.0,0.0,0.0,47.904047999999996,optimal
2021-02-07 01:00:00,9,5,0.0,0.0,0.0,0.11766666666666668,5.292,6.0,3,20.794571847452175,,,0.0,0.0,0.0,0.0,47.856143952,optimal
2021-02-07 01:30:00,9,5,0.0,0.0,0.0,0.16643333333333335,9.261,6.0,3,20.68285096540677,,,0.0,0.0,0.0,0.0,47.80828780804799,optimal
2021-02-07 02:00:00,9,5,0.0,0.0,0.0,0.24209999999999998,10.3635,6.0,3,20.575244151785526,,,0.0,0.0,0.0,0.0,47.76047952023995,optimal
2021-02-07 02:30:00,9,5,0.0,0.0,0.0,0.067,8.274,6.0,3,20.47373509888865,,,0.0,0.0,0.0,0.0,47.712719040719705,optimal
2021-02-07 03:00:00,9,5,0.0,0.0,0.0,0.1854333333333333,7.7175,6.0,3,20.359124440792794,,,0.0,0.0,0.0,0.0,47.66500632167899,optimal
2021-02-07 03:30:00,9,5,0.0,0.0,0.0,0.11163333333333333,6.615,6.0,3,20.253492398457745,,,0.0,0.0,0.0,0.0,47.61734131535731,optimal
2021-02-07 04:00:00,9,5,0.0,0.0,0.0,0.143,6.174,6.0,3,20.142750063569625,,,0.0,0.0,0.0,0.0,47.56972397404195,optimal
2021-02-07 04:30:00,9,5,1.1428571428571428,0.0,0.0,0.2037333333333333,3.906,6.0,3,20.034811419481766,,,4000.0,0.0,0.0,0.0,47.522154250067906,optimal
2021-02-07 05:00:00,9,5,1.1428571428571428,0.0,0.0,0.067,2.3415,6.0,3,20.231781270778654,,,4000.0,0.0,0.0,0.0,47.47463209581784,optimal
2021-02-07 05:30:00,9,5,1.1428571428571428,0.0,0.0,0.17846666666666666,2.205,6.0,3,20.41703696031803,,,4000.0,0.0,0.0,0.0,47.42715746372202,optimal
2021-02-07 06:00:00,9,5,1.1428571428571428,0.387037037037037,1.4069847195573828,0.8314666666666667,0.882,6.0,3,20.60925339703693,,,4000.0,0.0,0.0,348.3333333333333,48.048048048048045,optimal
2021-02-07 06:30:00,9,5,1.1428571428571428,0.387037037037037,0.0,3.165966666666667,1.5435,6.0,3,20.80600851667935,,,4000.0,0.0,0.0,348.3333333333333,48.0,optimal
2021-02-07 07:00:00,9,5,1.1428571428571428,0.6192592592592592,0.0,1.2452333333333332,1.5435,6.0,3,21.018865164715987,,,4000.0,0.0,0.0,557.3333333333333,47.712484232084805,optimal
2021-02-07 07:30:00,9,5,1.1428571428571428,2.941481481481482,0.0,2.1326666666666667,5.0715,6.0,3,21.256109245046638,,,4000.0,0.0,0.0,2647.3333333333335,47.425255979937525,optimal
2021-02-07 08:00:00,9,5,1.1428571428571428,0.23222222222222222,0.0,1.4393,5.376,6.0,3,21.4704579020213,,,4000.0,0.0,0.0,209.0,47.13831495604239,optimal
2021-02-07 08:30:00,9,5,1.1428571428571428,0.46444444444444444,0.0,0.2094333333333333,5.0715,6.0,3,21.703419493084233,,,4000.0,0.0,0.0,418.0,46.851660873171156,optimal
2021-02-07 09:00:00,9,5,0.8033302739109077,0.3096296296296296,0.0,0.1388,5.5125,6.0,3,21.900558530314072,,,2811.655958688177,0.0,0.0,278.66666666666663,46.56529344438279,optimal
2021-02-07 09:30:00,9,5,0.398411475413652,0.5418518518518518,0.0,2.0913666666666666,9.261,6.0,3,22.0,,,1394.440163947782,0.0,0.0,487.6666666666667,46.279212383023214,optimal
2021-02-07 10:00:00,9,5,0.0,0.0,0.0,0.6362000000000001,11.7075,6.0,3,22.0,,,0.0,0.0,0.0,0.0,45.993417402725,optimal
2021-02-07 10:30:00,9,5,0.0,0.0,0.0,0.14786666666666667,12.348,6.0,3,21.884146989966474,,,0.0,0.0,0.0,0.0,45.70790821740708,optimal
2021-02-07 11:00:00,9,5,0.0,0.0774074074074074,0.0,0.26,12.348,6.0,3,21.759669468986694,,,0.0,0.0,0.0,69.66666666666666,45.42268454127448,optimal
2021-02-07 11:30:00,9,5,0.0,0.0,0.0,2.3056666666666663,12.1275,6.0,3,21.640450348993095,,,0.0,0.0,0.0,0.0,45.13774608881801,optimal
2021-02-07 12:00:00,9,5,0.0,0.0,0.0,0.08073333333333334,12.5265,6.0,3,21.532068309668624,,,0.0,0.0,0.0,0.0,44.853092574814,optimal
2021-02-07 12:30:00,9,5,0.0,0.0,0.0,0.2366,11.7495,6.0,3,21.385703324722762,,,0.0,0.0,0.0,0.0,44.568723714323994,optimal
2021-02-07 13:00:00,9,5,0.0,0.0,0.0,0.17880000000000001,13.23,6.0,3,21.252106544916447,,,0.0,0.0,0.0,0.0,44.28463922269447,optimal
2021-02-07 13:30:00,9,5,0.0,0.0,0.0,0.1082,14.3325,6.0,3,21.115181303404622,,,0.0,0.0,0.0,0.0,44.000838815556584,optimal
2021-02-07 14:00:00,9,5,0.0,0.0,0.0,0.2437,14.994,6.0,3,20.974368238468884,,,0.0,0.0,0.0,0.0,43.717322208825834,optimal
2021-02-07 14:30:00,9,5,0.0,0.46444444444444444,0.0,1.3111666666666668,14.8155,6.0,3,20.845130886180215,,,0.0,0.0,0.0,418.0,43.43408911870181,optimal
2021-02-07 15:00:00,9,5,0.0,0.0,0.0,1.3288,14.112,6.0,3,20.726683637393897,,,0.0,0.0,0.0,0.0,43.151139261667915,optimal
2021-02-07 15:30:00,9,5,0.0,0.0,0.0,2.6819,14.007,6.0,3,20.60827467132857,,,0.0,0.0,0.0,0.0,42.868472354491054,optimal
2021-02-07 16:00:00,9,5,0.0,0.0,0.0,0.2477666666666667,13.23,6.0,3,20.53364543665461,,,0.0,0.0,0.0,0.0,42.58608811422137,optimal
2021-02-07 16:30:00,9,5,0.7508837356810057,0.0,0.0,0.27393333333333336,11.382,6.0,3,20.431816799100545,,,2628.0930748835203,0.0,0.0,0.0,42.303986258191955,optimal
2021-02-07 17:00:00,9,5,0.0,0.0774074074074074,0.0,0.4956666666666667,11.7495,6.0,3,20.522712846703804,,,0.0,0.0,0.0,69.66666666666666,42.02216650401857,optimal
2021-02-07 17:30:00,9,5,0.0,0.0,0.0,2.091333333333333,24.3285,6.0,3,20.41354981924484,,,0.0,0.0,0.0,0.0,41.74062856959936,optimal
2021-02-07 18:00:00,9,5,0.0,0.0,0.0,0.8274,28.917,6.0,3,20.3095736206483,,,0.0,0.0,0.0,0.0,41.459372173114566,optimal
2021-02-07 18:30:00,9,5,0.0,0.23222222222222222,0.0,1.7463333333333333,31.3635,6.0,3,20.211711977762793,,,0.0,0.0,0.0,209.0,41.17839703302626,optimal
2021-02-07 19:00:00,9,5,0.0,0.5418518518518518,0.0,2.0786,33.306,6.0,3,20.13981953028635,,,0.0,0.0,0.0,487.6666666666667,40.897702868078035,optimal
2021-02-07 19:30:00,9,5,0.0,0.0,0.0,1.0893333333333333,31.3425,6.0,3,20.101782552170736,,,0.0,0.0,0.0,0.0,40.61728939729476,optimal
2021-02-07 20:00:00,9,5,0.0,1.6255555555555554,0.0,0.463,28.2555,6.0,3,20.06287878020504,,,0.0,0.0,0.0,1463.0,40.33715633998227,optimal
2021-02-07 20:30:00,9,5,0.0,0.23222222222222222,0.0,0.5007,15.6975,6.0,3,20.0,,,0.0,0.0,0.0,209.0,40.0573034157271,optimal
2021-02-07 21:00:00,9,5,0.0,0.0,0.0,0.2576666666666667,12.5475,6.0,3,19.930545752155894,,,0.0,0.0,0.0,0.0,39.777730344396176,optimal
2021-02-07 21:30:00,9,5,0.0,0.0,0.0,0.34826666666666667,12.0855,6.0,3,19.835083376376176,,,0.0,0.0,0.0,0.0,39.73795261405178,optimal
2021-02-07 22:00:00,9,5,0.0,0.23222222222222222,0.0,0.26053333333333334,11.907,6.0,3,19.750435512294974,,,0.0,0.0,0.0,209.0,39.698214661437724,optimal
2021-02-07 22:30:00,9,5,0.0,5.172362962962962,0.0,0.5055666666666666,12.5685,6.0,3,19.66672584529597,,,0.0,0.0,0.0,4655.126666666666,39.65851644677629,optimal
2021-02-07 23:00:00,9,5,0.0,2.568377777777778,0.0,2.7159666666666666,13.146,6.0,3,19.617187671612854,,,0.0,0.0,0.0,2311.5400000000004,39.61885793032951,optimal
2021-02-07 23:30:00,9,5,0.0,0.0774074074074074,0.0,0.43273333333333336,10.584,6.0,3,19.573884064138934,,,0.0,0.0,0.0,69.66666666666666,39.57923907239918,optimal
2021-02-08 00:00:00,9,5,0.0,0.0,0.0,0.08683333333333333,11.2665,6.0,4,19.573884064138934,,,0.0,0.0,0.0,0.0,39.53965983332678,optimal
2021-02-08 00:30:00,9,5,0.0,0.0,0.0,0.062,10.143,6.0,4,19.465129150869476,,,0.0,0.0,0.0,0.0,39.50012017349346,optimal
2021-02-08 01:00:00,9,5,0.0,0.0,0.0,0.062,11.2455,6.0,4,19.350186314228257,,,0.0,0.0,0.0,0.0,39.460620053319964,optimal
2021-02-08 01:30:00,9,5,0.0,0.0,0.0,0.062,11.025,6.0,4,19.236103910252147,,,0.0,0.0,0.0,0.0,39.421159433266645,optimal
2021-02-08 02:00:00,9,5,1.1428571428571428,0.0,3.0,0.062,5.9745,6.0,4,19.12250121075568,,,4000.0,0.0,0.0,0.0,40.806738273833375,optimal
2021-02-08 02:30:00,9,5,1.1428571428571428,0.0,0.0,0.062,7.938,6.0,4,19.308926916806428,,,4000.0,0.0,0.0,0.0,40.76593153555954,optimal
2021-02-08 03:00:00,9,5,1.1428571428571428,0.0,0.0,0.062,8.6835,6.0,4,19.494331374928407,,,4000.0,0.0,0.0,0.0,40.72516560402398,optimal
2021-02-08 03:30:00,9,5,1.1428571428571428,0.0,0.0,0.062,7.665,6.0,4,19.678722229922307,,,4000.0,0.0,0.0,0.0,40.684440438419955,optimal
2021-02-08 04:00:00,9,5,1.1428571428571428,0.0,3.0,0.062,6.7725,6.0,4,19.86135849494842,,,4000.0,0.0,0.0,0.0,42.06875599798153,optimal
2021-02-08 04:30:00,9,5,1.1428571428571428,0.0,3.0,0.062,5.5755,6.0,4,20.042253304418296,,,4000.0,0.0,0.0,0.0,43.45168724198355,optimal
2021-02-08 05:00:00,9,5,1.1428571428571428,0.0,3.0,0.062,5.0925,6.0,4,20.221045407215964,,,4000.0,0.0,0.0,0.0,44.83323555474156,optimal
2021-02-08 05:30:00,9,5,1.1428571428571428,0.0,3.0,0.062,4.1895,6.0,4,20.397750543665563,,,4000.0,0.0,0.0,0.0,46.21340231918682,optimal
2021-02-08 06:00:00,9,5,1.1428571428571428,0.5418518518518518,1.0579554714657708,0.14366666666666666,7.056,6.0,4,20.572758623469877,,,4000.0,0.0,0.0,487.6666666666667,46.66971776581387,optimal
2021-02-08 06:30:00,9,5,1.1428571428571428,0.8514814814814814,3.0,0.6716333333333333,5.271,6.0,4,20.753770859189057,,,4000.0,0.0,0.0,766.3333333333333,48.048048048048045,optimal
2021-02-08 07:00:00,9,5,1.1428571428571428,0.46444444444444444,0.0,2.0023,7.938,6.0,4,20.99308657200828,,,4000.0,0.0,0.0,418.0,48.0,optimal
2021-02-08 07:30:00,9,5,1.1428571428571428,0.8514814814814814,0.0,0.06043333333333333,7.938,6.0,4,21.277794961068825,,,4000.0,0.0,0.0,766.3333333333333,47.64142184360094,optimal
2021-02-08 08:00:00,9,5,0.0,0.23222222222222222,0.0,0.1916,11.907,6.0,4,21.47577872164893,,,0.0,0.0,0.0,209.0,47.28320226535828,optimal
2021-02-08 08:30:00,9,5,0.2488902840086819,0.23222222222222222,0.0,0.6447999999999999,11.025,6.0,4,21.39245085036029,,,871.1159940303867,0.0,0.0,209.0,46.92534090669386,optimal
2021-02-08 09:00:00,9,5,0.0,0.46444444444444444,0.0,0.9362,11.2875,6.0,4,21.35281338953529,,,0.0,0.0,0.0,418.0,46.567837409388105,optimal
2021-02-08 09:30:00,9,5,0.0,0.0,0.0,0.11433333333333331,12.936,6.0,4,21.29096389693144,,,0.0,0.0,0.0,0.0,46.21069141557965,optimal
2021-02-08 10:00:00,9,5,0.0,0.0,0.0,0.3358333333333333,13.0095,6.0,4,21.160781754945454,,,0.0,0.0,0.0,0.0,45.85390256776501,optimal
2021-02-08 10:30:00,9,5,0.0,0.0,0.0,0.444,13.671,6.0,4,21.050133430366216,,,0.0,0.0,0.0,0.0,45.49747050879819,optimal
2021-02-08 11:00:00,9,5,0.0,0.1548148148148148,0.0,1.309,13.188,6.0,4,20.96039633521893,,,0.0,0.0,0.0,139.33333333333331,45.14139488189033,optimal
2021-02-08 11:30:00,9,5,0.0,0.3096296296296296,0.0,1.4673333333333332,13.8495,6.0,4,20.86349317047117,,,0.0,0.0,0.0,278.66666666666663,44.78567533060938,optimal
2021-02-08 12:00:00,9,5,0.0,0.0,0.0,0.7622666666666666,13.23,6.0,4,20.772697047883636,,,0.0,0.0,0.0,0.0,44.43031149887971,optimal
2021-02-08 12:30:00,9,5,0.0,0.0,0.0,0.353,13.3665,6.0,4,20.70421795825317,,,0.0,0.0,0.0,0.0,44.07530303098177,optimal
2021-02-08 13:00:00,9,5,0.0,0.1548148148148148,0.0,1.6198,13.0515,6.0,4,20.613879309257754,,,0.0,0.0,0.0,139.33333333333331,43.72064957155173,optimal
2021-02-08 13:30:00,9,5,0.0,0.0,0.0,0.144,13.5345,6.0,4,20.51101003684466,,,0.0,0.0,0.0,0.0,43.36635076558112,optimal
2021-02-08 14:00:00,9,5,0.0,0.0,0.0,0.15580000000000002,14.154,6.0,4,20.371941764302527,,,0.0,0.0,0.0,0.0,43.012406258416476,optimal
2021-02-08 14:30:00,9,5,0.0,0.0,0.0,0.1676,14.112,6.0,4,20.23483983168123,,,0.0,0.0,0.0,0.0,42.658815695758996,optimal
2021-02-08 15:00:00,9,5,0.0,0.0,0.0,1.9032,14.2485,6.0,4,20.097818083280007,,,0.0,0.0,0.0,0.0,42.305578723664176,optimal
2021-02-08 15:30:00,9,5,0.0,0.0774074074074074,0.0,2.806,12.789,6.0,4,20.07386504167373,,,0.0,0.0,0.0,69.66666666666666,41.95269498854145,optimal
2021-02-08 16:00:00,9,5,0.0,0.3096296296296296,0.0,1.3900333333333332,13.0095,6.0,4,20.053115133637696,,,0.0,0.0,0.0,278.66666666666663,41.600164137153854,optimal
2021-02-08 16:30:00,9,5,0.981668364007155,0.5418518518518518,0.0,0.5001,12.1275,6.0,4,20.0,,,3435.8392740250424,0.0,0.0,487.6666666666667,41.24798581661764,optimal
2021-02-08 17:00:00,9,5,0.0,0.1548148148148148,0.0,2.3546666666666667,12.348,6.0,4,20.20411601741911,,,0.0,0.0,0.0,139.33333333333331,40.896159674401964,optimal
2021-02-08 17:30:00,9,5,0.0,3.0188888888888883,0.0,1.8360999999999998,12.348,6.0,4,20.186935547104284,,,0.0,0.0,0.0,2716.9999999999995,40.5446853583285,optimal
2021-02-08 18:00:00,9,5,0.0,0.46444444444444444,0.0,1.892733333333333,25.389,6.0,4,20.177497419529132,,,0.0,0.0,0.0,418.0,40.19356251657111,optimal
2021-02-08 18:30:00,9,5,0.0,4.644444444444443,0.0,0.9705333333333331,29.1375,6.0,4,20.14998217843654,,,0.0,0.0,0.0,4179.999999999999,39.84279079765548,optimal
2021-02-08 19:00:00,9,5,0.0,0.0,0.0,0.426,30.597,6.0,4,20.13621351834684,,,0.0,0.0,0.0,0.0,39.492369850458765,optimal
2021-02-08 19:30:00,9,5,0.0,0.0774074074074074,0.0,0.4616,33.684,6.0,4,20.085445226876626,,,0.0,0.0,0.0,69.66666666666666,39.14229932420925,optimal
2021-02-08 20:00:00,9,5,0.0,0.0,0.0,0.9196666666666666,32.445,6.0,4,20.03865106231796,,,0.0,0.0,0.0,0.0,39.103157024885036,optimal
2021-02-08 20:30:00,9,5,0.0,1.9351851851851851,0.0,3.9298,28.917,6.0,4,20.0,,,0.0,0.0,0.0,1741.6666666666667,39.06405386786015,optimal
2021-02-08 21:00:00,9,5,0.0,0.8514814814814814,0.0,3.6151,15.876,6.0,4,20.010465100305925,,,0.0,0.0,0.0,766.3333333333333,39.02498981399229,optimal
2021-02-08 21:30:00,9,5,0.0,0.1548148148148148,0.0,0.343,12.348,6.0,4,20.004266456710365,,,0.0,0.0,0.0,139.33333333333331,38.985964824178296,optimal
2021-02-08 22:00:00,9,5,0.0,0.0,0.0,0.3697,12.1275,6.0,4,19.958895370521837,,,0.0,0.0,0.0,0.0,38.94697885935412,optimal
2021-02-08 22:30:00,9,5,0.0,0.0,0.0,0.41483333333333333,12.348,6.0,4,19.919717212240357,,,0.0,0.0,0.0,0.0,38.90803188049476,optimal
2021-02-08 23:00:00,9,5,0.0,0.0,0.0,0.3857,12.1275,6.0,4,19.873703140235833,,,0.0,0.0,0.0,0.0,38.869123848614265,optimal
2021-02-08 23:30:00,9,5,0.0,0.0,0.0,0.5832999999999999,12.1275,6.0,4,19.83027032807291,,,0.0,0.0,0.0,0.0,38.83025472476565,optimal
2021-02-09 00:00:00,9,5,1.1428571428571428,0.0,0.0,0.058,12.1275,6.0,-2,19.83027032807291,,,4000.0,0.0,0.0,0.0,38.79142447004089,optimal
2021-02-09 00:30:00,9,5,1.1428571428571428,0.0,0.0,0.19733333333333328,11.823,6.0,-2,20.005169618464944,,,4000.0,0.0,0.0,0.0,38.752633045570846,optimal
2021-02-09 01:00:00,9,5,1.1428571428571428,0.0,0.0,0.058,11.7705,6.0,-2,20.189568349565047,,,4000.0,0.0,0.0,0.0,38.71388041252528,optimal
2021-02-09 01:30:00,9,5,1.1428571428571428,0.0,3.0,0.191,11.13,6.0,-2,20.36252660131379,,,4000.0,0.0,0.0,0.0,40.10016653211275,optimal
2021-02-09 02:00:00,9,5,1.1428571428571428,0.0,2.788821969857039,0.06433333333333333,11.6865,6.0,-2,20.543401671140142,,,4000.0,0.0,0.0,0.0,41.38475680126273,optimal
2021-02-09 02:30:00,9,5,1.1428571428571428,0.0,3.0,0.10233333333333332,10.7205,6.0,-2,20.71268835947981,,,4000.0,0.0,0.0,0.0,42.768372044461465,optimal
2021-02-09 03:00:00,9,5,1.1428571428571428,0.0,3.0,0.153,11.424,6.0,-2,20.883927844966117,,,4000.0,0.0,0.0,0.0,44.15060367241699,optimal
2021-02-09 03:30:00,9,5,1.1428571428571428,0.0,3.0,0.058,10.689,6.0,-2,21.058054091717317,,,4000.0,0.0,0.0,0.0,45.531453068744575,optimal
2021-02-09 04:00:00,9,5,1.1428571428571428,0.0,3.0,0.19733333333333328,11.361,6.0,-2,21.22451108141644,,,4000.0,0.0,0.0,0.0,46.910921615675825,optimal
2021-02-09 04:30:00,9,5,1.1428571428571428,0.0,3.0,0.058,11.571,6.0,-2,21.40090499593321,,,4000.0,0.0,0.0,0.0,48.289010694060146,optimal
2021-02-09 05:00:00,9,5,0.0,0.0,0.0,0.058,14.3745,6.0,-2,21.564795491487327,,,0.0,0.0,0.0,0.0,48.240721683366075,optimal
2021-02-09 05:30:00,9,5,0.3812283817319067,0.0,0.0,0.16566666666666666,13.23,6.0,-2,21.427158278299814,,,1334.2993360616736,0.0,0.0,0.0,48.192480961682705,optimal
2021-02-09 06:00:00,9,5,0.0,0.0,0.0,0.08966666666666667,13.9755,6.0,-2,21.39853743735388,,,0.0,0.0,0.0,0.0,48.144288480721016,optimal
2021-02-09 06:30:00,9,5,0.0,0.0,0.0,0.12766666666666668,14.994,6.0,-2,21.264516245064893,,,0.0,0.0,0.0,0.0,48.096144192240295,optimal
2021-02-09 07:00:00,9,5,0.0,0.0774074074074074,0.0,0.12566666666666668,13.671,6.0,-2,21.133969760697322,,,0.0,0.0,0.0,69.66666666666666,48.048048048048045,optimal
2021-02-09 07:30:00,9,5,0.0,0.774074074074074,0.0,0.11170000000000001,15.981,6.0,-2,21.018229997882198,,,0.0,0.0,0.0,696.6666666666666,48.0,optimal
2021-02-09 08:00:00,9,5,0.0,0.0774074074074074,0.0,0.4363333333333333,15.6345,6.0,-2,20.90955018327163,,,0.0,0.0,0.0,69.66666666666666,47.86878803851294,optimal
2021-02-09 08:30:00,9,5,0.0,0.5418518518518518,0.0,0.31139999999999995,16.5375,6.0,-2,20.818631395257896,,,0.0,0.0,0.0,487.6666666666667,47.737707288987366,optimal
2021-02-09 09:00:00,9,5,0.0,0.23222222222222222,0.0,0.35133333333333333,14.7735,6.0,-2,20.720135084370074,,,0.0,0.0,0.0,209.0,47.60675762021132,optimal
2021-02-09 09:30:00,9,5,0.0,2.4770370370370367,0.0,0.5782999999999999,15.2145,6.0,-2,20.62242056892708,,,0.0,0.0,0.0,2229.333333333333,47.47593890110405,optimal
2021-02-09 10:00:00,9,5,0.0,0.0,0.0,0.068,14.553,6.0,-2,20.551245526620878,,,0.0,0.0,0.0,0.0,47.34525100071589,optimal
2021-02-09 10:30:00,9,5,0.0,0.0,0.0,0.087,14.3325,6.0,-2,20.406815151855863,,,0.0,0.0,0.0,0.0,47.21469378822812,optimal
2021-02-09 11:00:00,9,5,0.0,0.0,0.0,0.1883333333333333,14.595,6.0,-2,20.266760255342,,,0.0,0.0,0.0,0.0,47.08426713295283,optimal
2021-02-09 11:30:00,9,5,0.0,0.0,0.0,0.068,14.994,6.0,-2,20.13721387426223,,,0.0,0.0,0.0,0.0,46.95397090433282,optimal
2021-02-09 12:00:00,9,5,0.47834445227371086,0.0,0.0,0.2073333333333333,14.3325,6.0,-2,20.0,,,1674.205582957988,0.0,0.0,0.0,46.82380497194143,optimal
2021-02-09 12:30:00,9,5,0.5195819631794841,0.0,0.0,0.068,13.8915,6.0,-2,20.0,,,1818.5368711281942,0.0,0.0,0.0,46.693769205482425,optimal
2021-02-09 13:00:00,9,5,0.8290998565495329,0.0,0.0,0.068,13.8915,6.0,-2,20.0,,,2901.849497923365,0.0,0.0,0.0,46.56386347478988,optimal
2021-02-09 13:30:00,9,5,1.1428571428571428,0.0,0.0,0.2073333333333333,13.4715,6.0,-2,20.08075290892251,,,4000.0,0.0,0.0,0.0,46.43408764982804,optimal
2021-02-09 14:00:00,9,5,1.1428571428571428,0.0,0.0,0.068,13.23,6.0,-2,20.253199814830456,,,4000.0,0.0,0.0,0.0,46.30444160069115,optimal
2021-02-09 14:30:00,9,5,1.1428571428571428,0.0,0.0,0.07433333333333333,13.8915,6.0,-2,20.413547134005757,,,4000.0,0.0,0.0,0.0,46.1749251976034,optimal
2021-02-09 15:00:00,9,5,0.0,0.0,0.0,0.38389999999999996,26.9325,6.0,-2,20.572794138099503,,,0.0,0.0,0.0,0.0,46.04553831091874,optimal
2021-02-09 15:30:00,9,5,0.0,0.0774074074074074,0.0,0.8303333333333334,30.303,6.0,-2,20.46249279093829,,,0.0,0.0,0.0,69.66666666666666,45.91628081112076,optimal
2021-02-09 16:00:00,9,5,0.0,0.387037037037037,0.0,0.7427999999999999,32.886,6.0,-2,20.403284502308345,,,0.0,0.0,0.0,348.3333333333333,45.78715256882258,optimal
2021-02-09 16:30:00,9,5,0.0,0.23222222222222222,0.0,1.4487999999999999,34.9965,6.0,-2,20.34275955517172,,,0.0,0.0,0.0,209.0,45.6581534547667,optimal
2021-02-09 17:00:00,9,5,0.0,0.46444444444444444,0.0,0.3,33.327,6.0,-2,20.33701928558351,,,0.0,0.0,0.0,418.0,45.52928333982487,optimal
2021-02-09 17:30:00,9,5,0.0,0.0,0.0,0.4196333333333333,31.122,6.0,-2,20.24740021465963,,,0.0,0.0,0.0,0.0,45.40054209499799,optimal
2021-02-09 18:00:00,9,5,0.0,0.0,0.0,0.23483333333333328,17.9025,6.0,-2,20.15893659169227,,,0.0,0.0,0.0,0.0,45.27192959141593,optimal
2021-02-09 18:30:00,9,5,0.0,0.0,0.0,0.5563333333333333,15.6555,6.0,-2,20.06580845073154,,,0.0,0.0,0.0,0.0,45.14344570033746,optimal
2021-02-09 19:00:00,9,5,0.51719466400826,0.0,0.0,0.13133333333333333,14.553,6.0,-2,20.0,,,1810.1813240289102,0.0,0.0,0.0,45.01509029315006,optimal
2021-02-09 19:30:00,9,5,0.37450894972254384,0.0,0.0,0.42173333333333335,14.3325,6.0,-2,20.0,,,1310.7813240289033,0.0,0.0,0.0,44.88686324136985,optimal
2021-02-09 20:00:00,9,5,0.35076609257968727,0.0,0.0,0.5211666666666667,13.335,6.0,-2,20.0,,,1227.6813240289055,0.0,0.0,0.0,44.75876441664143,optimal
2021-02-09 20:30:00,9,5,0.0,0.1548148148148148,0.0,1.7165333333333332,12.1275,6.0,-2,20.0,,,0.0,0.0,0.0,139.33333333333331,44.630793690737725,optimal
2021-02-09 21:00:00,9,5,0.0,2.012592592592592,0.0,0.8598333333333333,12.2955,6.0,-2,19.932455658598226,,,0.0,0.0,0.0,1811.333333333333,44.50295093555993,optimal
2021-02-09 21:30:00,9,5,0.0,0.0,0.0,0.6065,11.6865,6.0,-2,19.862107689597604,,,0.0,0.0,0.0,0.0,44.37523602313731,optimal
2021-02-09 22:00:00,9,5,0.0,0.0774074074074074,0.0,0.3113,11.466,6.0,-2,19.793773718002576,,,0.0,0.0,0.0,69.66666666666666,44.24764882562712,optimal
2021-02-09 22:30:00,9,5,0.0,0.0,0.0,1.991266666666667,10.8045,6.0,-2,19.699560334233908,,,0.0,0.0,0.0,0.0,44.20340117680149,optimal
2021-02-09 23:00:00,9,5,0.0,2.4770370370370367,0.0,0.5650333333333333,10.584,6.0,-2,19.646838096164583,,,0.0,0.0,0.0,2229.333333333333,44.15919777562469,optimal
2021-02-09 23:30:00,9,5,0.0,0.0,0.0,0.2582,11.2455,6.0,-2,19.59762471545057,,,0.0,0.0,0.0,0.0,44.11503857784906,optimal
2021-02-10 00:00:00,9,5,0.0,0.0,0.0,0.054,12.789,6.0,3,19.59762471545057,,,0.0,0.0,0.0,0.0,44.07092353927121,optimal
2021-02-10 00:30:00,9,5,0.0,0.0,0.0,0.09079999999999999,11.907,6.0,3,19.472766762095205,,,0.0,0.0,0.0,0.0,44.02685261573194,optimal
2021-02-10 01:00:00,9,5,1.1290059292753787,0.0,0.0,0.15213333333333331,11.7075,6.0,3,19.350850770104863,,,3951.5207524638254,0.0,0.0,0.0,43.98282576311621,optimal
2021-02-10 01:30:00,9,5,1.1428571428571428,0.0,1.2109304334396294,0.06526666666666667,10.8045,6.0,3,19.52961374535113,,,4000.0,0.0,0.0,0.0,44.51403489323692,optimal
2021-02-10 02:00:00,9,5,1.1428571428571428,0.0,0.0,0.29033333333333333,11.508,6.0,3,19.703415212444476,,,4000.0,0.0,0.0,0.0,44.46952085834367,optimal
2021-02-10 02:30:00,9,5,1.1428571428571428,0.0,0.0,0.054,11.508,6.0,3,19.892021880775605,,,4000.0,0.0,0.0,0.0,44.42505133748532,optimal
2021-02-10 03:00:00,9,5,1.1428571428571428,0.0,0.0,0.16666666666666666,11.508,6.0,3,20.06151813992593,,,4000.0,0.0,0.0,0.0,44.38062628614784,optimal
2021-02-10 03:30:00,9,5,1.1428571428571428,0.0,0.0,0.06626666666666667,11.844,6.0,3,20.238182983006972,,,4000.0,0.0,0.0,0.0,44.33624565986169,optimal
2021-02-10 04:00:00,9,5,1.1428571428571428,0.0,0.0,0.2161,11.508,6.0,3,20.406006595745758,,,4000.0,0.0,0.0,0.0,44.29190941420182,optimal
2021-02-10 04:30:00,9,5,1.1428571428571428,0.0,0.0,0.1272333333333333,11.508,6.0,3,20.583794653464935,,,4000.0,0.0,0.0,0.0,44.24761750478761,optimal
2021-02-10 05:00:00,9,5,1.1428571428571428,0.0,3.0,0.054,10.4475,6.0,3,20.75284820743972,,,4000.0,0.0,0.0,0.0,45.628369887282815,optimal
2021-02-10 05:30:00,9,5,1.1428571428571428,0.0,3.0,0.2452666666666667,10.8675,6.0,3,20.914403392138222,,,4000.0,0.0,0.0,0.0,47.00774151739553,optimal
2021-02-10 06:00:00,9,5,1.1428571428571428,0.0,3.0,0.11033333333333331,10.542,6.0,3,21.088324233743606,,,4000.0,0.0,0.0,0.0,48.38573377587813,optimal
2021-02-10 06:30:00,9,5,1.1428571428571428,0.0,0.0,0.054,11.025,6.0,3,21.250089676698586,,,4000.0,0.0,0.0,0.0,48.33734804210225,optimal
2021-02-10 07:00:00,9,5,1.1428571428571428,0.0,0.0,0.09693333333333334,11.025,6.0,3,21.407922638985497,,,4000.0,0.0,0.0,0.0,48.289010694060146,optimal
2021-02-10 07:30:00,9,5,0.0,0.0,0.0,0.2586666666666667,14.553,6.0,3,21.569286447528544,,,0.0,0.0,0.0,0.0,48.240721683366075,optimal
2021-02-10 08:00:00,9,5,0.0,0.0,0.0,0.0584,13.0935,6.0,3,21.44162764634283,,,0.0,0.0,0.0,0.0,48.192480961682705,optimal
2021-02-10 08:30:00,9,5,0.0,0.0774074074074074,0.0,0.3645,15.6345,6.0,3,21.302023900877998,,,0.0,0.0,0.0,69.66666666666666,48.144288480721016,optimal
2021-02-10 09:00:00,9,5,0.0,0.6966666666666667,0.0,2.238366666666667,18.102,6.0,3,21.229847864877627,,,0.0,0.0,0.0,627.0,48.096144192240295,optimal
2021-02-10 09:30:00,9,5,0.0,0.0,0.0,0.4201333333333333,17.199,6.0,3,21.227063106991256,,,0.0,0.0,0.0,0.0,48.048048048048045,optimal
2021-02-10 10:00:00,9,5,0.0,0.1548148148148148,0.0,1.5707666666666669,18.2805,6.0,3,21.1689742696448,,,0.0,0.0,0.0,139.33333333333331,48.0,optimal
2021-02-10 10:30:00,9,5,0.0,0.46444444444444444,0.0,0.6236666666666666,17.4615,6.0,3,21.175785814388835,,,0.0,0.0,0.0,418.0,47.82855840102618,optimal
2021-02-10 11:00:00,9,5,0.0,0.8514814814814814,0.0,3.2732666666666668,18.3225,6.0,3,21.076603750314522,,,0.0,0.0,0.0,766.3333333333333,47.65728824365133,optimal
2021-02-10 11:30:00,9,5,0.0,0.387037037037037,0.0,4.557666666666667,17.094,6.0,3,21.022133965624654,,,0.0,0.0,0.0,348.3333333333333,47.48618935643386,optimal
2021-02-10 12:00:00,9,5,0.0,0.0,0.0,1.5114666666666667,17.094,6.0,3,21.03476993482887,,,0.0,0.0,0.0,0.0,47.31526156810361,optimal
2021-02-10 12:30:00,9,5,0.0,0.0,0.0,2.7476666666666665,17.094,6.0,3,20.947243574213232,,,0.0,0.0,0.0,0.0,47.14450470756169,optimal
2021-02-10 13:00:00,9,5,0.0,0.2740222222222222,0.0,0.8188666666666666,17.3565,6.0,3,20.85736490852633,,,0.0,0.0,0.0,246.62,46.97391860388031,optimal
2021-02-10 13:30:00,9,5,0.0,2.5126444444444447,0.0,3.7073333333333336,17.115,6.0,3,20.773752690284816,,,0.0,0.0,0.0,2261.38,46.803503086302605,optimal
2021-02-10 14:00:00,9,5,0.0,0.0,0.0,0.435,17.241,6.0,3,20.777360335657217,,,0.0,0.0,0.0,0.0,46.63325798424248,optimal
2021-02-10 14:30:00,9,5,0.0,0.0774074074074074,0.0,0.27726666666666666,17.094,6.0,3,20.688024233218187,,,0.0,0.0,0.0,69.66666666666666,46.463183127284424,optimal
2021-02-10 15:00:00,9,5,0.0,0.46444444444444444,0.0,1.2277333333333331,16.5165,6.0,3,20.61162304508802,,,0.0,0.0,0.0,418.0,46.29327834518332,optimal
2021-02-10 15:30:00,9,5,0.0,0.1548148148148148,0.0,1.5062666666666669,17.8185,6.0,3,20.545355481371022,,,0.0,0.0,0.0,139.33333333333331,46.123543467864316,optimal
2021-02-10 16:00:00,9,5,0.0,0.0,0.0,0.33543333333333336,17.094,6.0,3,20.502051513468444,,,0.0,0.0,0.0,0.0,45.95397832542263,optimal
2021-02-10 16:30:00,9,5,0.0,0.1548148148148148,0.0,3.0846666666666667,16.8945,6.0,3,20.445799651077003,,,0.0,0.0,0.0,139.33333333333331,45.78458274812339,optimal
2021-02-10 17:00:00,9,5,0.0,0.3096296296296296,0.0,2.3689666666666667,18.123,6.0,3,20.42416488026247,,,0.0,0.0,0.0,278.66666666666663,45.615356566401445,optimal
2021-02-10 17:30:00,9,5,0.0,0.1548148148148148,0.0,3.0639000000000003,31.647,6.0,3,20.356338947151208,,,0.0,0.0,0.0,139.33333333333331,45.446299610861224,optimal
2021-02-10 18:00:00,9,5,0.0,0.387037037037037,0.0,0.4544333333333333,34.9965,6.0,3,20.34618864563166,,,0.0,0.0,0.0,348.3333333333333,45.277411712276546,optimal
2021-02-10 18:30:00,9,5,0.0,0.23222222222222222,0.0,0.21806666666666663,34.9965,6.0,3,20.297690598545845,,,0.0,0.0,0.0,209.0,45.10869270159045,optimal
2021-02-10 19:00:00,9,5,0.0,0.0,0.0,2.6498000000000004,34.9965,6.0,3,20.211665452773794,,,0.0,0.0,0.0,0.0,44.94014240991504,optimal
2021-02-10 19:30:00,9,5,0.0,0.1548148148148148,0.0,2.9471666666666665,34.9965,6.0,3,20.176308230995662,,,0.0,0.0,0.0,139.33333333333331,44.77176066853131,optimal
2021-02-10 20:00:00,9,5,0.0,0.0774074074074074,0.0,0.6084666666666667,34.9965,6.0,3,20.095615105457778,,,0.0,0.0,0.0,69.66666666666666,44.603547308888956,optimal
2021-02-10 20:30:00,9,5,0.0,0.0,0.0,0.22690000000000002,27.741,6.0,3,20.0,,,0.0,0.0,0.0,0.0,44.43550216260625,optimal
2021-02-10 21:00:00,9,5,0.0,0.0,0.0,1.2047,19.026,6.0,3,19.92442192075014,,,0.0,0.0,0.0,0.0,44.26762506146982,optimal
2021-02-10 21:30:00,9,5,0.0,0.0,0.0,3.4206,18.7215,6.0,3,19.857160668377823,,,0.0,0.0,0.0,0.0,44.09991583743453,optimal
2021-02-10 22:00:00,9,5,0.0,7.121481481481481,0.0,0.6183333333333334,17.4195,6.0,3,19.827112498970248,,,0.0,0.0,0.0,6409.333333333333,43.932374322623275,optimal
2021-02-10 22:30:00,9,5,0.0,0.0774074074074074,0.0,2.2592,16.758,6.0,3,19.744155124474226,,,0.0,0.0,0.0,69.66666666666666,43.76500034932683,optimal
2021-02-10 23:00:00,9,5,0.0,0.1548148148148148,0.0,2.2519666666666667,14.217,6.0,3,19.660846967007917,,,0.0,0.0,0.0,139.33333333333331,43.59779375000369,optimal
2021-02-10 23:30:00,9,5,0.0,0.6966666666666667,0.0,0.6277999999999999,13.3665,6.0,3,19.573153186800372,,,0.0,0.0,0.0,627.0,43.554195956253686,optimal
2021-02-11 00:00:00,9,5,1.1428571428571428,0.0,0.0,0.1502666666666667,11.025,6.0,0,19.573153186800372,,,4000.0,0.0,0.0,0.0,43.51064176029743,optimal
2021-02-11 00:30:00,9,5,1.1428571428571428,0.0,0.0,0.056,12.0855,6.0,0,19.72432372305306,,,4000.0,0.0,0.0,0.0,43.46713111853713,optimal
2021-02-11 01:00:00,9,5,1.1428571428571428,0.0,0.0,0.17056666666666667,11.6865,6.0,0,19.867527544238055,,,4000.0,0.0,0.0,0.0,43.42366398741859,optimal
2021-02-11 01:30:00,9,5,1.1428571428571428,0.0,0.0,0.1659,11.2245,6.0,0,20.018987629569114,,,4000.0,0.0,0.0,0.0,43.380240323431174,optimal
2021-02-11 02:00:00,9,5,1.1428571428571428,0.0,0.0,0.084,11.025,6.0,0,20.168964445780887,,,4000.0,0.0,0.0,0.0,43.336860083107744,optimal
2021-02-11 02:30:00,9,5,1.1428571428571428,0.0,3.0,0.2524666666666667,10.7835,6.0,0,20.311685240741536,,,4000.0,0.0,0.0,0.0,44.71852322302463,optimal
2021-02-11 03:00:00,9,5,1.1428571428571428,0.0,0.0,0.056,11.025,6.0,0,20.465205233967083,,,4000.0,0.0,0.0,0.0,44.67380469980161,optimal
2021-02-11 03:30:00,9,5,1.1428571428571428,0.0,3.0,0.112,10.584,6.0,0,20.602114431314522,,,4000.0,0.0,0.0,0.0,46.0541308951018,optimal
2021-02-11 04:00:00,9,5,1.1428571428571428,0.0,1.9007260030928976,0.22446666666666668,11.025,6.0,0,20.74406392956268,,,4000.0,0.0,0.0,0.0,46.910921615675825,optimal
2021-02-11 04:30:00,9,5,1.1428571428571428,0.0,3.0,0.056,10.4265,6.0,0,20.895244678164236,,,4000.0,0.0,0.0,0.0,48.289010694060146,optimal
2021-02-11 05:00:00,9,5,1.1428571428571428,0.0,0.0,0.19856666666666664,12.789,6.0,0,21.03267758233187,,,4000.0,0.0,0.0,0.0,48.240721683366075,optimal
2021-02-11 05:30:00,9,5,1.1428571428571428,0.0,0.0,0.1379,12.684,6.0,0,21.17975824188449,,,4000.0,0.0,0.0,0.0,48.192480961682705,optimal
2021-02-11 06:00:00,9,5,1.1428571428571428,0.0,0.0,0.056,16.254,6.0,0,21.323066119523926,,,4000.0,0.0,0.0,0.0,48.144288480721016,optimal
2021-02-11 06:30:00,9,5,0.0,0.0,0.0,0.1603,17.64,6.0,0,21.46103933391349,,,0.0,0.0,0.0,0.0,48.096144192240295,optimal
2021-02-11 07:00:00,9,5,0.0,0.387037037037037,0.0,0.17516666666666666,19.1625,6.0,0,21.30810968615793,,,0.0,0.0,0.0,348.3333333333333,48.048048048048045,optimal
2021-02-11 07:30:00,9,5,0.0,0.0,0.0,0.0742,26.46,6.0,0,21.179541863724396,,,0.0,0.0,0.0,0.0,48.0,optimal
2021-02-11 08:00:00,9,5,0.0,0.0,0.0,1.7578333333333334,20.79,6.0,0,21.044785002237134,,,0.0,0.0,0.0,0.0,47.628909958965174,optimal
2021-02-11 08:30:00,9,5,0.0,0.7167925925925925,0.0,0.14233333333333334,29.106,6.0,0,20.934644958588933,,,0.0,0.0,0.0,645.1133333333333,47.258191007971384,optimal
2021-02-11 09:00:00,9,5,0.0,0.0,0.0,0.21819999999999998,19.1835,6.0,0,20.769386966306538,,,0.0,0.0,0.0,0.0,46.88784277592859,optimal
2021-02-11 09:30:00,9,5,0.0,0.0,0.0,0.2976666666666667,19.6665,6.0,0,20.602452872269772,,,0.0,0.0,0.0,0.0,46.517864892117835,optimal
2021-02-11 10:00:00,9,5,0.0,0.0,0.0,0.1743,19.404,6.0,0,20.454364044094472,,,0.0,0.0,0.0,0.0,46.148256986190894,optimal
2021-02-11 10:30:00,9,5,0.0,0.0,0.0,0.18806666666666663,19.047,6.0,0,20.309136597710047,,,0.0,0.0,0.0,0.0,45.77901868816988,optimal
2021-02-11 11:00:00,9,5,0.46119280730094675,0.0,0.0,0.1484,18.858,6.0,0,20.168623206717537,,,1614.1748255533137,0.0,0.0,0.0,45.41014962844688,optimal
2021-02-11 11:30:00,9,5,0.0,0.0,0.0,0.1288,19.2675,6.0,0,20.142582104999743,,,0.0,0.0,0.0,0.0,45.04164943778361,optimal
2021-02-11 12:00:00,9,5,0.5248898066653667,0.0,0.0,0.10640000000000001,18.963,6.0,0,20.0,,,1837.1143233287835,0.0,0.0,0.0,44.673517747311,optimal
2021-02-11 12:30:00,9,5,0.9623249876171233,0.0,0.0,0.17966666666666667,18.438,6.0,0,20.0,,,3368.1374566599316,0.0,0.0,0.0,44.305754188528866,optimal
2021-02-11 13:00:00,9,5,0.0,0.0,0.0,0.15680000000000002,18.7425,6.0,0,20.12500790534741,,,0.0,0.0,0.0,0.0,43.93835839330551,optimal
2021-02-11 13:30:00,9,5,1.1428571428571428,0.0,0.0,0.1211,15.2145,6.0,0,20.0,,,4000.0,0.0,0.0,0.0,43.571329993877384,optimal
2021-02-11 14:00:00,9,5,0.0,0.753948148148148,0.0,0.3216333333333333,17.7765,6.0,0,20.17355523406646,,,0.0,0.0,0.0,678.5533333333332,43.204668622848686,optimal
2021-02-11 14:30:00,9,5,1.0250464502322063,0.0,0.0,0.2169333333333333,16.758,6.0,0,20.072272300619755,,,3587.6625758127225,0.0,0.0,0.0,42.83837391319101,optimal
2021-02-11 15:00:00,9,5,1.1428571428571428,0.0774074074074074,0.0,0.19053333333333333,16.422,6.0,0,20.23607574979104,,,4000.0,0.0,0.0,69.66666666666666,42.472445498243,optimal
2021-02-11 15:30:00,9,5,1.1428571428571428,0.3096296296296296,0.0,0.19313333333333332,16.758,6.0,0,20.429303573561334,,,4000.0,0.0,0.0,278.66666666666663,42.10688301170993,optimal
2021-02-11 16:00:00,9,5,0.0,0.0,0.0,1.1292666666666669,29.358,6.0,0,20.621572742130247,,,0.0,0.0,0.0,0.0,41.741686087663396,optimal
2021-02-11 16:30:00,9,5,0.0,0.6192592592592592,0.0,0.9039333333333331,34.9965,6.0,0,20.525180433752844,,,0.0,0.0,0.0,557.3333333333333,41.37685436054091,optimal
2021-02-11 17:00:00,9,5,0.0,0.46444444444444444,0.0,0.34753333333333336,34.65,6.0,0,20.426197405017337,,,0.0,0.0,0.0,418.0,41.012387465145544,optimal
2021-02-11 17:30:00,9,5,0.0,0.23222222222222222,0.0,1.6441666666666668,34.9965,6.0,0,20.334966861422025,,,0.0,0.0,0.0,209.0,40.648285036645575,optimal
2021-02-11 18:00:00,9,5,0.0,0.0,0.0,0.38480000000000003,34.9965,6.0,0,20.29641741085954,,,0.0,0.0,0.0,0.0,40.284546710574105,optimal
2021-02-11 18:30:00,9,5,0.0,0.1548148148148148,0.0,0.32953333333333334,30.4815,6.0,0,20.2125423337237,,,0.0,0.0,0.0,139.33333333333331,39.92117212282871,optimal
2021-02-11 19:00:00,9,5,0.0,0.3096296296296296,0.0,0.13796666666666668,21.4305,6.0,0,20.120445957417054,,,0.0,0.0,0.0,278.66666666666663,39.55816090967105,optimal
2021-02-11 19:30:00,9,5,0.4870096968107325,0.1548148148148148,0.0,0.2931333333333333,14.3325,6.0,0,20.0,,,1704.5339388375637,0.0,0.0,139.33333333333331,39.19551270772656,optimal
2021-02-11 20:00:00,9,5,0.42337368082695337,0.0774074074074074,0.0,0.5155333333333333,13.692,6.0,0,20.0,,,1481.807882894337,0.0,0.0,69.66666666666666,38.833227153984005,optimal
2021-02-11 20:30:00,9,5,0.0,0.0,0.0,0.1814,14.007,6.0,0,20.0,,,0.0,0.0,0.0,0.0,38.471303885795194,optimal
2021-02-11 21:00:00,9,5,0.0,0.0,0.0,0.14553333333333332,12.873,6.0,0,19.85570476428613,,,0.0,0.0,0.0,0.0,38.10974254087458,optimal
2021-02-11 21:30:00,9,5,0.0,0.387037037037037,0.0,0.34476666666666667,12.684,6.0,0,19.714022088697362,,,0.0,0.0,0.0,348.3333333333333,37.74854275729888,optimal
2021-02-11 22:00:00,9,5,0.0,0.0,0.0,0.228,12.306,6.0,0,19.59612747141442,,,0.0,0.0,0.0,0.0,37.387704173506755,optimal
2021-02-11 22:30:00,9,5,0.0,0.1548148148148148,0.0,0.27626666666666666,10.6365,6.0,0,19.48130353896373,,,0.0,0.0,0.0,139.33333333333331,37.35031646933325,optimal
2021-02-11 23:00:00,9,5,0.0,6.966666666666665,0.0,0.17393333333333333,11.2455,6.0,0,19.364570128290588,,,0.0,0.0,0.0,6269.999999999999,37.312966152863915,optimal
2021-02-11 23:30:00,9,5,0.0,0.0,0.0,0.1454,11.2455,6.0,0,19.233023340667355,,,0.0,0.0,0.0,0.0,37.275653186711054,optimal
2021-02-12 00:00:00,9,5,1.1428571428571428,0.5418518518518518,0.04850846197765996,0.188,10.8045,6.0,-1,19.233023340667355,,,4000.0,0.0,0.0,487.6666666666667,37.261419052963724,optimal
2021-02-12 00:30:00,9,5,1.1428571428571428,0.0,0.0,0.2906,11.025,6.0,-1,19.374959925093474,,,4000.0,0.0,0.0,0.0,37.22415763391076,optimal
2021-02-12 01:00:00,9,5,1.1428571428571428,0.0,3.0,0.3116666666666667,10.3635,6.0,-1,19.52621349548359,,,4000.0,0.0,0.0,0.0,38.61193347627684,optimal
2021-02-12 01:30:00,9,5,1.1428571428571428,0.0,3.0,0.061,10.8045,6.0,-1,19.66620496033821,,,4000.0,0.0,0.0,0.0,39.99832154280056,optimal
2021-02-12 02:00:00,9,5,1.1428571428571428,0.0,3.0,0.2848333333333333,10.059,6.0,-1,19.787125115686607,,,4000.0,0.0,0.0,0.0,41.383323221257754,optimal
2021-02-12 02:30:00,9,5,1.1428571428571428,0.0,3.0,0.1454,10.584,6.0,-1,19.924651115112027,,,4000.0,0.0,0.0,0.0,42.76693989803649,optimal
2021-02-12 03:00:00,9,5,1.1428571428571428,0.0,3.0,0.21653333333333333,9.4185,6.0,-1,20.05295145968841,,,4000.0,0.0,0.0,0.0,44.14917295813844,optimal
2021-02-12 03:30:00,9,5,1.1428571428571428,0.0,3.0,0.08466666666666667,10.3635,6.0,-1,20.18786414221278,,,4000.0,0.0,0.0,0.0,45.530023785180305,optimal
2021-02-12 04:00:00,9,5,1.1428571428571428,0.0,3.0,0.21016666666666664,9.8385,6.0,-1,20.317131683249027,,,4000.0,0.0,0.0,0.0,46.90949376139512,optimal
2021-02-12 04:30:00,9,5,1.1428571428571428,0.0,0.0,0.16040000000000001,11.067,6.0,-1,20.460070034603827,,,4000.0,0.0,0.0,0.0,46.86258426763372,optimal
2021-02-12 05:00:00,9,5,1.1428571428571428,0.0,3.0,0.16413333333333333,10.8465,6.0,-1,20.603451477160693,,,4000.0,0.0,0.0,0.0,48.240721683366075,optimal
2021-02-12 05:30:00,9,5,0.0,0.0,0.0,0.14793333333333333,13.671,6.0,-1,20.751279205957925,,,0.0,0.0,0.0,0.0,48.192480961682705,optimal
2021-02-12 06:00:00,9,5,1.1428571428571428,0.0,0.0,0.24226666666666669,12.348,6.0,-1,20.603223450713333,,,4000.0,0.0,0.0,0.0,48.144288480721016,optimal
2021-02-12 06:30:00,9,5,0.0,0.0,0.0,0.0849,14.3325,6.0,-1,20.76863170493294,,,0.0,0.0,0.0,0.0,48.096144192240295,optimal
2021-02-12 07:00:00,9,5,0.0,0.0,0.0,0.26166666666666666,15.393,6.0,-1,20.622038412426054,,,0.0,0.0,0.0,0.0,48.048048048048045,optimal
2021-02-12 07:30:00,9,5,0.1010205722098467,2.4770370370370367,0.0,0.4540666666666667,13.587,6.0,-1,20.490953134996865,,,353.57200273446347,0.0,0.0,2229.333333333333,48.0,optimal
2021-02-12 08:00:00,9,5,0.0,0.46444444444444444,0.0,0.4088,16.1385,6.0,-1,20.406955878881732,,,0.0,0.0,0.0,418.0,47.56088849220055,optimal
2021-02-12 08:30:00,9,5,0.0,0.0774074074074074,0.0,0.4474333333333333,14.595,6.0,-1,20.29169992444669,,,0.0,0.0,0.0,69.66666666666666,47.1222160959089,optimal
2021-02-12 09:00:00,9,5,0.0,0.0,0.0,0.25066666666666665,14.637,6.0,-1,20.16457389055011,,,0.0,0.0,0.0,0.0,46.68398237201354,optimal
2021-02-12 09:30:00,9,5,0.5885345174894355,0.0,0.0,0.15203333333333333,13.9125,6.0,-1,20.0,,,2059.8708112130244,0.0,0.0,0.0,46.24618688184207,optimal
2021-02-12 10:00:00,9,5,0.5039982942038282,0.0,0.0,0.228,13.3665,6.0,-1,20.0,,,1763.994029713399,0.0,0.0,0.0,45.808829187160775,optimal
2021-02-12 10:30:00,9,5,1.0003851296335007,0.0,0.0,0.10859999999999999,13.0095,6.0,-1,20.0,,,3501.347953717252,0.0,0.0,0.0,45.371908850174165,optimal
2021-02-12 11:00:00,9,5,0.0,0.0,0.0,0.2665,13.8915,6.0,-1,20.124159749230046,,,0.0,0.0,0.0,0.0,44.93542543352454,optimal
2021-02-12 11:30:00,9,5,0.4961796318508016,0.0,0.0,0.1704,13.188,6.0,-1,20.0,,,1736.6287114778056,0.0,0.0,0.0,44.49937850029157,optimal
2021-02-12 12:00:00,9,5,0.4758754451345873,0.0,0.0,0.23646666666666666,12.5685,6.0,-1,20.0,,,1665.5640579710555,0.0,0.0,0.0,44.06376761399183,optimal
2021-02-12 12:30:00,9,5,0.5217236485145291,0.0,0.0,0.071,12.285,6.0,-1,20.0,,,1826.0327698008518,0.0,0.0,0.0,43.628592338578386,optimal
2021-02-12 13:00:00,9,5,1.1428571428571428,0.0,0.0,0.19466666666666663,11.487,6.0,-1,20.0,,,4000.0,0.0,0.0,0.0,43.19385223844036,optimal
2021-02-12 13:30:00,9,5,0.180266721261443,0.0,0.0,0.2122,11.802,6.0,-1,20.17243966205988,,,630.9335244150504,0.0,0.0,0.0,42.75954687840247,optimal
2021-02-12 14:00:00,9,5,1.1428571428571428,0.0,0.0,0.12533333333333332,11.2245,6.0,-1,20.091850051888283,,,4000.0,0.0,0.0,0.0,42.325675823724616,optimal
2021-02-12 14:30:00,9,5,1.1428571428571428,0.0,0.0,0.3846666666666667,11.025,6.0,-1,20.25691275753368,,,4000.0,0.0,0.0,0.0,41.89223864010144,optimal
2021-02-12 15:00:00,9,5,1.1428571428571428,0.0,0.0,0.071,11.907,6.0,-1,20.439412245184013,,,4000.0,0.0,0.0,0.0,41.459234893661886,optimal
2021-02-12 15:30:00,9,5,0.0,0.387037037037037,0.0,0.2842,25.83,6.0,-1,20.596307118798947,,,0.0,0.0,0.0,348.3333333333333,41.02666415096877,optimal
2021-02-12 16:00:00,9,5,0.0,1.7803703703703702,0.0,0.7016,28.035,6.0,-1,20.501592275810165,,,0.0,0.0,0.0,1602.3333333333333,40.59452597901835,optimal
2021-02-12 16:30:00,9,5,0.0,0.46444444444444444,0.0,0.34876666666666667,28.119,6.0,-1,20.449953575203857,,,0.0,0.0,0.0,418.0,40.16281994523988,optimal
2021-02-12 17:00:00,9,5,0.0,0.23222222222222222,0.0,0.5400333333333333,30.156,6.0,-1,20.36771116676984,,,0.0,0.0,0.0,209.0,39.73154561749519,optimal
2021-02-12 17:30:00,9,5,0.0,0.3096296296296296,0.0,0.7301666666666666,29.1585,6.0,-1,20.299585139465023,,,0.0,0.0,0.0,278.66666666666663,39.30070256407825,optimal
2021-02-12 18:00:00,9,5,0.0,0.0,0.0,0.34576666666666667,26.712,6.0,-1,20.24258852123796,,,0.0,0.0,0.0,0.0,38.87029035371472,optimal
2021-02-12 18:30:00,9,5,0.0,0.387037037037037,0.0,0.36006666666666665,15.435,6.0,-1,20.148644727465495,,,0.0,0.0,0.0,348.3333333333333,38.44030855556156,optimal
2021-02-12 19:00:00,9,5,0.0,0.0,0.0,0.6433666666666666,13.566,6.0,-1,20.055277016330393,,,0.0,0.0,0.0,0.0,38.01075673920654,optimal
2021-02-12 19:30:00,9,5,0.20598064003257563,0.0774074074074074,0.0,0.47203333333333336,12.789,6.0,-1,20.0,,,720.9322401140147,0.0,0.0,69.66666666666666,37.97274598246734,optimal
2021-02-12 20:00:00,9,5,0.2340747094631766,0.0,0.0,0.5557000000000001,12.1275,6.0,-1,20.0,,,819.2614831211181,0.0,0.0,0.0,37.93477323648487,optimal
2021-02-12 20:30:00,9,5,0.0,0.0,0.0,0.5772333333333334,13.671,6.0,-1,20.0,,,0.0,0.0,0.0,0.0,37.896838463248386,optimal
2021-02-12 21:00:00,9,5,0.0,0.0,0.0,0.24930000000000002,10.668,6.0,-1,19.933320507458713,,,0.0,0.0,0.0,0.0,37.85894162478514,optimal
2021-02-12 21:30:00,9,5,0.0,0.0774074074074074,0.0,0.5177999999999999,11.7285,6.0,-1,19.846900870148893,,,0.0,0.0,0.0,69.66666666666666,37.821082683160355,optimal
2021-02-12 22:00:00,9,5,0.0,0.0,0.0,0.4309333333333333,11.025,6.0,-1,19.779962345334074,,,0.0,0.0,0.0,0.0,37.783261600477196,optimal
2021-02-12 22:30:00,9,5,0.0,0.0774074074074074,0.0,0.4934333333333333,10.689,6.0,-1,19.692940517030927,,,0.0,0.0,0.0,69.66666666666666,37.74547833887672,optimal
2021-02-12 23:00:00,9,5,0.0,6.115185185185184,0.0,0.48769999999999997,8.1585,6.0,-1,19.603986473349906,,,0.0,0.0,0.0,5503.666666666666,37.707732860537845,optimal
2021-02-12 23:30:00,9,5,0.0,0.0,0.0,0.24806666666666663,10.3635,6.0,-1,19.516866570818397,,,0.0,0.0,0.0,0.0,37.670025127677306,optimal
2021-02-13 00:00:00,9,5,0.0,0.0,0.0,0.057,11.025,6.0,4,19.516866570818397,,,0.0,0.0,0.0,0.0,37.63235510254963,optimal
2021-02-13 00:30:00,9,5,1.1428571428571428,0.0,3.0,0.057,8.2005,6.0,4,19.387799993392917,,,4000.0,0.0,0.0,0.0,39.01972274744708,optimal
2021-02-13 01:00:00,9,5,0.0,0.0,0.0,0.09866666666666668,9.5655,6.0,4,19.559626154561524,,,0.0,0.0,0.0,0.0,38.98070302469963,optimal
2021-02-13 01:30:00,9,5,1.1428571428571428,0.0,3.0,0.09033333333333332,7.056,6.0,4,19.434108400621387,,,4000.0,0.0,0.0,0.0,40.36672232167493,optimal
2021-02-13 02:00:00,9,5,0.0,0.0,0.0,0.09033333333333332,9.3975,6.0,4,19.608832752415726,,,0.0,0.0,0.0,0.0,40.326355599353256,optimal
2021-02-13 02:30:00,9,5,0.0,0.0,0.0,0.09866666666666668,10.059,6.0,4,19.483071157612713,,,0.0,0.0,0.0,0.0,40.2860292437539,optimal
2021-02-13 03:00:00,9,5,0.4949364341490646,0.0,0.0,0.061166666666666654,9.261,6.0,4,19.35887504920528,,,1732.277519521726,0.0,0.0,0.0,40.24574321451015,optimal
2021-02-13 03:30:00,9,5,1.1428571428571428,0.0,3.0,0.12783333333333333,8.1585,6.0,4,19.362527263693828,,,4000.0,0.0,0.0,0.0,41.630497471295634,optimal
2021-02-13 04:00:00,9,5,0.0,0.0,0.0,0.07783333333333332,9.4815,6.0,4,19.54059575630163,,,0.0,0.0,0.0,0.0,41.58886697382434,optimal
2021-02-13 04:30:00,9,5,1.1428571428571428,0.0,2.141973890521486,0.11116666666666669,8.379,6.0,4,19.413660290866066,,,4000.0,0.0,0.0,0.0,42.56471570484822,optimal
2021-02-13 05:00:00,9,5,1.1428571428571428,0.0,0.0,0.0695,9.5235,6.0,4,19.588975018545543,,,4000.0,0.0,0.0,0.0,42.52215098914336,optimal
2021-02-13 05:30:00,9,5,1.1428571428571428,0.0,3.0,0.1195,8.1375,6.0,4,19.75910847424221,,,4000.0,0.0,0.0,0.0,43.90462883815422,optimal
2021-02-13 06:00:00,9,5,0.0,0.0,0.0,0.057,10.0905,6.0,4,19.93096418365771,,,0.0,0.0,0.0,0.0,43.86072420931606,optimal
2021-02-13 06:30:00,9,5,1.1428571428571428,0.0,3.0,0.057,7.539,6.0,4,19.796552054215947,,,4000.0,0.0,0.0,0.0,45.24186348510674,optimal
2021-02-13 07:00:00,9,5,1.1428571428571428,0.46444444444444444,3.0,1.4063333333333332,7.938,6.0,4,19.962324104389534,,,4000.0,0.0,0.0,418.0,46.62162162162162,optimal
2021-02-13 07:30:00,9,5,1.1428571428571428,0.46444444444444444,3.0,0.9151666666666667,8.274,6.0,4,20.15378712863652,,,4000.0,0.0,0.0,418.0,48.0,optimal
2021-02-13 08:00:00,9,5,1.1428571428571428,6.192592592592591,0.0,0.2678333333333333,9.261,6.0,4,20.35322649957717,,,4000.0,0.0,0.0,5573.333333333332,47.84812597304549,optimal
2021-02-13 08:30:00,9,5,1.1428571428571428,0.0,0.0,2.2664333333333335,9.9225,6.0,4,20.55067831126412,,,4000.0,0.0,0.0,0.0,47.696403820117936,optimal
2021-02-13 09:00:00,9,5,1.1428571428571428,0.9288888888888889,0.0,0.2527,9.702,6.0,4,20.763983492413725,,,4000.0,0.0,0.0,836.0,47.54483338934331,optimal
2021-02-13 09:30:00,9,5,0.0,0.23222222222222222,0.0,0.21966666666666662,10.584,6.0,4,20.951418055711446,,,0.0,0.0,0.0,209.0,47.39341452899946,optimal
2021-02-13 10:00:00,9,5,1.1428571428571428,0.0774074074074074,0.0,0.38380000000000003,10.143,6.0,4,20.84024546324549,,,4000.0,0.0,0.0,69.66666666666666,47.24214708751595,optimal
2021-02-13 10:30:00,9,5,0.0,0.1548148148148148,0.0,0.9588,13.0095,6.0,4,21.038927458438565,,,0.0,0.0,0.0,139.33333333333331,47.09103091347393,optimal
2021-02-13 11:00:00,9,5,0.0,0.0,0.0,2.129,11.025,6.0,4,20.934882747222886,,,0.0,0.0,0.0,0.0,46.94006585560595,optimal
2021-02-13 11:30:00,9,5,0.0,0.387037037037037,0.0,2.939366666666667,12.789,6.0,4,20.897974066004686,,,0.0,0.0,0.0,348.3333333333333,46.789251762795836,optimal
2021-02-13 12:00:00,9,5,0.0,0.0,0.0,3.639033333333333,12.1275,6.0,4,20.878359086281307,,,0.0,0.0,0.0,0.0,46.63858848407853,optimal
2021-02-13 12:30:00,9,5,0.0,0.3096296296296296,0.0,1.7960666666666667,12.1695,6.0,4,20.826773291918638,,,0.0,0.0,0.0,278.66666666666663,46.488075868639946,optimal
2021-02-13 13:00:00,9,5,0.0,0.23222222222222222,0.0,2.3423000000000003,12.306,6.0,4,20.725092297793086,,,0.0,0.0,0.0,209.0,46.3377137658168,optimal
2021-02-13 13:30:00,9,5,0.0,0.0,0.0,0.21766666666666662,13.23,6.0,4,20.637881167398046,,,0.0,0.0,0.0,0.0,46.18750202509648,optimal
2021-02-13 14:00:00,9,5,0.0,0.0,0.0,0.204,13.671,6.0,4,20.52817966006704,,,0.0,0.0,0.0,0.0,46.03744049611687,optimal
2021-02-13 14:30:00,9,5,0.0,0.0,0.0,0.2036,13.9335,6.0,4,20.418837227984298,,,0.0,0.0,0.0,0.0,45.88752902866625,optimal
2021-02-13 15:00:00,9,5,0.0,0.0,0.0,2.095833333333333,13.293,6.0,4,20.305153210824525,,,0.0,0.0,0.0,0.0,45.737767472683075,optimal
2021-02-13 15:30:00,9,5,0.0,0.0,0.0,0.2558333333333333,12.1065,6.0,4,20.20539784553522,,,0.0,0.0,0.0,0.0,45.58815567825589,optimal
2021-02-13 16:00:00,9,5,0.0,0.6192592592592592,0.0,0.19126666666666667,11.571,6.0,4,20.100227739056397,,,0.0,0.0,0.0,557.3333333333333,45.43869349562313,optimal
2021-02-13 16:30:00,9,5,1.1428571428571428,0.1548148148148148,0.0,2.5365333333333333,11.025,6.0,4,20.0,,,4000.0,0.0,0.0,139.33333333333331,45.289380775172994,optimal
2021-02-13 17:00:00,9,5,1.1428571428571428,0.0,0.0,0.4026,10.8465,6.0,4,20.252473018338513,,,4000.0,0.0,0.0,0.0,45.14021736744331,optimal
2021-02-13 17:30:00,9,5,0.10190053197874259,0.0774074074074074,0.0,0.4649,11.2455,6.0,4,20.476194729889567,,,356.65186192559906,0.0,0.0,69.66666666666666,44.99120312312136,optimal
2021-02-13 18:00:00,9,5,0.0,0.23222222222222222,0.0,0.28703333333333336,23.8665,6.0,4,20.436774201216622,,,0.0,0.0,0.0,209.0,44.842337893043734,optimal
2021-02-13 18:30:00,9,5,0.0,0.23222222222222222,0.0,0.09086666666666667,27.4575,6.0,4,20.36126955158812,,,0.0,0.0,0.0,209.0,44.69362152819618,optimal
2021-02-13 19:00:00,9,5,0.0,0.0774074074074074,0.0,0.068,27.3735,6.0,4,20.264680121700767,,,0.0,0.0,0.0,69.66666666666666,44.648927906667986,optimal
2021-02-13 19:30:00,9,5,0.0,0.1548148148148148,0.0,0.1715,30.4605,6.0,4,20.17121030706601,,,0.0,0.0,0.0,139.33333333333331,44.604278978761315,optimal
2021-02-13 20:00:00,9,5,0.0,0.3096296296296296,0.0,0.2278,30.0195,6.0,4,20.08311600188899,,,0.0,0.0,0.0,278.66666666666663,44.559674699782555,optimal
2021-02-13 20:30:00,9,5,0.0,0.0774074074074074,0.0,0.2653333333333333,26.9325,6.0,4,20.0,,,0.0,0.0,0.0,69.66666666666666,44.51511502508277,optimal
2021-02-13 21:00:00,9,5,0.0,0.0774074074074074,0.0,0.39926666666666666,14.595,6.0,4,19.92666998710106,,,0.0,0.0,0.0,69.66666666666666,44.470599910057686,optimal
2021-02-13 21:30:00,9,5,0.0,0.0,0.0,0.222,12.4845,6.0,4,19.852767080582428,,,0.0,0.0,0.0,0.0,44.42612931014763,optimal
2021-02-13 22:00:00,9,5,0.0,0.23222222222222222,0.0,0.8039333333333333,12.1275,6.0,4,19.766817377561374,,,0.0,0.0,0.0,209.0,44.381703180837484,optimal
2021-02-13 22:30:00,9,5,0.0,0.0,0.0,1.6901,12.1275,6.0,4,19.684808796665074,,,0.0,0.0,0.0,0.0,44.337321477656644,optimal
2021-02-13 23:00:00,9,5,0.0,0.0,0.0,0.9612666666666667,12.789,6.0,4,19.613104474510425,,,0.0,0.0,0.0,0.0,44.29298415617899,optimal
2021-02-13 23:30:00,9,5,0.0,0.0,0.0,0.06566666666666666,11.907,6.0,4,19.510822762088868,,,0.0,0.0,0.0,0.0,44.24869117202281,optimal
2021-02-07 00:00:00,10,5,0.0,0.387037037037037,0.0,0.10293333333333334,10.3635,6.0,-1,21.0,,,0.0,0.0,0.0,348.3333333333333,47.952,optimal
2021-02-07 00:30:00,10,5,0.0,0.0,0.0,0.16219999999999998,8.274,6.0,-1,20.894212056150053,,,0.0,0.0,0.0,0.0,47.904047999999996,optimal
2021-02-07 01:00:00,10,5,0.0,0.0,0.0,0.062,7.7175,6.0,-1,20.786465431548542,,,0.0,0.0,0.0,0.0,47.856143952,optimal
2021-02-07 01:30:00,10,5,0.0,0.0,0.0,0.07313333333333334,6.615,6.0,-1,20.671273011281787,,,0.0,0.0,0.0,0.0,47.80828780804799,optimal
2021-02-07 02:00:00,10,5,0.0,0.0,0.0,0.17333333333333334,6.174,6.0,-1,20.557402358672046,,,0.0,0.0,0.0,0.0,47.76047952023995,optimal
2021-02-07 02:30:00,10,5,1.1428571428571428,0.0,0.0,0.1268,3.906,6.0,-1,20.451513610340317,,,4000.0,0.0,0.0,0.0,47.712719040719705,optimal
2021-02-07 03:00:00,10,5,1.1428571428571428,0.0,0.0,0.18446666666666667,2.3415,6.0,-1,20.641736444020687,,,4000.0,0.0,0.0,0.0,47.66500632167899,optimal
2021-02-07 03:30:00,10,5,1.1428571428571428,0.0,0.0,0.062,2.205,6.0,-1,20.834105289369514,,,4000.0,0.0,0.0,0.0,47.61734131535731,optimal
2021-02-07 04:00:00,10,5,1.1428571428571428,0.0,1.311067342401606,0.14286666666666667,0.882,6.0,-1,21.01548853088227,,,4000.0,0.0,0.0,0.0,48.192480961682705,optimal
2021-02-07 04:30:00,10,5,1.1428571428571428,0.0,0.0,0.1684,1.5435,6.0,-1,21.20119564548906,,,4000.0,0.0,0.0,0.0,48.144288480721016,optimal
2021-02-07 05:00:00,10,5,1.1428571428571428,0.0,0.0,0.07313333333333334,1.5435,6.0,-1,21.387424746282758,,,4000.0,0.0,0.0,0.0,48.096144192240295,optimal
2021-02-07 05:30:00,10,5,1.1428571428571428,0.0,0.0,0.24966666666666662,5.0715,6.0,-1,21.565125446589544,,,4000.0,0.0,0.0,0.0,48.048048048048045,optimal
2021-02-07 06:00:00,10,5,0.8734605558935848,2.2448148148148146,0.0,0.2844,5.376,6.0,-1,21.769049743248388,,,3057.111945627547,0.0,0.0,2020.3333333333333,48.0,optimal
2021-02-07 06:30:00,10,5,1.1428571428571428,0.46444444444444444,0.0,0.548,5.0715,6.0,-1,21.918559955960884,,,4000.0,0.0,0.0,418.0,47.62173365575747,optimal
2021-02-07 07:00:00,10,5,0.0,10.062962962962963,0.0,0.20266666666666663,5.5125,6.0,-1,22.15895022973328,,,0.0,0.0,0.0,9056.666666666668,47.243845577859176,optimal
2021-02-07 07:30:00,10,5,0.0,0.1548148148148148,0.0,0.2718,9.261,6.0,-1,22.079691212065942,,,0.0,0.0,0.0,139.33333333333331,46.866335388038785,optimal
2021-02-07 08:00:00,10,5,0.0,0.0,0.0,0.4953,11.7075,6.0,-1,22.0,,,0.0,0.0,0.0,0.0,46.489202708408214,optimal
2021-02-07 08:30:00,10,5,0.0,0.0,0.0,0.14436666666666667,12.348,6.0,-1,21.907925196111727,,,0.0,0.0,0.0,0.0,46.112447161457276,optimal
2021-02-07 09:00:00,10,5,0.0,0.0,0.0,0.072,12.348,6.0,-1,21.764522538296877,,,0.0,0.0,0.0,0.0,45.73606837005329,optimal
2021-02-07 09:30:00,10,5,0.0,0.0,0.0,0.19446666666666668,12.1275,6.0,-1,21.61639967098528,,,0.0,0.0,0.0,0.0,45.3600659574407,optimal
2021-02-07 10:00:00,10,5,0.0,0.0,0.0,0.072,12.5265,6.0,-1,21.478931193439223,,,0.0,0.0,0.0,0.0,44.98443954724073,optimal
2021-02-07 10:30:00,10,5,0.0,0.0,0.0,0.1368,11.7495,6.0,-1,21.33369476712148,,,0.0,0.0,0.0,0.0,44.60918876345096,optimal
2021-02-07 11:00:00,10,5,0.0,0.0,0.0,0.19446666666666668,13.23,6.0,-1,21.19364971624728,,,0.0,0.0,0.0,0.0,44.234313230444975,optimal
2021-02-07 11:30:00,10,5,0.0,0.0,0.0,0.2792,14.3325,6.0,-1,21.058222981740606,,,0.0,0.0,0.0,0.0,43.859812572972,optimal
2021-02-07 12:00:00,10,5,0.0,0.3096296296296296,0.0,1.5844666666666667,14.994,6.0,-1,20.933825048746947,,,0.0,0.0,0.0,278.66666666666663,43.48568641615649,optimal
2021-02-07 12:30:00,10,5,0.0,0.23222222222222222,0.0,0.33646666666666664,14.8155,6.0,-1,20.859656648675948,,,0.0,0.0,0.0,209.0,43.111934385497804,optimal
2021-02-07 13:00:00,10,5,0.0,0.3096296296296296,0.0,0.4156333333333333,14.112,6.0,-1,20.75853257177226,,,0.0,0.0,0.0,278.66666666666663,42.73855610686977,optimal
2021-02-07 13:30:00,10,5,0.0,0.0,0.0,0.5880333333333333,14.007,6.0,-1,20.65498273833475,,,0.0,0.0,0.0,0.0,42.36555120652037,optimal
2021-02-07 14:00:00,10,5,0.0,0.0,0.0,0.3716333333333333,13.23,6.0,-1,20.564444610425838,,,0.0,0.0,0.0,0.0,41.99291931107132,optimal
2021-02-07 14:30:00,10,5,0.648728859340445,0.0,0.0,0.23,11.382,6.0,-1,20.462646916755425,,,2270.5510076915575,0.0,0.0,0.0,41.62066004751772,optimal
2021-02-07 15:00:00,10,5,0.0,0.8716074074074074,0.0,0.43060000000000004,11.7495,6.0,-1,20.537741683909633,,,0.0,0.0,0.0,784.4466666666667,41.579039387470196,optimal
2021-02-07 15:30:00,10,5,0.0,2.456911111111111,0.0,0.5383333333333333,24.3285,6.0,-1,20.480250156249603,,,0.0,0.0,0.0,2211.22,41.537460348082725,optimal
2021-02-07 16:00:00,10,5,0.0,0.0,0.0,0.4138,28.917,6.0,-1,20.415311229650545,,,0.0,0.0,0.0,0.0,41.49592288773464,optimal
2021-02-07 16:30:00,10,5,0.0,0.6966666666666667,0.0,0.5739333333333333,31.3635,6.0,-1,20.3456167082875,,,0.0,0.0,0.0,627.0,41.45442696484691,optimal
2021-02-07 17:00:00,10,5,0.0,0.387037037037037,0.0,0.34676666666666667,33.306,6.0,-1,20.293633058143907,,,0.0,0.0,0.0,348.3333333333333,41.41297253788206,optimal
2021-02-07 17:30:00,10,5,0.0,0.1548148148148148,0.0,1.3831666666666667,31.3425,6.0,-1,20.221980863010014,,,0.0,0.0,0.0,139.33333333333331,41.37155956534418,optimal
2021-02-07 18:00:00,10,5,0.0,0.387037037037037,0.0,0.7953666666666667,28.2555,6.0,-1,20.162942180718996,,,0.0,0.0,0.0,348.3333333333333,41.33018800577884,optimal
2021-02-07 18:30:00,10,5,0.0,0.0,0.0,0.46053333333333335,15.6975,6.0,-1,20.104638201300084,,,0.0,0.0,0.0,0.0,41.28885781777306,optimal
2021-02-07 19:00:00,10,5,0.0,0.0,0.0,0.4811,12.5475,6.0,-1,20.046893833088305,,,0.0,0.0,0.0,0.0,41.24756895995528,optimal
2021-02-07 19:30:00,10,5,0.1314375629423943,0.1548148148148148,0.0,0.7153999999999999,12.0855,6.0,-1,20.0,,,460.0314702983801,0.0,0.0,139.33333333333331,41.20632139099533,optimal
2021-02-07 20:00:00,10,5,0.2062718486566734,0.0774074074074074,0.0,0.3598,11.907,6.0,-1,20.0,,,721.9514702983569,0.0,0.0,69.66666666666666,41.16511506960433,optimal
2021-02-07 20:30:00,10,5,0.0,0.0774074074074074,0.0,0.37573333333333336,12.5685,6.0,-1,20.0,,,0.0,0.0,0.0,69.66666666666666,41.12394995453473,optimal
2021-02-07 21:00:00,10,5,0.0,0.0774074074074074,0.0,0.44853333333333334,13.146,6.0,-1,19.940802422634405,,,0.0,0.0,0.0,69.66666666666666,41.0828260045802,optimal
2021-02-07 21:30:00,10,5,0.0,0.46444444444444444,0.0,0.3555,10.584,6.0,-1,19.88809924580162,,,0.0,0.0,0.0,418.0,41.041743178575615,optimal
2021-02-07 22:00:00,10,5,0.0,0.0,0.0,0.3015333333333334,6.678,6.0,-1,19.825441059776608,,,0.0,0.0,0.0,0.0,41.00070143539704,optimal
2021-02-07 22:30:00,10,5,0.0,0.3096296296296296,0.0,0.3149666666666666,7.938,6.0,-1,19.74621238402275,,,0.0,0.0,0.0,278.66666666666663,40.95970073396165,optimal
2021-02-07 23:00:00,10,5,0.0,0.0,0.0,0.10540000000000001,5.292,6.0,-1,19.663844871558993,,,0.0,0.0,0.0,0.0,40.91874103322768,optimal
2021-02-07 23:30:00,10,5,0.0,0.0,0.0,0.22353333333333333,9.261,6.0,-1,19.552820193481548,,,0.0,0.0,0.0,0.0,40.87782229219445,optimal
2021-02-08 00:00:00,10,5,1.1428571428571428,0.0,0.0,0.059,8.6835,6.0,-2,19.552820193481548,,,4000.0,0.0,0.0,0.0,40.83694446990226,optimal
2021-02-08 00:30:00,10,5,1.1428571428571428,0.0,0.0,0.059,7.665,6.0,-2,19.736458686238453,,,4000.0,0.0,0.0,0.0,40.796107525432355,optimal
2021-02-08 01:00:00,10,5,1.1428571428571428,0.0,3.0,0.17033333333333334,6.7725,6.0,-2,19.918722508225464,,,4000.0,0.0,0.0,0.0,42.18031141790692,optimal
2021-02-08 01:30:00,10,5,1.1428571428571428,0.0,3.0,0.059,5.5755,6.0,-2,20.107959488670577,,,4000.0,0.0,0.0,0.0,43.56313110648901,optimal
2021-02-08 02:00:00,10,5,1.1428571428571428,0.0,3.0,0.059,5.0925,6.0,-2,20.287068063498385,,,4000.0,0.0,0.0,0.0,44.94456797538252,optimal
2021-02-08 02:30:00,10,5,1.1428571428571428,0.0,3.0,0.1258,4.1895,6.0,-2,20.464461590156166,,,4000.0,0.0,0.0,0.0,46.32462340740713,optimal
2021-02-08 03:00:00,10,5,1.1428571428571428,0.0,1.2300747023873646,0.10353333333333331,7.056,6.0,-2,20.64590400474569,,,4000.0,0.0,0.0,0.0,46.86258426763372,optimal
2021-02-08 03:30:00,10,5,1.1428571428571428,0.0,3.0,0.059,5.271,6.0,-2,20.8246949672924,,,4000.0,0.0,0.0,0.0,48.240721683366075,optimal
2021-02-08 04:00:00,10,5,1.1428571428571428,0.0,0.0,0.16476666666666667,7.938,6.0,-2,20.99843824371562,,,4000.0,0.0,0.0,0.0,48.192480961682705,optimal
2021-02-08 04:30:00,10,5,1.1428571428571428,0.0,0.0,0.06456666666666666,7.938,6.0,-2,21.1784272970745,,,4000.0,0.0,0.0,0.0,48.144288480721016,optimal
2021-02-08 05:00:00,10,5,0.0,0.0,0.0,0.059,11.907,6.0,-2,21.348816639104754,,,0.0,0.0,0.0,0.0,48.096144192240295,optimal
2021-02-08 05:30:00,10,5,1.1428571428571428,0.0,0.0,0.059,11.025,6.0,-2,21.217212746751777,,,4000.0,0.0,0.0,0.0,48.048048048048045,optimal
2021-02-08 06:00:00,10,5,1.1428571428571428,0.387037037037037,0.0,1.4031666666666667,11.2875,6.0,-2,21.385772012269843,,,4000.0,0.0,0.0,348.3333333333333,48.0,optimal
2021-02-08 06:30:00,10,5,0.0,0.23222222222222222,0.0,1.1182333333333332,12.936,6.0,-2,21.590586067718657,,,0.0,0.0,0.0,209.0,47.68901704811213,optimal
2021-02-08 07:00:00,10,5,0.0,0.6966666666666667,0.0,0.9720333333333332,13.0095,6.0,-2,21.476321691025575,,,0.0,0.0,0.0,627.0,47.37834507917614,optimal
2021-02-08 07:30:00,10,5,0.0,0.5418518518518518,0.0,0.12016666666666669,13.671,6.0,-2,21.367441552779763,,,0.0,0.0,0.0,487.6666666666667,47.0679837822091,optimal
2021-02-08 08:00:00,10,5,0.0,0.46444444444444444,0.0,2.287833333333333,13.188,6.0,-2,21.261684706737242,,,0.0,0.0,0.0,418.0,46.75793284653902,optimal
2021-02-08 08:30:00,10,5,0.0,0.0,0.0,0.08683333333333333,13.8495,6.0,-2,21.18017916014562,,,0.0,0.0,0.0,0.0,46.44819196180461,optimal
2021-02-08 09:00:00,10,5,0.0,0.0,0.0,0.12023333333333332,13.23,6.0,-2,21.032301660774813,,,0.0,0.0,0.0,0.0,46.13876081795493,optimal
2021-02-08 09:30:00,10,5,0.0,0.0,0.0,0.10909999999999999,13.3665,6.0,-2,20.887283825497146,,,0.0,0.0,0.0,0.0,45.82963910524911,optimal
2021-02-08 10:00:00,10,5,0.0,0.0,0.0,0.059,13.0515,6.0,-2,20.743640664369845,,,0.0,0.0,0.0,0.0,45.52082651425599,optimal
2021-02-08 10:30:00,10,5,0.0,0.0,0.0,0.12023333333333332,13.5345,6.0,-2,20.59844375427268,,,0.0,0.0,0.0,0.0,45.21232273585386,optimal
2021-02-08 11:00:00,10,5,0.0,0.0,0.0,0.10909999999999999,14.154,6.0,-2,20.457796535810342,,,0.0,0.0,0.0,0.0,44.90412746123013,optimal
2021-02-08 11:30:00,10,5,0.0,0.0,0.0,0.07366666666666667,14.112,6.0,-2,20.316245557904328,,,0.0,0.0,0.0,0.0,44.59624038188103,optimal
2021-02-08 12:00:00,10,5,0.0,0.387037037037037,0.0,0.103,14.2485,6.0,-2,20.17751875033793,,,0.0,0.0,0.0,348.3333333333333,44.28866118961128,optimal
2021-02-08 12:30:00,10,5,0.7344497421815382,0.0,0.0,0.1317333333333333,12.789,6.0,-2,20.050114740705233,,,2570.5740976353836,0.0,0.0,0.0,43.9813895765338,optimal
2021-02-08 13:00:00,10,5,0.0,0.3096296296296296,0.0,0.11743333333333333,13.0095,6.0,-2,20.122115285937117,,,0.0,0.0,0.0,278.66666666666663,43.67442523506939,optimal
2021-02-08 13:30:00,10,5,1.1428571428571428,0.0,0.0,2.177333333333333,12.1275,6.0,-2,20.0,,,4000.0,0.0,0.0,0.0,43.367767857946454,optimal
2021-02-08 14:00:00,10,5,0.7570092246978714,0.6192592592592592,0.0,0.25880000000000003,12.348,6.0,-2,20.19798398001647,,,2649.53228644255,0.0,0.0,557.3333333333333,43.06141713820064,optimal
2021-02-08 14:30:00,10,5,1.1428571428571428,0.0,0.0,0.19093333333333332,12.348,6.0,-2,20.29214347748336,,,4000.0,0.0,0.0,0.0,42.75537276917457,optimal
2021-02-08 15:00:00,10,5,0.0,0.0,0.0,0.068,25.389,6.0,-2,20.48113586991826,,,0.0,0.0,0.0,0.0,42.44963444451753,optimal
2021-02-08 15:30:00,10,5,0.0,0.0,0.0,0.1348,29.1375,6.0,-2,20.357049778730435,,,0.0,0.0,0.0,0.0,42.14420185818514,optimal
2021-02-08 16:00:00,10,5,0.0,0.5418518518518518,0.0,1.8314000000000001,30.597,6.0,-2,20.237986292437654,,,0.0,0.0,0.0,487.6666666666667,41.839074704439085,optimal
2021-02-08 16:30:00,10,5,0.0,0.0,0.0,6.4461,33.684,6.0,-2,20.168978445343832,,,0.0,0.0,0.0,0.0,41.53425267784677,optimal
2021-02-08 17:00:00,10,5,0.0,0.387037037037037,0.0,2.8315,32.445,6.0,-2,20.192516587217472,,,0.0,0.0,0.0,348.3333333333333,41.22973547328105,optimal
2021-02-08 17:30:00,10,5,0.0,0.1548148148148148,0.0,0.17966666666666667,28.917,6.0,-2,20.189545340076165,,,0.0,0.0,0.0,139.33333333333331,40.9255227859199,optimal
2021-02-08 18:00:00,10,5,0.0,0.46444444444444444,0.0,0.2027,15.876,6.0,-2,20.09125794033136,,,0.0,0.0,0.0,418.0,40.62161431124611,optimal
2021-02-08 18:30:00,10,5,0.09454031377523063,0.3096296296296296,0.0,1.5154333333333334,12.348,6.0,-2,20.0,,,330.8910982133072,0.0,0.0,278.66666666666663,40.31800974504699,optimal
2021-02-08 19:00:00,10,5,0.6126519011502508,0.1548148148148148,0.0,0.3186666666666667,12.1275,6.0,-2,20.0,,,2144.281654025878,0.0,0.0,139.33333333333331,40.01470878341407,optimal
2021-02-08 19:30:00,10,5,0.0,2.7866666666666666,0.0,0.3969333333333333,12.348,6.0,-2,20.080781403186986,,,0.0,0.0,0.0,2508.0,39.711711122742784,optimal
2021-02-08 20:00:00,10,5,0.29354501116124276,0.0,0.0,2.1940333333333335,12.1275,6.0,-2,20.0,,,1027.4075390643497,0.0,0.0,0.0,39.40901645973217,optimal
2021-02-08 20:30:00,10,5,0.0,0.1548148148148148,0.0,0.8518,12.1275,6.0,-2,20.0,,,0.0,0.0,0.0,139.33333333333331,39.10662449138457,optimal
2021-02-08 21:00:00,10,5,0.0,0.0,0.0,0.9430666666666668,11.2665,6.0,-2,19.93501037421706,,,0.0,0.0,0.0,0.0,39.06751786689319,optimal
2021-02-08 21:30:00,10,5,0.0,1.8577777777777778,0.0,1.1790999999999998,10.143,6.0,-2,19.876486114955487,,,0.0,0.0,0.0,1672.0,39.0284503490263,optimal
2021-02-08 22:00:00,10,5,0.0,0.1548148148148148,0.0,1.625733333333333,11.2455,6.0,-2,19.80161158489737,,,0.0,0.0,0.0,139.33333333333331,38.98942189867727,optimal
2021-02-08 22:30:00,10,5,0.0,0.3096296296296296,0.0,1.9660333333333333,11.025,6.0,-2,19.71707087094294,,,0.0,0.0,0.0,278.66666666666663,38.950432476778595,optimal
2021-02-08 23:00:00,10,5,0.0,0.0,0.0,2.763833333333333,5.9745,6.0,-2,19.644026424170224,,,0.0,0.0,0.0,0.0,38.91148204430181,optimal
2021-02-08 23:30:00,10,5,0.0,0.0,0.0,0.7110666666666667,7.938,6.0,-2,19.582958839550333,,,0.0,0.0,0.0,0.0,38.872570562257515,optimal
2021-02-09 00:00:00,10,5,1.1428571428571428,0.23222222222222222,3.0,0.058,10.584,6.0,0,19.582958839550333,,,4000.0,0.0,0.0,209.0,40.25869799169526,optimal
2021-02-09 00:30:00,10,5,1.1428571428571428,0.0,3.0,0.29053333333333337,11.2455,6.0,0,19.78166412720222,,,4000.0,0.0,0.0,0.0,41.64343929370356,optimal
2021-02-09 01:00:00,10,5,0.0,0.0,0.0,0.09559999999999999,12.1275,6.0,0,20.001225909469422,,,0.0,0.0,0.0,0.0,41.60179585440986,optimal
2021-02-09 01:30:00,10,5,0.9061453105266802,0.0,0.0,0.13613333333333333,11.823,6.0,0,19.878760189571707,,,3171.5085868433807,0.0,0.0,0.0,41.560194058555446,optimal
2021-02-09 02:00:00,10,5,1.1428571428571428,0.0,0.0,0.1846,11.7705,6.0,0,19.997006272112266,,,4000.0,0.0,0.0,0.0,41.51863386449689,optimal
2021-02-09 02:30:00,10,5,1.1428571428571428,0.0,3.0,0.1263,11.13,6.0,0,20.179292321023226,,,4000.0,0.0,0.0,0.0,42.90211523063239,optimal
2021-02-09 03:00:00,10,5,1.1428571428571428,0.0,0.0,0.0639,11.6865,6.0,0,20.356222135763478,,,4000.0,0.0,0.0,0.0,42.85921311540176,optimal
2021-02-09 03:30:00,10,5,1.1428571428571428,0.0,3.0,0.19053333333333333,10.7205,6.0,0,20.527528770632237,,,4000.0,0.0,0.0,0.0,44.241353902286356,optimal
2021-02-09 04:00:00,10,5,1.1428571428571428,0.0,2.7072732349150006,0.06,11.424,6.0,0,20.707784948588625,,,4000.0,0.0,0.0,0.0,45.483067334968695,optimal
2021-02-09 04:30:00,10,5,1.1428571428571428,0.0,3.0,0.13019999999999998,10.689,6.0,0,20.877664959535664,,,4000.0,0.0,0.0,0.0,46.86258426763372,optimal
2021-02-09 05:00:00,10,5,1.1428571428571428,0.0,3.0,0.06,11.361,6.0,0,21.05078186049874,,,4000.0,0.0,0.0,0.0,48.240721683366075,optimal
2021-02-09 05:30:00,10,5,1.1428571428571428,0.0,0.0,0.1185,11.571,6.0,0,21.216597135497768,,,4000.0,0.0,0.0,0.0,48.192480961682705,optimal
2021-02-09 06:00:00,10,5,0.0,0.0,0.0,0.2022333333333333,14.3745,6.0,0,21.385552112045357,,,0.0,0.0,0.0,0.0,48.144288480721016,optimal
2021-02-09 06:30:00,10,5,0.0,0.0,0.0,0.13019999999999998,13.23,6.0,0,21.259960670835277,,,0.0,0.0,0.0,0.0,48.096144192240295,optimal
2021-02-09 07:00:00,10,5,0.0,4.79925925925926,0.0,0.19140000000000001,13.9755,6.0,0,21.129540650287474,,,0.0,0.0,0.0,4319.333333333333,48.048048048048045,optimal
2021-02-09 07:30:00,10,5,0.0,2.4770370370370367,0.0,0.8485666666666667,14.994,6.0,0,21.02959298948858,,,0.0,0.0,0.0,2229.333333333333,48.0,optimal
2021-02-09 08:00:00,10,5,0.0,0.46444444444444444,0.0,1.3732,13.671,6.0,0,20.964195797506367,,,0.0,0.0,0.0,418.0,47.90357026612671,optimal
2021-02-09 08:30:00,10,5,0.0,1.006296296296296,0.0,1.063233333333333,15.981,6.0,0,20.901068298430324,,,0.0,0.0,0.0,905.6666666666665,47.807236961987286,optimal
2021-02-09 09:00:00,10,5,0.0,0.387037037037037,0.0,1.5402333333333331,15.6345,6.0,0,20.819528121189087,,,0.0,0.0,0.0,348.3333333333333,47.71099999115201,optimal
2021-02-09 09:30:00,10,5,0.0,0.0,0.0,1.9557333333333329,16.5375,6.0,0,20.74139419791683,,,0.0,0.0,0.0,0.0,47.61485925728756,optimal
2021-02-09 10:00:00,10,5,0.0,0.0774074074074074,0.0,0.33016666666666666,14.7735,6.0,0,20.709796067100964,,,0.0,0.0,0.0,69.66666666666666,47.518814664156984,optimal
2021-02-09 10:30:00,10,5,0.0,0.0,0.0,0.5293666666666667,15.2145,6.0,0,20.60655548780101,,,0.0,0.0,0.0,0.0,47.422866115619534,optimal
2021-02-09 11:00:00,10,5,0.0,0.23222222222222222,0.0,0.6351,14.553,6.0,0,20.513537850083292,,,0.0,0.0,0.0,209.0,47.327013515630625,optimal
2021-02-09 11:30:00,10,5,0.0,0.0,0.0,0.2916666666666667,14.3325,6.0,0,20.431006126436785,,,0.0,0.0,0.0,0.0,47.2312567682417,optimal
2021-02-09 12:00:00,10,5,0.0,0.0,0.0,0.19376666666666667,14.595,6.0,0,20.320177776011572,,,0.0,0.0,0.0,0.0,47.135595777600166,optimal
2021-02-09 12:30:00,10,5,0.0,0.0,0.0,0.2745,14.994,6.0,0,20.191289641165547,,,0.0,0.0,0.0,0.0,47.04003044794928,optimal
2021-02-09 13:00:00,10,5,0.0,0.0774074074074074,0.0,0.44103333333333333,14.3325,6.0,0,20.08351137471503,,,0.0,0.0,0.0,69.66666666666666,46.94456068362803,optimal
2021-02-09 13:30:00,10,5,0.3382760286096798,0.1548148148148148,0.0,0.256,13.8915,6.0,0,20.0,,,1183.9661001338793,0.0,0.0,139.33333333333331,46.849186389071114,optimal
2021-02-09 14:00:00,10,5,0.6881904017399496,0.0,0.0,0.33203333333333335,13.8915,6.0,0,20.0,,,2408.666406089824,0.0,0.0,0.0,46.753907468808755,optimal
2021-02-09 14:30:00,10,5,1.1428571428571428,0.1548148148148148,0.0,0.14256666666666667,13.4715,6.0,0,20.11685302764255,,,4000.0,0.0,0.0,139.33333333333331,46.65872382746665,optimal
2021-02-09 15:00:00,10,5,1.1428571428571428,1.3933333333333333,0.0,0.26839999999999997,13.23,6.0,0,20.327692218164408,,,4000.0,0.0,0.0,1254.0,46.56363536976589,optimal
2021-02-09 15:30:00,10,5,1.1428571428571428,0.387037037037037,0.0,0.32853333333333334,13.8915,6.0,0,20.53561027581711,,,4000.0,0.0,0.0,348.3333333333333,46.468642000522834,optimal
2021-02-09 16:00:00,10,5,0.0,0.387037037037037,0.0,0.2551333333333333,26.9325,6.0,0,20.73071373844795,,,0.0,0.0,0.0,348.3333333333333,46.37374362464902,optimal
2021-02-09 16:30:00,10,5,0.0,0.23222222222222222,0.0,0.43160000000000004,30.303,6.0,0,20.616454387435102,,,0.0,0.0,0.0,209.0,46.27894014715108,optimal
2021-02-09 17:00:00,10,5,0.0,0.0,0.0,1.7814333333333334,32.886,6.0,0,20.518230471403225,,,0.0,0.0,0.0,0.0,46.18423147313064,optimal
2021-02-09 17:30:00,10,5,0.0,0.1548148148148148,0.0,0.4181,34.9965,6.0,0,20.44407126632788,,,0.0,0.0,0.0,139.33333333333331,46.08961750778421,optimal
2021-02-09 18:00:00,10,5,0.0,0.1548148148148148,0.0,0.4094,33.327,6.0,0,20.352505350466835,,,0.0,0.0,0.0,139.33333333333331,45.99509815640314,optimal
2021-02-09 18:30:00,10,5,0.0,0.0774074074074074,0.0,0.41393333333333326,31.122,6.0,0,20.265858350982835,,,0.0,0.0,0.0,69.66666666666666,45.90067332437344,optimal
2021-02-09 19:00:00,10,5,0.0,0.23222222222222222,0.0,0.5646666666666667,17.9025,6.0,0,20.166501780400132,,,0.0,0.0,0.0,209.0,45.806342917175776,optimal
2021-02-09 19:30:00,10,5,0.0,0.0,0.0,0.6477333333333334,15.6555,6.0,0,20.077722617017447,,,0.0,0.0,0.0,0.0,45.71210684038531,optimal
2021-02-09 20:00:00,10,5,0.37148990210348953,0.1548148148148148,0.0,0.3849333333333333,14.553,6.0,0,20.0,,,1300.2146573622135,0.0,0.0,139.33333333333331,45.617964999671635,optimal
2021-02-09 20:30:00,10,5,0.0,0.46444444444444444,0.0,0.5127999999999999,14.3325,6.0,0,20.0,,,0.0,0.0,0.0,418.0,45.52391730079867,optimal
2021-02-09 21:00:00,10,5,0.0,0.23222222222222222,0.0,0.27326666666666666,13.335,6.0,0,19.908401110295795,,,0.0,0.0,0.0,209.0,45.42996364962458,optimal
2021-02-09 21:30:00,10,5,0.0,0.0,0.0,0.3153333333333333,12.1275,6.0,0,19.804447702980564,,,0.0,0.0,0.0,0.0,45.336103952101666,optimal
2021-02-09 22:00:00,10,5,0.0,0.0,0.0,0.24113333333333334,12.2955,6.0,0,19.71573895634274,,,0.0,0.0,0.0,0.0,45.24233811427627,optimal
2021-02-09 22:30:00,10,5,0.0,0.0,0.0,0.4288666666666667,11.6865,6.0,0,19.632420310724473,,,0.0,0.0,0.0,0.0,45.197095776161994,optimal
2021-02-09 23:00:00,10,5,0.0,0.0774074074074074,0.0,0.29646666666666666,11.466,6.0,0,19.5770144278129,,,0.0,0.0,0.0,69.66666666666666,45.151898680385834,optimal
2021-02-09 23:30:00,10,5,0.0,0.1548148148148148,0.0,0.12756666666666666,10.8045,6.0,0,19.51318136085342,,,0.0,0.0,0.0,139.33333333333331,45.106746781705446,optimal
2021-02-10 00:00:00,10,5,0.0,0.0,0.0,0.11113333333333333,12.789,6.0,3,19.51318136085342,,,0.0,0.0,0.0,0.0,45.06164003492374,optimal
2021-02-10 00:30:00,10,5,0.0,0.0,0.0,0.1168,11.907,6.0,3,19.424692117281467,,,0.0,0.0,0.0,0.0,45.01657839488882,optimal
2021-02-10 01:00:00,10,5,1.1428571428571428,0.0774074074074074,0.0,0.12243333333333334,11.7075,6.0,3,19.353176210162225,,,4000.0,0.0,0.0,69.66666666666666,44.97156181649393,optimal
2021-02-10 01:30:00,10,5,1.1428571428571428,0.0,0.0,0.42606666666666665,10.8045,6.0,3,19.57682311221988,,,4000.0,0.0,0.0,0.0,44.926590254677436,optimal
2021-02-10 02:00:00,10,5,1.1428571428571428,0.0774074074074074,0.0,0.20866666666666664,11.508,6.0,3,19.820873161030388,,,4000.0,0.0,0.0,69.66666666666666,44.88166366442276,optimal
2021-02-10 02:30:00,10,5,1.1428571428571428,0.0,0.0,0.218,11.508,6.0,3,20.017751891732903,,,4000.0,0.0,0.0,0.0,44.83678200075834,optimal
2021-02-10 03:00:00,10,5,1.1428571428571428,0.3096296296296296,0.0,0.18336666666666668,11.508,6.0,3,20.205208717817257,,,4000.0,0.0,0.0,278.66666666666663,44.79194521875758,optimal
2021-02-10 03:30:00,10,5,1.1428571428571428,0.0,0.0,0.16033333333333336,11.844,6.0,3,20.383586262582583,,,4000.0,0.0,0.0,0.0,44.74715327353883,optimal
2021-02-10 04:00:00,10,5,1.1428571428571428,1.0837037037037036,0.0,0.2913,11.508,6.0,3,20.563671470721605,,,4000.0,0.0,0.0,975.3333333333334,44.70240612026529,optimal
2021-02-10 04:30:00,10,5,1.1428571428571428,0.5418518518518518,0.0,0.07613333333333334,11.508,6.0,3,20.753364732150573,,,4000.0,0.0,0.0,487.6666666666667,44.65770371414502,optimal
2021-02-10 05:00:00,10,5,1.1428571428571428,0.0774074074074074,3.0,0.064,10.4475,6.0,3,20.923692626116573,,,4000.0,0.0,0.0,69.66666666666666,46.038046010430875,optimal
2021-02-10 05:30:00,10,5,1.1428571428571428,0.6966666666666667,2.4448992565967247,0.11053333333333332,10.8675,6.0,3,21.09383916123199,,,4000.0,0.0,0.0,627.0,47.15333511130388,optimal
2021-02-10 06:00:00,10,5,1.1428571428571428,2.012592592592592,3.0,0.064,10.542,6.0,3,21.279609574775538,,,4000.0,0.0,0.0,1811.333333333333,48.53118177619257,optimal
2021-02-10 06:30:00,10,5,1.1428571428571428,1.9351851851851851,0.0,1.2187999999999999,11.025,6.0,3,21.46801365064168,,,4000.0,0.0,0.0,1741.6666666666667,48.48265059441637,optimal
2021-02-10 07:00:00,10,5,1.1428571428571428,0.23222222222222222,0.0,0.4675,11.025,6.0,3,21.736614798589446,,,4000.0,0.0,0.0,209.0,48.434167943821954,optimal
2021-02-10 07:30:00,10,5,0.0,7.818148148148149,0.0,0.064,14.553,6.0,3,21.983089718027685,,,0.0,0.0,0.0,7036.333333333334,48.38573377587813,optimal
2021-02-10 08:00:00,10,5,0.8272845836783901,0.46444444444444444,0.0,0.06503333333333333,13.0935,6.0,3,21.889797298091654,,,2895.4960428743652,0.0,0.0,418.0,48.33734804210225,optimal
2021-02-10 08:30:00,10,5,0.0,2.012592592592592,0.0,0.1424,15.6345,6.0,3,22.0,,,0.0,0.0,0.0,1811.333333333333,48.289010694060146,optimal
2021-02-10 09:00:00,10,5,0.0,0.0,0.0,0.45230000000000004,18.102,6.0,3,21.909241557555422,,,0.0,0.0,0.0,0.0,48.240721683366075,optimal
2021-02-10 09:30:00,10,5,0.0,0.0774074074074074,0.0,0.25853333333333334,17.199,6.0,3,21.849568955207985,,,0.0,0.0,0.0,69.66666666666666,48.192480961682705,optimal
2021-02-10 10:00:00,10,5,0.0,0.774074074074074,0.0,0.4073,18.2805,6.0,3,21.771857561373945,,,0.0,0.0,0.0,696.6666666666666,48.144288480721016,optimal
2021-02-10 10:30:00,10,5,0.0,0.387037037037037,0.0,0.194,17.4615,6.0,3,21.70599544827519,,,0.0,0.0,0.0,348.3333333333333,48.096144192240295,optimal
2021-02-10 11:00:00,10,5,0.0,0.0,0.0,1.767,18.3225,6.0,3,21.60977201655093,,,0.0,0.0,0.0,0.0,48.048048048048045,optimal
2021-02-10 11:30:00,10,5,0.0,0.0,0.0,0.8677,17.094,6.0,3,21.559328088481646,,,0.0,0.0,0.0,0.0,48.0,optimal
2021-02-10 12:00:00,10,5,0.0,0.0,0.0,0.2163333333333333,17.094,6.0,3,21.487633289697214,,,0.0,0.0,0.0,0.0,47.4948765358376,optimal
2021-02-10 12:30:00,10,5,0.0,0.0,0.0,0.1606,17.094,6.0,3,21.353232900663272,,,0.0,0.0,0.0,0.0,46.99025819513936,optimal
2021-02-10 13:00:00,10,5,0.0,0.0,0.0,0.2191,17.3565,6.0,3,21.203916395725017,,,0.0,0.0,0.0,0.0,46.486144472781824,optimal
2021-02-10 13:30:00,10,5,0.0,0.0,0.0,0.065,17.115,6.0,3,21.056593825343285,,,0.0,0.0,0.0,0.0,45.98253486414664,optimal
2021-02-10 14:00:00,10,5,0.0,0.0,0.0,0.065,17.241,6.0,3,20.90956317244537,,,0.0,0.0,0.0,0.0,45.4794288651201,optimal
2021-02-10 14:30:00,10,5,0.0,0.0,0.0,0.065,17.094,6.0,3,20.76513030139779,,,0.0,0.0,0.0,0.0,44.97682597209258,optimal
2021-02-10 15:00:00,10,5,1.1428571428571428,0.0,0.0,0.065,16.5165,6.0,3,20.621778617867385,,,4000.0,0.0,0.0,0.0,44.474725681958084,optimal
2021-02-10 15:30:00,10,5,0.0,0.0,0.0,0.065,17.8185,6.0,3,20.779052315879866,,,0.0,0.0,0.0,0.0,43.973127492113726,optimal
2021-02-10 16:00:00,10,5,0.0,0.0,0.0,1.571766666666667,17.094,6.0,3,20.634099262390723,,,0.0,0.0,0.0,0.0,43.47203090045921,optimal
2021-02-10 16:30:00,10,5,0.5621706323449754,0.46444444444444444,0.0,0.194,16.8945,6.0,3,20.627449312427768,,,1967.5972132074137,0.0,0.0,418.0,42.97143540539635,optimal
2021-02-10 17:00:00,10,5,0.0,0.0,0.0,0.2194333333333333,18.123,6.0,3,20.700887422381165,,,0.0,0.0,0.0,0.0,42.47134050582855,optimal
2021-02-10 17:30:00,10,5,0.0,0.3096296296296296,0.0,0.36860000000000004,31.647,6.0,3,20.621107285756228,,,0.0,0.0,0.0,278.66666666666663,41.97174570116032,optimal
2021-02-10 18:00:00,10,5,0.0,0.0,0.0,0.28726666666666667,34.9965,6.0,3,20.552246282391632,,,0.0,0.0,0.0,0.0,41.47265049129676,optimal
2021-02-10 18:30:00,10,5,0.0,0.0,0.0,0.065,34.9965,6.0,3,20.476536605403833,,,0.0,0.0,0.0,0.0,40.97405437664307,optimal
2021-02-10 19:00:00,10,5,0.0,0.0,0.0,0.24613333333333332,34.9965,6.0,3,20.327110921072105,,,0.0,0.0,0.0,0.0,40.47595685810403,optimal
2021-02-10 19:30:00,10,5,0.0,0.0,0.0,0.49423333333333336,34.9965,6.0,3,20.207956454997927,,,0.0,0.0,0.0,0.0,39.978357437083524,optimal
2021-02-10 20:00:00,10,5,0.0,0.0,0.0,0.31,34.9965,6.0,3,20.109722281550948,,,0.0,0.0,0.0,0.0,39.93837907964644,optimal
2021-02-10 20:30:00,10,5,0.0,0.0,0.0,0.3091333333333333,27.741,6.0,3,20.0,,,0.0,0.0,0.0,0.0,39.898440700566795,optimal
2021-02-10 21:00:00,10,5,0.0,0.0,0.0,0.31,19.026,6.0,3,19.903051360984147,,,0.0,0.0,0.0,0.0,39.858542259866226,optimal
2021-02-10 21:30:00,10,5,0.0,0.0,0.0,0.33243333333333336,18.7215,6.0,3,19.800483091779945,,,0.0,0.0,0.0,0.0,39.81868371760636,optimal
2021-02-10 22:00:00,10,5,0.0,0.0,0.0,0.22333333333333327,17.4195,6.0,3,19.72750149820919,,,0.0,0.0,0.0,0.0,39.778865033888756,optimal
2021-02-10 22:30:00,10,5,0.0,0.1548148148148148,0.0,0.24,16.758,6.0,3,19.605012983501407,,,0.0,0.0,0.0,139.33333333333331,39.73908616885487,optimal
2021-02-10 23:00:00,10,5,0.0,0.0774074074074074,0.0,0.246,14.217,6.0,3,19.479453114243718,,,0.0,0.0,0.0,69.66666666666666,39.69934708268601,optimal
2021-02-10 23:30:00,10,5,0.0,0.23222222222222222,0.0,0.26803333333333335,13.3665,6.0,3,19.35105956095303,,,0.0,0.0,0.0,209.0,39.65964773560332,optimal
2021-02-11 00:00:00,10,5,1.1428571428571428,0.0,0.0,0.064,12.0855,6.0,-1,19.35105956095303,,,4000.0,0.0,0.0,0.0,39.61998808786772,optimal
2021-02-11 00:30:00,10,5,1.1428571428571428,0.0,0.0,0.16066666666666665,11.6865,6.0,-1,19.491486175835043,,,4000.0,0.0,0.0,0.0,39.58036809977985,optimal
2021-02-11 01:00:00,10,5,1.1428571428571428,0.0,0.7618060691085679,0.09866666666666668,11.2245,6.0,-1,19.638849347812158,,,4000.0,0.0,0.0,0.0,39.90264561450663,optimal
2021-02-11 01:30:00,10,5,1.1428571428571428,0.0,3.0,0.18186666666666668,11.025,6.0,-1,19.781214910676294,,,4000.0,0.0,0.0,0.0,41.28774296889212,optimal
2021-02-11 02:00:00,10,5,1.1428571428571428,0.0,3.0,0.07333333333333333,10.7835,6.0,-1,19.92874544903722,,,4000.0,0.0,0.0,0.0,42.67145522592322,optimal
2021-02-11 02:30:00,10,5,1.1428571428571428,0.0,3.0,0.10916666666666669,11.025,6.0,-1,20.066344803998085,,,4000.0,0.0,0.0,0.0,44.053783770697294,optimal
2021-02-11 03:00:00,10,5,1.1428571428571428,0.0,3.0,0.19343333333333332,10.584,6.0,-1,20.205423182156988,,,4000.0,0.0,0.0,0.0,45.43472998692659,optimal
2021-02-11 03:30:00,10,5,1.1428571428571428,0.0,3.0,0.14026666666666668,11.025,6.0,-1,20.349147262489137,,,4000.0,0.0,0.0,0.0,46.81429525693965,optimal
2021-02-11 04:00:00,10,5,1.1428571428571428,0.0,3.0,0.12683333333333333,10.4265,6.0,-1,20.48968534794884,,,4000.0,0.0,0.0,0.0,48.192480961682705,optimal
2021-02-11 04:30:00,10,5,1.1428571428571428,0.0,0.0,0.09783333333333331,12.789,6.0,-1,20.630036840845843,,,4000.0,0.0,0.0,0.0,48.144288480721016,optimal
2021-02-11 05:00:00,10,5,1.1428571428571428,0.0,0.0,0.064,12.684,6.0,-1,20.767165944261134,,,4000.0,0.0,0.0,0.0,48.096144192240295,optimal
2021-02-11 05:30:00,10,5,1.1428571428571428,0.387037037037037,0.0,0.20586666666666667,16.254,6.0,-1,20.90073482115835,,,4000.0,0.0,0.0,348.3333333333333,48.048048048048045,optimal
2021-02-11 06:00:00,10,5,0.42497907318664163,2.3222222222222215,0.0,0.21013333333333334,17.64,6.0,-1,21.051865326855623,,,1487.4267561532458,0.0,0.0,2089.9999999999995,48.0,optimal
2021-02-11 06:30:00,10,5,0.0,0.3096296296296296,0.0,0.41353333333333336,19.1625,6.0,-1,21.02215933366503,,,0.0,0.0,0.0,278.66666666666663,47.83782734435484,optimal
2021-02-11 07:00:00,10,5,0.0,3.1767999999999996,0.0,0.4099666666666666,26.46,6.0,-1,20.895752798349655,,,0.0,0.0,0.0,2859.12,47.675816861365334,optimal
2021-02-11 07:30:00,10,5,0.0,3.3254222222222225,0.0,0.6232666666666666,20.79,6.0,-1,20.771205378713507,,,0.0,0.0,0.0,2992.88,47.513968388858814,optimal
2021-02-11 08:00:00,10,5,0.0,0.774074074074074,0.0,1.2936333333333334,29.106,6.0,-1,20.665368564565902,,,0.0,0.0,0.0,696.6666666666666,47.3522817648248,optimal
2021-02-11 08:30:00,10,5,0.0,0.0,0.0,0.1502666666666667,19.1835,6.0,-1,20.576567087829687,,,0.0,0.0,0.0,0.0,47.19075682741482,optimal
2021-02-11 09:00:00,10,5,0.0,0.0,0.0,0.3589333333333333,19.6665,6.0,-1,20.412252171574103,,,0.0,0.0,0.0,0.0,47.029393414942255,optimal
2021-02-11 09:30:00,10,5,0.0,0.0,0.0,0.13133333333333333,19.404,6.0,-1,20.259092905173972,,,0.0,0.0,0.0,0.0,46.868191365882154,optimal
2021-02-11 10:00:00,10,5,0.0,0.1548148148148148,0.0,0.16816666666666666,19.047,6.0,-1,20.12037771366357,,,0.0,0.0,0.0,139.33333333333331,46.70715051887112,optimal
2021-02-11 10:30:00,10,5,0.8747872956409514,0.0,0.0,0.40023333333333333,18.858,6.0,-1,20.0,,,3061.75553474333,0.0,0.0,0.0,46.54627071270709,optimal
2021-02-11 11:00:00,10,5,0.0,0.2740222222222222,0.0,0.21980000000000002,19.2675,6.0,-1,20.125633070291222,,,0.0,0.0,0.0,246.62,46.385551786349225,optimal
2021-02-11 11:30:00,10,5,0.4502429655872496,0.11301481481481486,0.0,0.3030333333333334,18.963,6.0,-1,20.0,,,1575.8503795553734,0.0,0.0,101.71333333333337,46.22499357891772,optimal
2021-02-11 12:00:00,10,5,1.1428571428571428,0.0,0.0,0.20406666666666665,18.438,6.0,-1,20.0,,,4000.0,0.0,0.0,0.0,46.064595929693645,optimal
2021-02-11 12:30:00,10,5,0.3669509502703833,0.0,0.0,0.074,18.7425,6.0,-1,20.169408229832115,,,1284.3283259463417,0.0,0.0,0.0,45.9043586781188,optimal
2021-02-11 13:00:00,10,5,1.1428571428571428,0.0,0.0,0.161,15.2145,6.0,-1,20.12930218608082,,,4000.0,0.0,0.0,0.0,45.74428166379552,optimal
2021-02-11 13:30:00,10,5,1.1428571428571428,0.0,0.0,0.08366666666666667,17.7765,6.0,-1,20.304248777682584,,,4000.0,0.0,0.0,0.0,45.58436472648657,optimal
2021-02-11 14:00:00,10,5,1.1428571428571428,0.0,0.0,0.074,16.758,6.0,-1,20.472842993963674,,,4000.0,0.0,0.0,0.0,45.42460770611493,optimal
2021-02-11 14:30:00,10,5,1.1428571428571428,0.0,0.0,0.22633333333333328,16.422,6.0,-1,20.640199814052757,,,4000.0,0.0,0.0,0.0,45.26501044276365,optimal
2021-02-11 15:00:00,10,5,1.1428571428571428,0.0,0.0,0.17086666666666667,16.758,6.0,-1,20.815091783148247,,,4000.0,0.0,0.0,0.0,45.105572776675736,optimal
2021-02-11 15:30:00,10,5,0.0,0.0,0.0,0.074,29.358,6.0,-1,20.98190074831483,,,0.0,0.0,0.0,0.0,44.9462945482539,optimal
2021-02-11 16:00:00,10,5,0.0,0.0,0.0,0.2196,34.9965,6.0,-1,20.832045968477587,,,0.0,0.0,0.0,0.0,44.78717559806049,optimal
2021-02-11 16:30:00,10,5,0.0,0.3096296296296296,0.0,0.26693333333333336,34.65,6.0,-1,20.685608054263994,,,0.0,0.0,0.0,278.66666666666663,44.62821576681728,optimal
2021-02-11 17:00:00,10,5,0.0,0.1548148148148148,0.0,0.42910000000000004,34.9965,6.0,-1,20.55457271560115,,,0.0,0.0,0.0,139.33333333333331,44.4694148954053,optimal
2021-02-11 17:30:00,10,5,0.0,0.0,0.0,0.1822666666666667,34.9965,6.0,-1,20.444179141880472,,,0.0,0.0,0.0,0.0,44.31077282486474,optimal
2021-02-11 18:00:00,10,5,0.0,0.0,0.0,0.28296666666666664,30.4815,6.0,-1,20.304196285646835,,,0.0,0.0,0.0,0.0,44.15228939639472,optimal
2021-02-11 18:30:00,10,5,0.0,0.0,0.0,0.37526666666666664,21.4305,6.0,-1,20.152272096365138,,,0.0,0.0,0.0,0.0,43.99396445135317,optimal
2021-02-11 19:00:00,10,5,0.5145066651754654,0.23222222222222222,0.0,0.40673333333333334,14.3325,6.0,-1,20.0,,,1800.7733281141288,0.0,0.0,209.0,43.83579783125666,optimal
2021-02-11 19:30:00,10,5,0.6309525638560028,0.0774074074074074,0.0,0.9207000000000001,13.692,6.0,-1,20.0,,,2208.33397349601,0.0,0.0,69.66666666666666,43.791962033425406,optimal
2021-02-11 20:00:00,10,5,0.0,0.23222222222222222,0.0,0.7413666666666667,14.007,6.0,-1,20.089558149846138,,,0.0,0.0,0.0,209.0,43.74817007139198,optimal
2021-02-11 20:30:00,10,5,0.0,0.1548148148148148,0.0,0.37396666666666656,12.873,6.0,-1,20.0,,,0.0,0.0,0.0,139.33333333333331,43.70442190132059,optimal
2021-02-11 21:00:00,10,5,0.0,0.0,0.0,0.5180333333333333,12.684,6.0,-1,19.884449302973838,,,0.0,0.0,0.0,0.0,43.660717479419276,optimal
2021-02-11 21:30:00,10,5,0.0,0.0,0.0,0.3527666666666667,12.306,6.0,-1,19.780577120325102,,,0.0,0.0,0.0,0.0,43.61705676193986,optimal
2021-02-11 22:00:00,10,5,0.0,0.0,0.0,0.5097333333333334,10.6365,6.0,-1,19.66343242365463,,,0.0,0.0,0.0,0.0,43.57343970517792,optimal
2021-02-11 22:30:00,10,5,0.0,0.0,0.0,0.10173333333333331,11.2455,6.0,-1,19.568696387359296,,,0.0,0.0,0.0,0.0,43.52986626547274,optimal
2021-02-11 23:00:00,10,5,0.0,0.0,0.0,0.074,11.2455,6.0,-1,19.39909181914795,,,0.0,0.0,0.0,0.0,43.48633639920727,optimal
2021-02-11 23:30:00,10,5,0.0,0.0,0.0,0.29186666666666666,11.025,6.0,-1,19.22418852496659,,,0.0,0.0,0.0,0.0,43.44285006280806,optimal
2021-02-12 00:00:00,10,5,0.0,0.0,0.0,0.059,11.7285,6.0,4,19.22418852496659,,,0.0,0.0,0.0,0.0,43.39940721274525,optimal
2021-02-12 00:30:00,10,5,1.1428571428571428,0.0,0.0,0.059,11.025,6.0,4,19.047944393259264,,,4000.0,0.0,0.0,0.0,43.356007805532506,optimal
2021-02-12 01:00:00,10,5,1.1428571428571428,0.0,0.0,0.059,10.689,6.0,4,19.172571872039555,,,4000.0,0.0,0.0,0.0,43.31265179772697,optimal
2021-02-12 01:30:00,10,5,1.1428571428571428,0.0,3.0,0.059,8.1585,6.0,4,19.296266421401654,,,4000.0,0.0,0.0,0.0,44.69433914592924,optimal
2021-02-12 02:00:00,10,5,1.1428571428571428,0.0,0.0,0.059,10.3635,6.0,4,19.41978359942986,,,4000.0,0.0,0.0,0.0,44.649644806783314,optimal
2021-02-12 02:30:00,10,5,1.1428571428571428,0.0,0.0,0.059,10.8045,6.0,4,19.543124733880596,,,4000.0,0.0,0.0,0.0,44.60499516197653,optimal
2021-02-12 03:00:00,10,5,1.1428571428571428,0.0,0.0,0.059,11.025,6.0,4,19.667788291397805,,,4000.0,0.0,0.0,0.0,44.56039016681456,optimal
2021-02-12 03:30:00,10,5,1.1428571428571428,0.0,0.0,0.059,10.3635,6.0,4,19.79376437266077,,,4000.0,0.0,0.0,0.0,44.51582977664774,optimal
2021-02-12 04:00:00,10,5,1.1428571428571428,0.0,0.0,0.059,10.8045,6.0,4,19.924037450106095,,,4000.0,0.0,0.0,0.0,44.47131394687109,optimal
2021-02-12 04:30:00,10,5,1.1428571428571428,0.0,2.2146038945704194,0.059,10.059,6.0,4,20.05857535751981,,,4000.0,0.0,0.0,0.0,45.47877948284516,optimal
2021-02-12 05:00:00,10,5,1.1428571428571428,0.0,0.0,0.059,10.584,6.0,4,20.197346169475995,,,4000.0,0.0,0.0,0.0,45.43330070336232,optimal
2021-02-12 05:30:00,10,5,1.1428571428571428,0.0,3.0,0.059,9.4185,6.0,4,20.340318199534305,,,4000.0,0.0,0.0,0.0,46.812867402658945,optimal
2021-02-12 06:00:00,10,5,1.1428571428571428,0.0,0.0,0.059,10.3635,6.0,4,20.48820857286436,,,4000.0,0.0,0.0,0.0,46.76605453525628,optimal
2021-02-12 06:30:00,10,5,1.1428571428571428,0.0,3.0,0.059,9.8385,6.0,4,20.64098047200686,,,4000.0,0.0,0.0,0.0,48.144288480721016,optimal
2021-02-12 07:00:00,10,5,1.1428571428571428,0.0,0.0,0.059,11.067,6.0,4,20.793357334214924,,,4000.0,0.0,0.0,0.0,48.096144192240295,optimal
2021-02-12 07:30:00,10,5,1.1428571428571428,0.5418518518518518,0.0,0.06826666666666667,10.8465,6.0,4,20.945342116633967,,,4000.0,0.0,0.0,487.6666666666667,48.048048048048045,optimal
2021-02-12 08:00:00,10,5,0.0,0.5418518518518518,0.0,0.09166666666666669,13.671,6.0,4,21.117355306140123,,,0.0,0.0,0.0,487.6666666666667,48.0,optimal
2021-02-12 08:30:00,10,5,1.1428571428571428,0.0,0.0,0.11033333333333331,12.348,6.0,4,20.984669585686106,,,4000.0,0.0,0.0,0.0,47.639507830421316,optimal
2021-02-12 09:00:00,10,5,0.0,0.0,0.0,0.059,14.3325,6.0,4,21.120163396079526,,,0.0,0.0,0.0,0.0,47.279376153012215,optimal
2021-02-12 09:30:00,10,5,0.0,0.0,0.0,0.059,15.393,6.0,4,20.9348090739766,,,0.0,0.0,0.0,0.0,46.91960460728052,optimal
2021-02-12 10:00:00,10,5,0.0,0.0,0.0,0.059,13.587,6.0,4,20.76731090399742,,,0.0,0.0,0.0,0.0,46.560192833094554,optimal
2021-02-12 10:30:00,10,5,0.0,0.0,0.0,0.059,16.1385,6.0,4,20.61753522719533,,,0.0,0.0,0.0,0.0,46.20114047068278,optimal
2021-02-12 11:00:00,10,5,0.0,0.0,0.0,0.059,14.595,6.0,4,20.47187503044077,,,0.0,0.0,0.0,0.0,45.84244716063341,optimal
2021-02-12 11:30:00,10,5,0.0,0.0,0.0,0.059,14.637,6.0,4,20.330299512744144,,,0.0,0.0,0.0,0.0,45.4841125438941,optimal
2021-02-12 12:00:00,10,5,0.0,0.0,0.0,0.059,13.9125,6.0,4,20.1901580803553,,,0.0,0.0,0.0,0.0,45.12613626177152,optimal
2021-02-12 12:30:00,10,5,0.32759511514838924,0.0,0.0,0.059,13.3665,6.0,4,20.05144000047521,,,1146.5829030193624,0.0,0.0,0.0,44.76851795593107,optimal
2021-02-12 13:00:00,10,5,1.0487122561026276,0.0,0.0,0.059,13.0095,6.0,4,20.0,,,3670.492896359197,0.0,0.0,0.0,44.411257268396454,optimal
2021-02-12 13:30:00,10,5,0.0,0.0,0.0,0.06833333333333333,13.8915,6.0,4,20.13833010909807,,,0.0,0.0,0.0,0.0,44.05435384154938,optimal
2021-02-12 14:00:00,10,5,0.5266647603754908,0.0,0.0,0.069,13.188,6.0,4,20.0,,,1843.326661314218,0.0,0.0,0.0,43.69780731812914,optimal
2021-02-12 14:30:00,10,5,0.5295207345679842,0.0,0.0,0.069,12.5685,6.0,4,20.0,,,1853.3225709879446,0.0,0.0,0.0,43.34161734123233,optimal
2021-02-12 15:00:00,10,5,0.5323767199044647,0.0,0.0,0.069,12.285,6.0,4,20.0,,,1863.3185196656264,0.0,0.0,0.0,42.98578355431241,optimal
2021-02-12 15:30:00,10,5,0.7219319874913128,0.0,0.0,0.2409,11.487,6.0,4,20.0,,,2526.761956219595,0.0,0.0,0.0,42.630305601179415,optimal
2021-02-12 16:00:00,10,5,0.0,0.0774074074074074,0.0,0.4796,11.802,6.0,4,20.093137016210605,,,0.0,0.0,0.0,69.66666666666666,42.275183125999554,optimal
2021-02-12 16:30:00,10,5,0.6822236890754111,0.0,0.0,1.3169666666666666,11.2245,6.0,4,20.0,,,2387.782911763939,0.0,0.0,0.0,41.92041577329487,optimal
2021-02-12 17:00:00,10,5,1.1428571428571428,0.23222222222222222,0.0,2.4827,11.025,6.0,4,20.09100414877405,,,4000.0,0.0,0.0,209.0,41.56600318794289,optimal
2021-02-12 17:30:00,10,5,0.0,0.23222222222222222,0.0,0.4315333333333334,11.907,6.0,4,20.309898597182933,,,0.0,0.0,0.0,209.0,41.21194501517626,optimal
2021-02-12 18:00:00,10,5,0.0,0.3096296296296296,0.0,0.9159333333333332,25.83,6.0,4,20.211975827496147,,,0.0,0.0,0.0,278.66666666666663,40.8582409005824,optimal
2021-02-12 18:30:00,10,5,0.0,0.0,0.0,0.7278,28.035,6.0,4,20.141039648054736,,,0.0,0.0,0.0,0.0,40.504890490103136,optimal
2021-02-12 19:00:00,10,5,0.0,0.0,0.0,0.3581333333333333,28.119,6.0,4,20.098693695053598,,,0.0,0.0,0.0,0.0,40.15189343003435,optimal
2021-02-12 19:30:00,10,5,0.0,0.23222222222222222,0.0,0.3434,30.156,6.0,4,20.06911278167463,,,0.0,0.0,0.0,209.0,39.79924936702563,optimal
2021-02-12 20:00:00,10,5,0.0,0.3096296296296296,0.0,1.9782333333333328,29.1585,6.0,4,20.032134996467594,,,0.0,0.0,0.0,278.66666666666663,39.44695794807992,optimal
2021-02-12 20:30:00,10,5,0.0,0.0,0.0,2.725333333333333,26.712,6.0,4,20.0,,,0.0,0.0,0.0,0.0,39.09501882055316,optimal
2021-02-12 21:00:00,10,5,0.0,0.0,0.0,0.9,15.435,6.0,4,19.968122492744733,,,0.0,0.0,0.0,0.0,38.74343163215392,optimal
2021-02-12 21:30:00,10,5,0.0,0.0,0.0,2.1151,13.566,6.0,4,19.917055110167446,,,0.0,0.0,0.0,0.0,38.39219603094308,optimal
2021-02-12 22:00:00,10,5,0.0,1.7432148148148148,0.0,3.1618666666666666,12.789,6.0,4,19.88415626838346,,,0.0,0.0,0.0,1568.8933333333334,38.04131166533346,optimal
2021-02-12 22:30:00,10,5,0.0,0.2693777777777779,0.0,0.45253333333333334,12.1275,6.0,4,19.84194483211492,,,0.0,0.0,0.0,242.44000000000014,38.00327035366813,optimal
2021-02-12 23:00:00,10,5,0.0,0.0,0.0,0.48303333333333337,13.671,6.0,4,19.764816039271288,,,0.0,0.0,0.0,0.0,37.96526708331446,optimal
2021-02-12 23:30:00,10,5,0.0,0.0,0.0,0.069,10.668,6.0,4,19.685880675845635,,,0.0,0.0,0.0,0.0,37.92730181623114,optimal
2021-02-13 00:00:00,10,5,1.1428571428571428,0.0,3.0,1.2035,9.4815,6.0,-4,19.685880675845635,,,4000.0,0.0,0.0,0.0,39.31437451441491,optimal
2021-02-13 00:30:00,10,5,1.1428571428571428,0.23222222222222222,3.0,1.6602333333333332,8.379,6.0,-4,19.872168685178714,,,4000.0,0.0,0.0,209.0,40.70006013990049,optimal
2021-02-13 01:00:00,10,5,1.1428571428571428,0.23222222222222222,1.8222236119777186,0.901,9.5235,6.0,-4,20.078466046752343,,,4000.0,0.0,0.0,209.0,41.52491629545001,optimal
2021-02-13 01:30:00,10,5,1.1428571428571428,0.0,3.0,1.1764333333333334,8.1375,6.0,-4,20.279875463070745,,,4000.0,0.0,0.0,0.0,42.90839137915456,optimal
2021-02-13 02:00:00,10,5,0.0,0.0,0.0,0.8178,10.0905,6.0,-4,20.485298274869734,,,0.0,0.0,0.0,0.0,42.8654829877754,optimal
2021-02-13 02:30:00,10,5,1.1428571428571428,0.0,3.0,0.6628,7.539,6.0,-4,20.38427939719265,,,4000.0,0.0,0.0,0.0,44.24761750478761,optimal
2021-02-13 03:00:00,10,5,1.1428571428571428,0.1548148148148148,3.0,0.211,7.938,6.0,-4,20.585644910382754,,,4000.0,0.0,0.0,139.33333333333331,45.628369887282815,optimal
2021-02-13 03:30:00,10,5,1.1428571428571428,0.0,3.0,0.9318666666666668,8.274,6.0,-4,20.776239897487077,,,4000.0,0.0,0.0,0.0,47.00774151739553,optimal
2021-02-13 04:00:00,10,5,1.1428571428571428,0.0,3.0,0.21603333333333333,9.261,6.0,-4,20.98767501281601,,,4000.0,0.0,0.0,0.0,48.38573377587813,optimal
2021-02-13 04:30:00,10,5,1.1428571428571428,0.0,0.0,0.08886666666666666,9.9225,6.0,-4,21.15346588624306,,,4000.0,0.0,0.0,0.0,48.33734804210225,optimal
2021-02-13 05:00:00,10,5,1.1428571428571428,0.0,0.0,0.059,9.702,6.0,-4,21.30774385058163,,,4000.0,0.0,0.0,0.0,48.289010694060146,optimal
2021-02-13 05:30:00,10,5,1.0301690135070423,0.0,0.0,0.24986666666666668,10.584,6.0,-4,21.457881698026604,,,3605.591547274648,0.0,0.0,0.0,48.240721683366075,optimal
2021-02-13 06:00:00,10,5,1.1428571428571428,0.0,0.0,0.5861666666666666,10.143,6.0,-4,21.59090422541387,,,4000.0,0.0,0.0,0.0,48.192480961682705,optimal
2021-02-13 06:30:00,10,5,0.0,1.006296296296296,0.0,1.03,13.0095,6.0,-4,21.746838688693746,,,0.0,0.0,0.0,905.6666666666665,48.144288480721016,optimal
2021-02-13 07:00:00,10,5,0.0,0.387037037037037,0.0,0.21406666666666663,11.025,6.0,-4,21.609520068504036,,,0.0,0.0,0.0,348.3333333333333,48.096144192240295,optimal
2021-02-13 07:30:00,10,5,0.0,0.387037037037037,0.0,0.24113333333333334,12.789,6.0,-4,21.47719860139737,,,0.0,0.0,0.0,348.3333333333333,48.048048048048045,optimal
2021-02-13 08:00:00,10,5,0.0,0.0,0.0,1.0207,12.1275,6.0,-4,21.364984240863798,,,0.0,0.0,0.0,0.0,48.0,optimal
2021-02-13 08:30:00,10,5,0.0,0.0,0.0,0.16326666666666667,12.1695,6.0,-4,21.239880811280663,,,0.0,0.0,0.0,0.0,47.82684235304567,optimal
2021-02-13 09:00:00,10,5,0.0,0.0,0.0,0.12383333333333331,12.306,6.0,-4,21.08283261458984,,,0.0,0.0,0.0,0.0,47.653857863738295,optimal
2021-02-13 09:30:00,10,5,0.0,0.0,0.0,0.2013,13.23,6.0,-4,20.92438124542175,,,0.0,0.0,0.0,0.0,47.48104635892023,optimal
2021-02-13 10:00:00,10,5,0.0,0.46444444444444444,0.0,0.8288,13.671,6.0,-4,20.774788768083003,,,0.0,0.0,0.0,418.0,47.308407665606985,optimal
2021-02-13 10:30:00,10,5,0.0,0.0,0.0,0.069,13.9335,6.0,-4,20.635259974292218,,,0.0,0.0,0.0,0.0,47.135941610987054,optimal
2021-02-13 11:00:00,10,5,0.0,0.0,0.0,0.15719999999999998,13.293,6.0,-4,20.480169822885014,,,0.0,0.0,0.0,0.0,46.96364802242174,optimal
2021-02-13 11:30:00,10,5,0.0,0.0,0.0,0.1567333333333333,12.1065,6.0,-4,20.333220060003207,,,0.0,0.0,0.0,0.0,46.79152672744499,optimal
2021-02-13 12:00:00,10,5,1.1428571428571428,0.0,0.0,0.09886666666666666,11.571,6.0,-4,20.187709664886146,,,4000.0,0.0,0.0,0.0,46.619577553763214,optimal
2021-02-13 12:30:00,10,5,1.1428571428571428,0.1548148148148148,0.0,0.7428333333333333,11.025,6.0,-4,20.338881582712617,,,4000.0,0.0,0.0,139.33333333333331,46.447800329255124,optimal
2021-02-13 13:00:00,10,5,1.1428571428571428,0.46444444444444444,0.0,1.4634333333333334,10.8465,6.0,-4,20.512778403715075,,,4000.0,0.0,0.0,418.0,46.27619488197154,optimal
2021-02-13 13:30:00,10,5,1.1428571428571428,0.0,0.0,0.069,11.2455,6.0,-4,20.711838617790395,,,4000.0,0.0,0.0,0.0,46.104761040135244,optimal
2021-02-13 14:00:00,10,5,0.0,0.0,0.0,0.2412,23.8665,6.0,-4,20.859096108006668,,,0.0,0.0,0.0,0.0,45.93349863214078,optimal
2021-02-13 14:30:00,10,5,0.0,0.0,0.0,0.1026,27.4575,6.0,-4,20.719343268834805,,,0.0,0.0,0.0,0.0,45.76240748655432,optimal
2021-02-13 15:00:00,10,5,0.0,0.0,0.0,0.21973333333333328,27.3735,6.0,-4,20.571005671154104,,,0.0,0.0,0.0,0.0,45.59148743211343,optimal
2021-02-13 15:30:00,10,5,0.0,0.0,0.0,0.12406666666666666,30.4605,6.0,-4,20.43329894971332,,,0.0,0.0,0.0,0.0,45.42073829772699,optimal
2021-02-13 16:00:00,10,5,0.0,0.0,0.0,0.20053333333333334,30.0195,6.0,-4,20.288710198824063,,,0.0,0.0,0.0,0.0,45.250159912474935,optimal
2021-02-13 16:30:00,10,5,0.0,0.0,0.0,0.42019999999999996,26.9325,6.0,-4,20.163137300168327,,,0.0,0.0,0.0,0.0,45.07975210560813,optimal
2021-02-13 17:00:00,10,5,0.0,0.6192592592592592,0.0,1.2935999999999999,14.595,6.0,-4,20.064001300690542,,,0.0,0.0,0.0,557.3333333333333,44.909514706548194,optimal
2021-02-13 17:30:00,10,5,0.1750393761209397,0.0774074074074074,0.0,1.2622,12.4845,6.0,-4,20.0,,,612.6378164232889,0.0,0.0,69.66666666666666,44.73944754488732,optimal
2021-02-13 18:00:00,10,5,0.145344882123766,0.0,0.0,1.1165666666666667,12.1275,6.0,-4,20.0,,,508.707087433181,0.0,0.0,0.0,44.56955045038811,optimal
2021-02-13 18:30:00,10,5,0.23719743804407384,0.3096296296296296,0.0,1.8634666666666666,12.1275,6.0,-4,20.0,,,830.1910331542584,0.0,0.0,278.66666666666663,44.39982325298339,optimal
2021-02-13 19:00:00,10,5,0.0,0.0,0.0,1.7695666666666665,12.789,6.0,-4,20.03817888751659,,,0.0,0.0,0.0,0.0,44.23026578277608,optimal
2021-02-13 19:30:00,10,5,0.12419587812781971,0.5418518518518518,0.0,1.4077666666666668,11.907,6.0,-4,20.0,,,434.685573447369,0.0,0.0,487.6666666666667,44.06087787003897,optimal
2021-02-13 20:00:00,10,5,0.26460804279651673,0.0,0.0,1.9740666666666664,11.025,6.0,-4,20.0,,,926.1281497878085,0.0,0.0,0.0,43.891659345214606,optimal
2021-02-13 20:30:00,10,5,0.0,0.0,0.0,0.45189999999999997,8.2005,6.0,-4,20.0,,,0.0,0.0,0.0,0.0,43.722610038915064,optimal
2021-02-13 21:00:00,10,5,0.0,0.0,0.0,1.7746333333333335,9.5655,6.0,-4,19.907280466492907,,,0.0,0.0,0.0,0.0,43.67888742887615,optimal
2021-02-13 21:30:00,10,5,0.0,0.3096296296296296,0.0,0.9712000000000001,7.056,6.0,-4,19.87185541326563,,,0.0,0.0,0.0,278.66666666666663,43.63520854144728,optimal
2021-02-13 22:00:00,10,5,0.0,2.012592592592592,0.0,1.5731333333333335,9.3975,6.0,-4,19.814796925773486,,,0.0,0.0,0.0,1811.333333333333,43.59157333290583,optimal
2021-02-13 22:30:00,10,5,0.0,0.23222222222222222,0.0,1.204766666666667,10.059,6.0,-4,19.769983054597592,,,0.0,0.0,0.0,209.0,43.54798175957293,optimal
2021-02-13 23:00:00,10,5,0.0,0.1548148148148148,0.0,2.3796666666666666,9.261,6.0,-4,19.71757958992454,,,0.0,0.0,0.0,139.33333333333331,43.504433777813354,optimal
2021-02-13 23:30:00,10,5,0.0,3.173703703703704,0.0,0.9217000000000001,8.1585,6.0,-4,19.66771054916314,,,0.0,0.0,0.0,2856.3333333333335,43.46092934403554,optimal
